=== ㉘稼ぎ口比率(24h・周回シェア=各tickシェアの周回平均) ===
balanced(S6 早回し転生型) 4つすべて≥10%: 17/31周回 合格
  run 0 対象 設備34% 金12% 討伐5% タップ49% → (a)NG ②改OK
  run 1 対象 設備38% 金21% 討伐5% タップ35% → (a)NG ②改OK
  run 2 対象 設備36% 金25% 討伐10% タップ30% → (a)NG ②改OK
  run 3 対象 設備34% 金40% 討伐6% タップ19% → (a)NG ②改OK
  run 4 対象 設備26% 金49% 討伐9% タップ16% → (a)NG ②改OK
  run 5 対象 設備32% 金43% 討伐11% タップ15% → (a)OK ②改OK
  run 6 対象 設備37% 金42% 討伐10% タップ11% → (a)OK ②改OK
  run 7 対象 設備32% 金40% 討伐11% タップ17% → (a)OK ②改OK
  run 8 対象 設備33% 金43% 討伐10% タップ14% → (a)NG ②改OK
  run 9 対象 設備29% 金47% 討伐9% タップ14% → (a)NG ②改OK
  run10 対象 設備32% 金44% 討伐10% タップ14% → (a)OK ②改OK
  run11 対象 設備32% 金45% 討伐10% タップ13% → (a)NG ②改OK
  run12 対象 設備35% 金39% 討伐11% タップ15% → (a)OK ②改OK
  run13 対象 設備30% 金38% 討伐12% タップ21% → (a)OK ②改OK
  run14 対象 設備32% 金32% 討伐14% タップ23% → (a)OK ②改OK
  run15 対象 設備32% 金29% 討伐15% タップ24% → (a)OK ②改OK
  run16 対象 設備33% 金30% 討伐15% タップ23% → (a)OK ②改OK
  run17 対象 設備31% 金33% 討伐14% タップ22% → (a)OK ②改OK
  run18 対象 設備30% 金37% 討伐14% タップ19% → (a)OK ②改OK
  run19 対象 設備26% 金42% 討伐15% タップ17% → (a)OK ②改OK
  run20 対象 設備27% 金40% 討伐17% タップ16% → (a)OK ②改OK
  run21 対象 設備26% 金34% 討伐24% タップ15% → (a)OK ②改OK
  run22 対象 設備25% 金33% 討伐29% タップ13% → (a)OK ②改OK
  run23 対象 設備22% 金35% 討伐31% タップ12% → (a)OK ②改OK
  run24 対象 設備22% 金34% 討伐33% タップ11% → (a)OK ②改OK
  run25 対象 設備17% 金32% 討伐42% タップ9% → (a)NG ②改OK
  run26 対象 設備16% 金32% 討伐44% タップ8% → (a)NG ②改OK
  run27 対象 設備14% 金29% 討伐49% タップ8% → (a)NG ②改OK
  run28 対象 設備8% 金41% 討伐44% タップ6% → (a)NG ②改OK
  run29 対象 設備8% 金37% 討伐49% タップ6% → (a)NG ②改OK
  run30 対象 設備9% 金35% 討伐50% タップ6% → (a)NG ②改OK
click(S2 クリック会心型) 主役=タップ≥30%: 14/25周回 合格
  run 0 対象 設備21% 金7% 討伐3% タップ68% → (a)OK ②改NG
  run 1 対象 設備26% 金19% 討伐4% タップ51% → (a)OK ②改OK
  run 2 対象 設備34% 金26% 討伐4% タップ36% → (a)OK ②改OK
  run 3 対象 設備29% 金37% 討伐3% タップ30% → (a)OK ②改OK
  run 4 対象 設備16% 金48% 討伐9% タップ27% → (a)NG ②改OK
  run 5 対象 設備22% 金38% 討伐11% タップ28% → (a)NG ②改OK
  run 6 対象 設備28% 金39% 討伐11% タップ23% → (a)NG ②改OK
  run 7 対象 設備26% 金26% 討伐13% タップ35% → (a)OK ②改OK
  run 8 対象 設備31% 金26% 討伐12% タップ31% → (a)OK ②改OK
  run 9 対象 設備25% 金34% 討伐11% タップ30% → (a)NG ②改OK
  run10 対象 設備27% 金32% 討伐12% タップ29% → (a)NG ②改OK
  run11 対象 設備31% 金29% 討伐12% タップ29% → (a)NG ②改OK
  run12 対象 設備30% 金29% 討伐12% タップ29% → (a)NG ②改OK
  run13 対象 設備25% 金23% 討伐13% タップ39% → (a)OK ②改OK
  run14 対象 設備26% 金19% 討伐14% タップ41% → (a)OK ②改OK
  run15 対象 設備31% 金20% 討伐13% タップ36% → (a)OK ②改OK
  run16 対象 設備31% 金17% 討伐14% タップ38% → (a)OK ②改OK
  run17 対象 設備30% 金19% 討伐14% タップ36% → (a)OK ②改OK
  run18 対象 設備29% 金22% 討伐14% タップ35% → (a)OK ②改OK
  run19 対象 設備29% 金22% 討伐14% タップ35% → (a)OK ②改OK
  run20 対象 設備30% 金22% 討伐14% タップ34% → (a)OK ②改OK
  run21 対象 設備30% 金36% 討伐14% タップ20% → (a)NG ②改OK
  run22 対象 設備32% 金27% 討伐19% タップ23% → (a)NG ②改OK
  run23 対象 設備28% 金33% 討伐17% タップ22% → (a)NG ②改OK
  run24 対象 設備29% 金26% 討伐22% タップ23% → (a)NG ②改OK
golden(S3 金クッキー特化型) 主役=金クッキー≥30%: 37/44周回 合格
  run 0 対象外 設備34% 金10% 討伐4% タップ52%
  run 1 対象外 設備35% 金30% 討伐4% タップ31%
  run 2 対象外 設備23% 金39% 討伐9% タップ29%
  run 3 対象 設備16% 金57% 討伐6% タップ20% → (a)OK ②改NG
  run 4 対象 設備13% 金58% 討伐9% タップ20% → (a)OK ②改NG
  run 5 対象 設備17% 金58% 討伐8% タップ17% → (a)OK ②改NG
  run 6 対象 設備63% 金20% 討伐0% タップ17% → (a)NG ②改OK
  run 7 対象 設備20% 金54% 討伐9% タップ17% → (a)OK ②改NG
  run 8 対象 設備20% 金58% 討伐8% タップ14% → (a)OK ②改NG
  run 9 対象 設備18% 金60% 討伐8% タップ14% → (a)OK ②改NG
  run10 対象 設備21% 金57% 討伐9% タップ14% → (a)OK ②改NG
  run11 対象 設備25% 金51% 討伐10% タップ14% → (a)OK ②改OK
  run12 対象 設備25% 金50% 討伐11% タップ15% → (a)OK ②改OK
  run13 対象 設備23% 金39% 討伐13% タップ24% → (a)OK ②改OK
  run14 対象 設備25% 金33% 討伐15% タップ27% → (a)OK ②改OK
  run15 対象 設備28% 金26% 討伐17% タップ28% → (a)NG ②改OK
  run16 対象 設備29% 金27% 討伐17% タップ27% → (a)NG ②改OK
  run17 対象 設備29% 金28% 討伐18% タップ26% → (a)NG ②改OK
  run18 対象 設備25% 金35% 討伐17% タップ23% → (a)OK ②改OK
  run19 対象 設備26% 金33% 討伐17% タップ24% → (a)OK ②改OK
  run20 対象 設備27% 金32% 討伐19% タップ23% → (a)OK ②改OK
  run21 対象 設備24% 金40% 討伐17% タップ18% → (a)OK ②改OK
  run22 対象 設備31% 金25% 討伐26% タップ18% → (a)NG ②改OK
  run23 対象 設備29% 金29% 討伐25% タップ17% → (a)NG ②改OK
  run24 対象 設備30% 金26% 討伐27% タップ17% → (a)NG ②改OK
  run25 対象 設備27% 金31% 討伐28% タップ14% → (a)OK ②改OK
  run26 対象 設備26% 金31% 討伐30% タップ14% → (a)OK ②改OK
  run27 対象 設備20% 金55% 討伐13% タップ12% → (a)OK ②改NG
  run28 対象 設備14% 金67% 討伐8% タップ10% → (a)OK ②改NG
  run29 対象 設備17% 金63% 討伐10% タップ10% → (a)OK ②改NG
  run30 対象 設備16% 金64% 討伐10% タップ10% → (a)OK ②改NG
  run31 対象 設備15% 金66% 討伐9% タップ10% → (a)OK ②改NG
  run32 対象 設備8% 金48% 討伐5% タップ38% → (a)OK ②改OK
  run33 対象 設備8% 金32% 討伐5% タップ55% → (a)OK ②改OK
  run34 対象 設備8% 金37% 討伐5% タップ50% → (a)OK ②改OK
  run35 対象 設備8% 金40% 討伐4% タップ48% → (a)OK ②改OK
  run36 対象 設備7% 金37% 討伐4% タップ52% → (a)OK ②改OK
  run37 対象 設備7% 金41% 討伐4% タップ48% → (a)OK ②改OK
  run38 対象 設備7% 金40% 討伐4% タップ49% → (a)OK ②改OK
  run39 対象 設備8% 金37% 討伐4% タップ51% → (a)OK ②改OK
  run40 対象 設備7% 金37% 討伐4% タップ51% → (a)OK ②改OK
  run41 対象 設備7% 金35% 討伐4% タップ54% → (a)OK ②改OK
  run42 対象 設備7% 金42% 討伐4% タップ48% → (a)OK ②改OK
  run43 対象 設備7% 金38% 討伐4% タップ51% → (a)OK ②改OK
  run44 対象 設備7% 金37% 討伐4% タップ52% → (a)OK ②改OK
  run45 対象 設備8% 金35% 討伐10% タップ48% → (a)OK ②改OK
  run46 対象 設備7% 金34% 討伐16% タップ43% → (a)OK ②改OK
hunt(S4 狩猟特化型) 主役=討伐由来≥30%: 32/43周回 合格
  run 0 対象外 設備34% 金14% 討伐3% タップ49%
  run 1 対象外 設備38% 金31% 討伐3% タップ29%
  run 2 対象外 設備9% 金29% 討伐32% タップ30%
  run 3 対象外 設備32% 金52% 討伐4% タップ13%
  run 4 対象 設備7% 金47% 討伐31% タップ15% → (a)OK ②改OK
  run 5 対象 設備29% 金39% 討伐19% タップ12% → (a)NG ②改OK
  run 6 対象 設備60% 金25% 討伐1% タップ14% → (a)NG ②改OK
  run 7 対象 設備14% 金41% 討伐33% タップ13% → (a)OK ②改OK
  run 8 対象 設備12% 金44% 討伐35% タップ9% → (a)OK ②改OK
  run 9 対象 設備18% 金46% 討伐24% タップ12% → (a)NG ②改OK
  run10 対象 設備10% 金50% 討伐30% タップ10% → (a)NG ②改OK
  run11 対象 設備12% 金46% 討伐35% タップ7% → (a)OK ②改OK
  run12 対象 設備10% 金53% 討伐29% タップ8% → (a)NG ②改OK
  run13 対象 設備11% 金44% 討伐36% タップ9% → (a)OK ②改OK
  run14 対象 設備10% 金47% 討伐32% タップ11% → (a)OK ②改OK
  run15 対象 設備12% 金42% 討伐34% タップ12% → (a)OK ②改OK
  run16 対象 設備27% 金33% 討伐24% タップ16% → (a)NG ②改OK
  run17 対象 設備13% 金44% 討伐32% タップ11% → (a)OK ②改OK
  run18 対象 設備11% 金50% 討伐29% タップ10% → (a)NG ②改OK
  run19 対象 設備11% 金49% 討伐30% タップ9% → (a)OK ②改OK
  run20 対象 設備23% 金37% 討伐26% タップ13% → (a)NG ②改OK
  run21 対象 設備12% 金48% 討伐30% タップ9% → (a)NG ②改OK
  run22 対象 設備14% 金45% 討伐33% タップ8% → (a)OK ②改OK
  run23 対象 設備14% 金41% 討伐37% タップ8% → (a)OK ②改OK
  run24 対象 設備13% 金40% 討伐39% タップ8% → (a)OK ②改OK
  run25 対象 設備12% 金37% 討伐45% タップ7% → (a)OK ②改OK
  run26 対象 設備11% 金34% 討伐50% タップ6% → (a)OK ②改OK
  run27 対象 設備23% 金21% 討伐47% タップ10% → (a)OK ②改OK
  run28 対象 設備15% 金20% 討伐58% タップ7% → (a)OK ②改NG
  run29 対象 設備19% 金17% 討伐55% タップ9% → (a)OK ②改NG
  run30 対象 設備18% 金17% 討伐57% タップ8% → (a)OK ②改NG
  run31 対象 設備16% 金16% 討伐60% タップ8% → (a)OK ②改NG
  run32 対象 設備16% 金18% 討伐59% タップ8% → (a)OK ②改NG
  run33 対象 設備4% 金17% 討伐58% タップ21% → (a)OK ②改NG
  run34 対象 設備5% 金15% 討伐33% タップ47% → (a)OK ②改OK
  run35 対象 設備4% 金15% 討伐50% タップ31% → (a)OK ②改OK
  run36 対象 設備4% 金19% 討伐50% タップ27% → (a)OK ②改OK
  run37 対象 設備4% 金15% 討伐52% タップ29% → (a)OK ②改OK
  run38 対象 設備4% 金17% 討伐47% タップ32% → (a)OK ②改OK
  run39 対象 設備5% 金12% 討伐31% タップ51% → (a)OK ②改OK
  run40 対象 設備5% 金16% 討伐31% タップ48% → (a)OK ②改OK
  run41 対象 設備5% 金14% 討伐49% タップ32% → (a)OK ②改OK
  run42 対象 設備5% 金11% 討伐36% タップ47% → (a)OK ②改OK
  run43 対象 設備6% 金10% 討伐29% タップ56% → (a)NG ②改OK
  run44 対象 設備5% 金17% 討伐22% タップ56% → (a)NG ②改OK
  run45 対象 設備6% 金10% 討伐35% タップ49% → (a)OK ②改OK
  run46 対象 設備4% 金14% 討伐54% タップ28% → (a)OK ②改NG
bake(S1 バランス効率型) 主役=設備生産≥30%: 25/33周回 合格
  run 0 対象 設備34% 金12% 討伐4% タップ50% → (a)OK ②改OK
  run 1 対象 設備42% 金22% 討伐4% タップ33% → (a)OK ②改OK
  run 2 対象 設備35% 金28% 討伐9% タップ28% → (a)OK ②改OK
  run 3 対象 設備35% 金41% 討伐5% タップ18% → (a)OK ②改OK
  run 4 対象 設備22% 金50% 討伐10% タップ18% → (a)NG ②改OK
  run 5 対象 設備39% 金36% 討伐9% タップ16% → (a)OK ②改OK
  run 6 対象 設備73% 金12% 討伐0% タップ14% → (a)OK ②改NG
  run 7 対象 設備45% 金27% 討伐10% タップ18% → (a)OK ②改OK
  run 8 対象 設備44% 金34% 討伐8% タップ14% → (a)OK ②改OK
  run 9 対象 設備44% 金34% 討伐8% タップ14% → (a)OK ②改OK
  run10 対象 設備47% 金31% 討伐9% タップ13% → (a)OK ②改OK
  run11 対象 設備51% 金30% 討伐8% タップ12% → (a)OK ②改OK
  run12 対象 設備50% 金28% 討伐8% タップ13% → (a)OK ②改OK
  run13 対象 設備50% 金25% 討伐9% タップ16% → (a)OK ②改OK
  run14 対象 設備49% 金22% 討伐10% タップ19% → (a)OK ②改OK
  run15 対象 設備50% 金22% 討伐11% タップ18% → (a)OK ②改OK
  run16 対象 設備55% 金18% 討伐11% タップ17% → (a)OK ②改NG
  run17 対象 設備53% 金20% 討伐11% タップ16% → (a)OK ②改NG
  run18 対象 設備50% 金25% 討伐11% タップ14% → (a)OK ②改OK
  run19 対象 設備50% 金25% 討伐11% タップ14% → (a)OK ②改OK
  run20 対象 設備52% 金24% 討伐11% タップ13% → (a)OK ②改NG
  run21 対象 設備38% 金39% 討伐12% タップ11% → (a)OK ②改OK
  run22 対象 設備39% 金36% 討伐15% タップ9% → (a)OK ②改OK
  run23 対象 設備45% 金25% 討伐21% タップ10% → (a)OK ②改OK
  run24 対象 設備43% 金24% 討伐24% タップ9% → (a)OK ②改OK
  run25 対象 設備26% 金37% 討伐30% タップ6% → (a)NG ②改OK
  run26 対象 設備32% 金25% 討伐37% タップ7% → (a)OK ②改OK
  run27 対象 設備20% 金37% 討伐36% タップ7% → (a)NG ②改OK
  run28 対象 設備20% 金38% 討伐36% タップ6% → (a)NG ②改OK
  run29 対象 設備15% 金40% 討伐39% タップ6% → (a)NG ②改OK
  run30 対象 設備20% 金35% 討伐39% タップ6% → (a)NG ②改OK
  run31 対象 設備20% 金40% 討伐34% タップ6% → (a)NG ②改OK
  run32 対象 設備14% 金35% 討伐47% タップ5% → (a)NG ②改OK
㉘合計: 125/176周回
②(改・ジャンル一強禁止 得意ジャンルlift≤±1.5倍) 合計: 121/145周回
