=== ㉘稼ぎ口比率(24h・周回シェア=各tickシェアの周回平均) ===
balanced(S6 早回し転生型) 4つすべて≥10%: 5/18周回 合格
  run 0 対象 設備41% 金13% 討伐6% タップ40% → (a)NG ②改OK
  run 1 対象 設備47% 金24% 討伐5% タップ25% → (a)NG ②改OK
  run 2 対象 設備43% 金34% 討伐6% タップ18% → (a)NG ②改OK
  run 3 対象 設備36% 金47% 討伐4% タップ14% → (a)NG ②改OK
  run 4 対象 設備23% 金58% 討伐8% タップ12% → (a)NG ②改OK
  run 5 対象 設備30% 金50% 討伐10% タップ11% → (a)NG ②改OK
  run 6 対象 設備32% 金50% 討伐9% タップ9% → (a)NG ②改OK
  run 7 対象 設備30% 金48% 討伐10% タップ13% → (a)NG ②改OK
  run 8 対象 設備29% 金50% 討伐9% タップ12% → (a)NG ②改OK
  run 9 対象 設備27% 金53% 討伐9% タップ11% → (a)NG ②改OK
  run10 対象 設備28% 金52% 討伐9% タップ12% → (a)NG ②改OK
  run11 対象 設備28% 金51% 討伐9% タップ11% → (a)NG ②改OK
  run12 対象 設備29% 金49% 討伐10% タップ12% → (a)NG ②改OK
  run13 対象 設備26% 金46% 討伐11% タップ18% → (a)OK ②改OK
  run14 対象 設備28% 金40% 討伐12% タップ20% → (a)OK ②改OK
  run15 対象 設備29% 金38% 討伐13% タップ20% → (a)OK ②改OK
  run16 対象 設備28% 金37% 討伐14% タップ21% → (a)OK ②改OK
  run17 対象 設備26% 金41% 討伐13% タップ20% → (a)OK ②改OK
click(S2 クリック会心型) 主役=タップ≥30%: 5/15周回 合格
  run 0 対象 設備26% 金9% 討伐4% タップ62% → (a)OK ②改NG
  run 1 対象 設備31% 金21% 討伐4% タップ44% → (a)OK ②改OK
  run 2 対象 設備35% 金29% 討伐4% タップ33% → (a)OK ②改OK
  run 3 対象 設備30% 金39% 討伐3% タップ28% → (a)NG ②改OK
  run 4 対象 設備23% 金50% 討伐5% タップ23% → (a)NG ②改OK
  run 5 対象 設備23% 金42% 討伐11% タップ24% → (a)NG ②改OK
  run 6 対象 設備28% 金43% 討伐10% タップ19% → (a)NG ②改OK
  run 7 対象 設備28% 金31% 討伐12% タップ29% → (a)NG ②改OK
  run 8 対象 設備30% 金32% 討伐12% タップ27% → (a)NG ②改OK
  run 9 対象 設備28% 金34% 討伐11% タップ27% → (a)NG ②改OK
  run10 対象 設備29% 金33% 討伐12% タップ27% → (a)NG ②改OK
  run11 対象 設備28% 金37% 討伐11% タップ24% → (a)NG ②改OK
  run12 対象 設備28% 金37% 討伐11% タップ25% → (a)NG ②改OK
  run13 対象 設備25% 金31% 討伐12% タップ32% → (a)OK ②改OK
  run14 対象 設備26% 金24% 討伐14% タップ37% → (a)OK ②改OK
golden(S3 金クッキー特化型) 主役=金クッキー≥30%: 29/31周回 合格
  run 0 対象外 設備43% 金13% 討伐5% タップ39%
  run 1 対象外 設備50% 金28% 討伐3% タップ19%
  run 2 対象外 設備32% 金51% 討伐4% タップ13%
  run 3 対象 設備32% 金54% 討伐3% タップ11% → (a)OK ②改NG
  run 4 対象 設備12% 金66% 討伐8% タップ14% → (a)OK ②改NG
  run 5 対象 設備16% 金63% 討伐8% タップ13% → (a)OK ②改NG
  run 6 対象 設備64% 金20% 討伐0% タップ16% → (a)NG ②改OK
  run 7 対象 設備19% 金59% 討伐9% タップ13% → (a)OK ②改NG
  run 8 対象 設備55% 金21% 討伐0% タップ23% → (a)NG ②改OK
  run 9 対象 設備17% 金65% 討伐8% タップ11% → (a)OK ②改NG
  run10 対象 設備19% 金60% 討伐9% タップ11% → (a)OK ②改NG
  run11 対象 設備20% 金59% 討伐10% タップ11% → (a)OK ②改NG
  run12 対象 設備20% 金57% 討伐11% タップ13% → (a)OK ②改NG
  run13 対象 設備19% 金47% 討伐13% タップ21% → (a)OK ②改OK
  run14 対象 設備20% 金43% 討伐14% タップ22% → (a)OK ②改OK
  run15 対象 設備21% 金40% 討伐16% タップ23% → (a)OK ②改OK
  run16 対象 設備24% 金33% 討伐19% タップ24% → (a)OK ②改OK
  run17 対象 設備22% 金38% 討伐18% タップ22% → (a)OK ②改OK
  run18 対象 設備20% 金44% 討伐16% タップ20% → (a)OK ②改OK
  run19 対象 設備19% 金47% 討伐16% タップ18% → (a)OK ②改OK
  run20 対象 設備23% 金39% 討伐20% タップ19% → (a)OK ②改OK
  run21 対象 設備24% 金35% 討伐23% タップ18% → (a)OK ②改OK
  run22 対象 設備25% 金36% 討伐24% タップ15% → (a)OK ②改OK
  run23 対象 設備26% 金33% 討伐26% タップ15% → (a)OK ②改OK
  run24 対象 設備24% 金34% 討伐27% タップ14% → (a)OK ②改OK
  run25 対象 設備20% 金39% 討伐29% タップ11% → (a)OK ②改OK
  run26 対象 設備19% 金43% 討伐27% タップ11% → (a)OK ②改OK
  run27 対象 設備20% 金54% 討伐14% タップ13% → (a)OK ②改NG
  run28 対象 設備13% 金70% 討伐8% タップ9% → (a)OK ②改NG
  run29 対象 設備12% 金73% 討伐7% タップ9% → (a)OK ②改NG
  run30 対象 設備12% 金73% 討伐7% タップ9% → (a)OK ②改NG
  run31 対象 設備14% 金68% 討伐9% タップ9% → (a)OK ②改NG
  run32 対象 設備13% 金68% 討伐8% タップ10% → (a)OK ②改NG
  run33 対象 設備7% 金46% 討伐4% タップ43% → (a)OK ②改OK
hunt(S4 狩猟特化型) 主役=討伐由来≥30%: 18/30周回 合格
  run 0 対象外 設備44% 金17% 討伐3% タップ36%
  run 1 対象外 設備45% 金34% 討伐2% タップ19%
  run 2 対象外 設備7% 金38% 討伐35% タップ20%
  run 3 対象外 設備28% 金58% 討伐4% タップ9%
  run 4 対象 設備4% 金50% 討伐34% タップ12% → (a)OK ②改OK
  run 5 対象 設備39% 金43% 討伐3% タップ15% → (a)NG ②改OK
  run 6 対象 設備49% 金38% 討伐6% タップ7% → (a)NG ②改OK
  run 7 対象 設備9% 金48% 討伐35% タップ8% → (a)OK ②改OK
  run 8 対象 設備10% 金44% 討伐39% タップ6% → (a)OK ②改OK
  run 9 対象 設備8% 金58% 討伐28% タップ6% → (a)NG ②改OK
  run10 対象 設備9% 金53% 討伐31% タップ6% → (a)OK ②改OK
  run11 対象 設備9% 金57% 討伐29% タップ5% → (a)NG ②改OK
  run12 対象 設備11% 金55% 討伐29% タップ6% → (a)NG ②改OK
  run13 対象 設備8% 金57% 討伐29% タップ6% → (a)NG ②改OK
  run14 対象 設備7% 金60% 討伐27% タップ6% → (a)NG ②改OK
  run15 対象 設備10% 金51% 討伐32% タップ7% → (a)OK ②改OK
  run16 対象 設備33% 金10% 討伐41% タップ16% → (a)OK ②改OK
  run17 対象 設備7% 金64% 討伐24% タップ6% → (a)NG ②改OK
  run18 対象 設備9% 金59% 討伐26% タップ6% → (a)NG ②改OK
  run19 対象 設備9% 金59% 討伐25% タップ7% → (a)NG ②改OK
  run20 対象 設備23% 金37% 討伐28% タップ12% → (a)NG ②改OK
  run21 対象 設備6% 金60% 討伐27% タップ7% → (a)NG ②改OK
  run22 対象 設備12% 金49% 討伐32% タップ7% → (a)OK ②改OK
  run23 対象 設備8% 金50% 討伐36% タップ6% → (a)OK ②改OK
  run24 対象 設備10% 金48% 討伐36% タップ6% → (a)OK ②改OK
  run25 対象 設備8% 金45% 討伐42% タップ5% → (a)OK ②改OK
  run26 対象 設備8% 金40% 討伐47% タップ5% → (a)OK ②改OK
  run27 対象 設備23% 金27% 討伐40% タップ9% → (a)OK ②改OK
  run28 対象 設備9% 金30% 討伐56% タップ5% → (a)OK ②改NG
  run29 対象 設備16% 金26% 討伐51% タップ7% → (a)OK ②改OK
  run30 対象 設備15% 金25% 討伐54% タップ7% → (a)OK ②改NG
  run31 対象 設備14% 金24% 討伐55% タップ7% → (a)OK ②改NG
  run32 対象 設備16% 金25% 討伐52% タップ7% → (a)OK ②改NG
  run33 対象 設備3% 金24% 討伐64% タップ9% → (a)OK ②改NG
bake(S1 バランス効率型) 主役=設備生産≥30%: 18/19周回 合格
  run 0 対象 設備39% 金13% 討伐5% タップ43% → (a)OK ②改OK
  run 1 対象 設備50% 金23% 討伐3% タップ23% → (a)OK ②改OK
  run 2 対象 設備49% 金31% 討伐4% タップ16% → (a)OK ②改OK
  run 3 対象 設備42% 金42% 討伐3% タップ12% → (a)OK ②改OK
  run 4 対象 設備23% 金55% 討伐8% タップ13% → (a)NG ②改OK
  run 5 対象 設備37% 金42% 討伐9% タップ12% → (a)OK ②改OK
  run 6 対象 設備76% 金12% 討伐0% タップ12% → (a)OK ②改NG
  run 7 対象 設備42% 金33% 討伐9% タップ15% → (a)OK ②改OK
  run 8 対象 設備40% 金40% 討伐8% タップ12% → (a)OK ②改OK
  run 9 対象 設備40% 金41% 討伐8% タップ12% → (a)OK ②改OK
  run10 対象 設備41% 金39% 討伐8% タップ12% → (a)OK ②改OK
  run11 対象 設備45% 金37% 討伐8% タップ11% → (a)OK ②改OK
  run12 対象 設備44% 金36% 討伐8% タップ12% → (a)OK ②改OK
  run13 対象 設備43% 金33% 討伐9% タップ16% → (a)OK ②改OK
  run14 対象 設備42% 金30% 討伐10% タップ17% → (a)OK ②改OK
  run15 対象 設備44% 金29% 討伐11% タップ17% → (a)OK ②改OK
  run16 対象 設備48% 金25% 討伐10% タップ16% → (a)OK ②改OK
  run17 対象 設備44% 金31% 討伐10% タップ15% → (a)OK ②改OK
  run18 対象 設備45% 金31% 討伐10% タップ13% → (a)OK ②改OK
㉘合計: 75/113周回
②(改・ジャンル一強禁止 得意ジャンルlift≤±1.5倍) 合計: 74/95周回
