=== ㉘稼ぎ口比率(100h・周回シェア=各tickシェアの周回平均) ===
balanced(S6 早回し転生型) 4つすべて≥10%: 38/49周回 合格
  run 0 対象 設備14% 金52% 討伐12% タップ22% → (a)OK ②改OK
  run 1 対象 設備17% 金43% 討伐14% タップ26% → (a)OK ②改OK
  run 2 対象 設備13% 金15% 討伐22% タップ50% → (a)OK ②改OK
  run 3 対象 設備11% 金33% 討伐17% タップ39% → (a)OK ②改OK
  run 4 対象 設備11% 金37% 討伐20% タップ32% → (a)OK ②改OK
  run 5 対象 設備11% 金36% 討伐20% タップ33% → (a)OK ②改OK
  run 6 対象 設備16% 金21% 討伐23% タップ40% → (a)OK ②改OK
  run 7 対象 設備17% 金22% 討伐23% タップ38% → (a)OK ②改OK
  run 8 対象 設備17% 金22% 討伐22% タップ39% → (a)OK ②改OK
  run 9 対象 設備15% 金33% 討伐19% タップ32% → (a)OK ②改OK
  run10 対象 設備16% 金36% 討伐19% タップ29% → (a)OK ②改OK
  run11 対象 設備15% 金39% 討伐21% タップ26% → (a)OK ②改OK
  run12 対象 設備17% 金39% 討伐21% タップ24% → (a)OK ②改OK
  run13 対象 設備17% 金39% 討伐20% タップ24% → (a)OK ②改OK
  run14 対象 設備20% 金38% 討伐20% タップ23% → (a)OK ②改OK
  run15 対象 設備19% 金39% 討伐21% タップ20% → (a)OK ②改OK
  run16 対象 設備21% 金35% 討伐24% タップ20% → (a)OK ②改OK
  run17 対象 設備22% 金35% 討伐24% タップ20% → (a)OK ②改OK
  run18 対象 設備22% 金38% 討伐22% タップ18% → (a)OK ②改OK
  run19 対象 設備20% 金43% 討伐20% タップ16% → (a)OK ②改OK
  run20 対象 設備24% 金43% 討伐17% タップ17% → (a)OK ②改OK
  run21 対象 設備24% 金46% 討伐14% タップ15% → (a)OK ②改OK
  run22 対象 設備27% 金39% 討伐18% タップ17% → (a)OK ②改OK
  run23 対象 設備24% 金30% 討伐30% タップ16% → (a)OK ②改OK
  run24 対象 設備25% 金34% 討伐27% タップ15% → (a)OK ②改OK
  run25 対象 設備24% 金32% 討伐29% タップ15% → (a)OK ②改OK
  run26 対象 設備23% 金36% 討伐27% タップ14% → (a)OK ②改OK
  run27 対象 設備22% 金35% 討伐29% タップ14% → (a)OK ②改OK
  run28 対象 設備22% 金32% 討伐31% タップ15% → (a)OK ②改OK
  run29 対象 設備24% 金37% 討伐24% タップ15% → (a)OK ②改OK
  run30 対象 設備23% 金36% 討伐26% タップ15% → (a)OK ②改OK
  run31 対象 設備23% 金35% 討伐26% タップ15% → (a)OK ②改OK
  run32 対象 設備24% 金34% 討伐26% タップ16% → (a)OK ②改OK
  run33 対象 設備24% 金40% 討伐21% タップ15% → (a)OK ②改OK
  run34 対象 設備29% 金38% 討伐25% タップ9% → (a)NG ②改OK
  run35 対象 設備30% 金39% 討伐23% タップ8% → (a)NG ②改OK
  run36 対象 設備29% 金38% 討伐26% タップ7% → (a)NG ②改OK
  run37 対象 設備31% 金37% 討伐23% タップ10% → (a)NG ②改OK
  run38 対象 設備30% 金34% 討伐27% タップ9% → (a)NG ②改OK
  run39 対象 設備30% 金35% 討伐26% タップ8% → (a)NG ②改OK
  run40 対象 設備30% 金34% 討伐28% タップ8% → (a)NG ②改OK
  run41 対象 設備31% 金33% 討伐29% タップ7% → (a)NG ②改OK
  run42 対象 設備29% 金32% 討伐29% タップ10% → (a)OK ②改OK
  run43 対象 設備27% 金28% 討伐35% タップ10% → (a)OK ②改OK
  run44 対象 設備28% 金30% 討伐33% タップ9% → (a)NG ②改OK
  run45 対象 設備28% 金29% 討伐34% タップ9% → (a)NG ②改OK
  run46 対象 設備25% 金26% 討伐37% タップ12% → (a)OK ②改OK
  run47 対象 設備27% 金29% 討伐33% タップ10% → (a)OK ②改OK
  run48 対象 設備24% 金28% 討伐38% タップ9% → (a)NG ②改OK
click(S2 クリック会心型) 主役=タップ≥30%: 32/49周回 合格
  run 0 対象 設備9% 金37% 討伐15% タップ40% → (a)OK ②改OK
  run 1 対象 設備10% 金33% 討伐18% タップ40% → (a)OK ②改OK
  run 2 対象 設備4% 金10% 討伐23% タップ63% → (a)OK ②改NG
  run 3 対象 設備7% 金21% 討伐20% タップ53% → (a)OK ②改NG
  run 4 対象 設備16% 金20% 討伐22% タップ42% → (a)OK ②改OK
  run 5 対象 設備25% 金15% 討伐21% タップ39% → (a)OK ②改OK
  run 6 対象 設備30% 金12% 討伐21% タップ38% → (a)OK ②改OK
  run 7 対象 設備36% 金10% 討伐19% タップ36% → (a)OK ②改OK
  run 8 対象 設備34% 金19% 討伐17% タップ31% → (a)OK ②改OK
  run 9 対象 設備37% 金15% 討伐17% タップ30% → (a)OK ②改OK
  run10 対象 設備39% 金14% 討伐17% タップ30% → (a)NG ②改OK
  run11 対象 設備41% 金14% 討伐16% タップ28% → (a)NG ②改OK
  run12 対象 設備46% 金15% 討伐14% タップ25% → (a)NG ②改OK
  run13 対象 設備46% 金17% 討伐13% タップ25% → (a)NG ②改OK
  run14 対象 設備49% 金14% 討伐14% タップ24% → (a)NG ②改OK
  run15 対象 設備51% 金12% 討伐14% タップ22% → (a)NG ②改OK
  run16 対象 設備52% 金11% 討伐15% タップ22% → (a)NG ②改OK
  run17 対象 設備49% 金15% 討伐13% タップ23% → (a)NG ②改OK
  run18 対象 設備49% 金14% 討伐13% タップ24% → (a)NG ②改OK
  run19 対象 設備44% 金16% 討伐13% タップ26% → (a)NG ②改OK
  run20 対象 設備43% 金17% 討伐13% タップ27% → (a)NG ②改OK
  run21 対象 設備42% 金15% 討伐13% タップ30% → (a)NG ②改OK
  run22 対象 設備43% 金14% 討伐14% タップ29% → (a)NG ②改OK
  run23 対象 設備42% 金11% 討伐16% タップ30% → (a)OK ②改OK
  run24 対象 設備35% 金13% 討伐13% タップ39% → (a)OK ②改OK
  run25 対象 設備32% 金12% 討伐13% タップ43% → (a)OK ②改OK
  run26 対象 設備28% 金16% 討伐11% タップ45% → (a)OK ②改OK
  run27 対象 設備27% 金14% 討伐11% タップ48% → (a)OK ②改OK
  run28 対象 設備26% 金15% 討伐11% タップ49% → (a)OK ②改OK
  run29 対象 設備26% 金13% 討伐13% タップ48% → (a)OK ②改OK
  run30 対象 設備25% 金12% 討伐15% タップ49% → (a)OK ②改OK
  run31 対象 設備24% 金12% 討伐14% タップ49% → (a)OK ②改OK
  run32 対象 設備33% 金8% 討伐17% タップ43% → (a)OK ②改OK
  run33 対象 設備25% 金11% 討伐13% タップ50% → (a)OK ②改OK
  run34 対象 設備23% 金10% 討伐14% タップ53% → (a)OK ②改NG
  run35 対象 設備30% 金14% 討伐14% タップ41% → (a)OK ②改OK
  run36 対象 設備25% 金9% 討伐14% タップ52% → (a)OK ②改NG
  run37 対象 設備26% 金10% 討伐14% タップ50% → (a)OK ②改OK
  run38 対象 設備35% 金14% 討伐16% タップ36% → (a)OK ②改OK
  run39 対象 設備31% 金11% 討伐17% タップ42% → (a)OK ②改OK
  run40 対象 設備32% 金11% 討伐17% タップ41% → (a)OK ②改OK
  run41 対象 設備41% 金16% 討伐17% タップ25% → (a)NG ②改OK
  run42 対象 設備41% 金14% 討伐18% タップ26% → (a)NG ②改OK
  run43 対象 設備40% 金14% 討伐17% タップ28% → (a)NG ②改OK
  run44 対象 設備40% 金13% 討伐17% タップ30% → (a)NG ②改OK
  run45 対象 設備29% 金11% 討伐14% タップ46% → (a)OK ②改OK
  run46 対象 設備26% 金9% 討伐14% タップ52% → (a)OK ②改NG
  run47 対象 設備27% 金9% 討伐14% タップ49% → (a)OK ②改OK
  run48 対象 設備28% 金9% 討伐15% タップ49% → (a)OK ②改OK
golden(S3 金クッキー特化型) 主役=金クッキー≥30%: 41/43周回 合格
  run 0 対象外 設備25% 金39% 討伐14% タップ23%
  run 1 対象外 設備13% 金41% 討伐18% タップ28%
  run 2 対象外 設備11% 金54% 討伐14% タップ21%
  run 3 対象外 設備10% 金42% 討伐18% タップ31%
  run 4 対象 設備8% 金48% 討伐20% タップ24% → (a)OK ②改OK
  run 5 対象 設備12% 金34% 討伐24% タップ30% → (a)OK ②改OK
  run 6 対象 設備14% 金29% 討伐25% タップ31% → (a)NG ②改OK
  run 7 対象 設備13% 金21% 討伐28% タップ38% → (a)NG ②改OK
  run 8 対象 設備11% 金36% 討伐22% タップ32% → (a)OK ②改OK
  run 9 対象 設備11% 金40% 討伐21% タップ29% → (a)OK ②改OK
  run10 対象 設備13% 金39% 討伐20% タップ28% → (a)OK ②改OK
  run11 対象 設備15% 金37% 討伐21% タップ27% → (a)OK ②改OK
  run12 対象 設備15% 金39% 討伐20% タップ25% → (a)OK ②改OK
  run13 対象 設備17% 金37% 討伐21% タップ25% → (a)OK ②改OK
  run14 対象 設備19% 金33% 討伐24% タップ24% → (a)OK ②改OK
  run15 対象 設備19% 金34% 討伐24% タップ23% → (a)OK ②改OK
  run16 対象 設備21% 金34% 討伐24% タップ22% → (a)OK ②改OK
  run17 対象 設備20% 金41% 討伐20% タップ19% → (a)OK ②改OK
  run18 対象 設備20% 金45% 討伐18% タップ18% → (a)OK ②改OK
  run19 対象 設備20% 金44% 討伐19% タップ17% → (a)OK ②改OK
  run20 対象 設備22% 金46% 討伐17% タップ15% → (a)OK ②改OK
  run21 対象 設備23% 金39% 討伐23% タップ15% → (a)OK ②改OK
  run22 対象 設備23% 金34% 討伐29% タップ14% → (a)OK ②改OK
  run23 対象 設備22% 金32% 討伐32% タップ13% → (a)OK ②改OK
  run24 対象 設備23% 金33% 討伐32% タップ12% → (a)OK ②改OK
  run25 対象 設備21% 金41% 討伐30% タップ9% → (a)OK ②改OK
  run26 対象 設備20% 金39% 討伐32% タップ9% → (a)OK ②改OK
  run27 対象 設備30% 金55% 討伐3% タップ12% → (a)OK ②改NG
  run28 対象 設備31% 金53% 討伐3% タップ13% → (a)OK ②改NG
  run29 対象 設備32% 金52% 討伐3% タップ13% → (a)OK ②改NG
  run30 対象 設備32% 金52% 討伐3% タップ14% → (a)OK ②改OK
  run31 対象 設備31% 金52% 討伐3% タップ14% → (a)OK ②改NG
  run32 対象 設備35% 金52% 討伐3% タップ9% → (a)OK ②改NG
  run33 対象 設備39% 金51% 討伐2% タップ8% → (a)OK ②改OK
  run34 対象 設備39% 金50% 討伐2% タップ8% → (a)OK ②改OK
  run35 対象 設備39% 金49% 討伐3% タップ9% → (a)OK ②改OK
  run36 対象 設備39% 金51% 討伐2% タップ8% → (a)OK ②改OK
  run37 対象 設備42% 金48% 討伐2% タップ8% → (a)OK ②改OK
  run38 対象 設備41% 金48% 討伐2% タップ8% → (a)OK ②改OK
  run39 対象 設備43% 金47% 討伐2% タップ8% → (a)OK ②改OK
  run40 対象 設備43% 金47% 討伐2% タップ8% → (a)OK ②改OK
  run41 対象 設備40% 金49% 討伐3% タップ9% → (a)OK ②改OK
  run42 対象 設備45% 金46% 討伐2% タップ8% → (a)OK ②改OK
  run43 対象 設備45% 金45% 討伐2% タップ8% → (a)OK ②改OK
  run44 対象 設備44% 金46% 討伐2% タップ8% → (a)OK ②改OK
  run45 対象 設備34% 金44% 討伐12% タップ10% → (a)OK ②改OK
  run46 対象 設備32% 金42% 討伐16% タップ10% → (a)OK ②改OK
hunt(S4 狩猟特化型) 主役=討伐由来≥30%: 29/43周回 合格
  run 0 対象外 設備7% 金55% 討伐21% タップ17%
  run 1 対象外 設備4% 金47% 討伐29% タップ20%
  run 2 対象外 設備5% 金29% 討伐44% タップ22%
  run 3 対象外 設備4% 金45% 討伐33% タップ18%
  run 4 対象外 設備3% 金50% 討伐37% タップ10%
  run 5 対象 設備6% 金51% 討伐34% タップ9% → (a)OK ②改OK
  run 6 対象 設備6% 金46% 討伐37% タップ11% → (a)OK ②改OK
  run 7 対象 設備6% 金46% 討伐36% タップ12% → (a)OK ②改OK
  run 8 対象 設備6% 金44% 討伐36% タップ14% → (a)OK ②改OK
  run 9 対象 設備6% 金55% 討伐28% タップ11% → (a)NG ②改OK
  run10 対象 設備7% 金53% 討伐31% タップ10% → (a)OK ②改OK
  run11 対象 設備8% 金52% 討伐30% タップ11% → (a)NG ②改OK
  run12 対象 設備9% 金52% 討伐28% タップ11% → (a)NG ②改OK
  run13 対象 設備10% 金53% 討伐28% タップ8% → (a)NG ②改OK
  run14 対象 設備12% 金51% 討伐27% タップ10% → (a)NG ②改OK
  run15 対象 設備13% 金49% 討伐26% タップ11% → (a)NG ②改OK
  run16 対象 設備14% 金50% 討伐25% タップ11% → (a)NG ②改OK
  run17 対象 設備15% 金49% 討伐25% タップ11% → (a)NG ②改OK
  run18 対象 設備16% 金51% 討伐24% タップ9% → (a)NG ②改OK
  run19 対象 設備17% 金54% 討伐20% タップ9% → (a)NG ②改OK
  run20 対象 設備18% 金51% 討伐20% タップ11% → (a)NG ②改OK
  run21 対象 設備20% 金49% 討伐20% タップ11% → (a)NG ②改OK
  run22 対象 設備20% 金43% 討伐27% タップ11% → (a)NG ②改OK
  run23 対象 設備17% 金35% 討伐39% タップ10% → (a)OK ②改OK
  run24 対象 設備15% 金30% 討伐47% タップ8% → (a)OK ②改OK
  run25 対象 設備13% 金26% 討伐52% タップ8% → (a)OK ②改NG
  run26 対象 設備13% 金29% 討伐51% タップ7% → (a)OK ②改OK
  run27 対象 設備12% 金27% 討伐54% タップ7% → (a)OK ②改NG
  run28 対象 設備13% 金18% 討伐63% タップ6% → (a)OK ②改NG
  run29 対象 設備12% 金17% 討伐65% タップ6% → (a)OK ②改NG
  run30 対象 設備12% 金16% 討伐66% タップ6% → (a)OK ②改NG
  run31 対象 設備11% 金16% 討伐66% タップ6% → (a)OK ②改NG
  run32 対象 設備11% 金16% 討伐67% タップ6% → (a)OK ②改NG
  run33 対象 設備11% 金15% 討伐67% タップ6% → (a)OK ②改NG
  run34 対象 設備9% 金14% 討伐67% タップ10% → (a)OK ②改NG
  run35 対象 設備9% 金15% 討伐68% タップ9% → (a)OK ②改NG
  run36 対象 設備9% 金14% 討伐66% タップ11% → (a)OK ②改NG
  run37 対象 設備9% 金13% 討伐66% タップ13% → (a)OK ②改NG
  run38 対象 設備9% 金17% 討伐65% タップ8% → (a)OK ②改NG
  run39 対象 設備9% 金15% 討伐66% タップ10% → (a)OK ②改NG
  run40 対象 設備8% 金12% 討伐52% タップ28% → (a)OK ②改NG
  run41 対象 設備8% 金10% 討伐56% タップ27% → (a)OK ②改NG
  run42 対象 設備8% 金11% 討伐67% タップ13% → (a)OK ②改NG
  run43 対象 設備8% 金12% 討伐63% タップ17% → (a)OK ②改NG
  run44 対象 設備8% 金10% 討伐62% タップ19% → (a)OK ②改NG
  run45 対象 設備8% 金11% 討伐59% タップ22% → (a)OK ②改NG
  run46 対象 設備8% 金11% 討伐64% タップ17% → (a)OK ②改NG
  run47 対象 設備12% 金25% 討伐30% タップ33% → (a)NG ②改OK
bake(S1 バランス効率型) 主役=設備生産≥30%: 37/47周回 合格
  run 0 対象 設備14% 金53% 討伐12% タップ22% → (a)NG ②改OK
  run 1 対象 設備16% 金43% 討伐15% タップ27% → (a)NG ②改OK
  run 2 対象 設備14% 金17% 討伐22% タップ47% → (a)NG ②改OK
  run 3 対象 設備12% 金39% 討伐16% タップ34% → (a)NG ②改OK
  run 4 対象 設備11% 金43% 討伐18% タップ28% → (a)NG ②改OK
  run 5 対象 設備23% 金28% 討伐19% タップ30% → (a)NG ②改OK
  run 6 対象 設備28% 金23% 討伐19% タップ30% → (a)NG ②改OK
  run 7 対象 設備28% 金18% 討伐20% タップ34% → (a)NG ②改OK
  run 8 対象 設備26% 金31% 討伐16% タップ27% → (a)NG ②改OK
  run 9 対象 設備29% 金32% 討伐15% タップ24% → (a)NG ②改OK
  run10 対象 設備30% 金33% 討伐15% タップ23% → (a)OK ②改OK
  run11 対象 設備34% 金29% 討伐15% タップ22% → (a)OK ②改OK
  run12 対象 設備36% 金28% 討伐15% タップ21% → (a)OK ②改OK
  run13 対象 設備37% 金30% 討伐14% タップ19% → (a)OK ②改OK
  run14 対象 設備40% 金26% 討伐15% タップ19% → (a)OK ②改OK
  run15 対象 設備42% 金26% 討伐15% タップ17% → (a)OK ②改OK
  run16 対象 設備41% 金27% 討伐15% タップ17% → (a)OK ②改OK
  run17 対象 設備43% 金27% 討伐15% タップ16% → (a)OK ②改OK
  run18 対象 設備43% 金30% 討伐13% タップ14% → (a)OK ②改OK
  run19 対象 設備44% 金31% 討伐11% タップ14% → (a)OK ②改OK
  run20 対象 設備46% 金31% 討伐11% タップ12% → (a)OK ②改OK
  run21 対象 設備46% 金28% 討伐15% タップ11% → (a)OK ②改OK
  run22 対象 設備45% 金23% 討伐22% タップ11% → (a)OK ②改OK
  run23 対象 設備44% 金21% 討伐26% タップ10% → (a)OK ②改OK
  run24 対象 設備44% 金19% 討伐27% タップ10% → (a)OK ②改OK
  run25 対象 設備41% 金23% 討伐27% タップ9% → (a)OK ②改OK
  run26 対象 設備41% 金22% 討伐28% タップ9% → (a)OK ②改OK
  run27 対象 設備44% 金26% 討伐21% タップ9% → (a)OK ②改OK
  run28 対象 設備46% 金28% 討伐16% タップ10% → (a)OK ②改OK
  run29 対象 設備45% 金27% 討伐19% タップ10% → (a)OK ②改OK
  run30 対象 設備45% 金26% 討伐19% タップ10% → (a)OK ②改OK
  run31 対象 設備43% 金22% 討伐25% タップ10% → (a)OK ②改OK
  run32 対象 設備42% 金22% 討伐26% タップ10% → (a)OK ②改OK
  run33 対象 設備45% 金21% 討伐25% タップ10% → (a)OK ②改OK
  run34 対象 設備44% 金21% 討伐26% タップ9% → (a)OK ②改OK
  run35 対象 設備44% 金20% 討伐26% タップ9% → (a)OK ②改OK
  run36 対象 設備43% 金17% 討伐28% タップ11% → (a)OK ②改OK
  run37 対象 設備45% 金18% 討伐27% タップ9% → (a)OK ②改OK
  run38 対象 設備45% 金18% 討伐29% タップ8% → (a)OK ②改OK
  run39 対象 設備45% 金18% 討伐29% タップ8% → (a)OK ②改OK
  run40 対象 設備46% 金18% 討伐27% タップ9% → (a)OK ②改OK
  run41 対象 設備45% 金18% 討伐27% タップ11% → (a)OK ②改OK
  run42 対象 設備40% 金16% 討伐32% タップ12% → (a)OK ②改OK
  run43 対象 設備40% 金16% 討伐32% タップ12% → (a)OK ②改OK
  run44 対象 設備40% 金15% 討伐33% タップ12% → (a)OK ②改OK
  run45 対象 設備41% 金16% 討伐33% タップ11% → (a)OK ②改OK
  run46 対象 設備41% 金15% 討伐32% タップ11% → (a)OK ②改OK
㉘合計: 177/231周回
②(改・ジャンル一強禁止 得意ジャンルlift≤±1.5倍) 合計: 151/182周回
