=== ㉘稼ぎ口比率(24h・周回シェア=各tickシェアの周回平均) ===
balanced(S6 早回し転生型) 4つすべて≥10%: 0/32周回 合格
  run 0 対象 設備34% 金12% 討伐5% タップ49% → (a)NG ②改OK
  run 1 対象 設備38% 金21% 討伐5% タップ35% → (a)NG ②改OK
  run 2 対象 設備36% 金25% 討伐10% タップ30% → (a)NG ②改OK
  run 3 対象 設備34% 金40% 討伐6% タップ19% → (a)NG ②改OK
  run 4 対象 設備26% 金49% 討伐9% タップ16% → (a)NG ②改OK
  run 5 対象 設備43% 金33% 討伐10% タップ15% → (a)NG ②改OK
  run 6 対象 設備50% 金31% 討伐8% タップ10% → (a)NG ②改OK
  run 7 対象 設備51% 金26% 討伐9% タップ14% → (a)NG ②改OK
  run 8 対象 設備51% 金29% 討伐8% タップ12% → (a)NG ②改OK
  run 9 対象 設備47% 金34% 討伐7% タップ12% → (a)NG ②改OK
  run10 対象 設備51% 金30% 討伐8% タップ12% → (a)NG ②改OK
  run11 対象 設備54% 金30% 討伐7% タップ9% → (a)NG ②改OK
  run12 対象 設備51% 金31% 討伐7% タップ11% → (a)NG ②改OK
  run13 対象 設備55% 金23% 討伐7% タップ14% → (a)NG ②改OK
  run14 対象 設備53% 金22% 討伐9% タップ16% → (a)NG ②改OK
  run15 対象 設備57% 金20% 討伐9% タップ14% → (a)NG ②改OK
  run16 対象 設備59% 金18% 討伐9% タップ14% → (a)NG ②改OK
  run17 対象 設備58% 金21% 討伐8% タップ13% → (a)NG ②改OK
  run18 対象 設備54% 金27% 討伐8% タップ12% → (a)NG ②改OK
  run19 対象 設備53% 金27% 討伐8% タップ12% → (a)NG ②改OK
  run20 対象 設備53% 金29% 討伐8% タップ10% → (a)NG ②改OK
  run21 対象 設備41% 金38% 討伐11% タップ9% → (a)NG ②改OK
  run22 対象 設備40% 金37% 討伐16% タップ8% → (a)NG ②改OK
  run23 対象 設備45% 金26% 討伐22% タップ7% → (a)NG ②改OK
  run24 対象 設備39% 金26% 討伐28% タップ7% → (a)NG ②改OK
  run25 対象 設備32% 金22% 討伐40% タップ6% → (a)NG ②改OK
  run26 対象 設備30% 金22% 討伐43% タップ5% → (a)NG ②改OK
  run27 対象 設備28% 金21% 討伐46% タップ5% → (a)NG ②改OK
  run28 対象 設備16% 金30% 討伐49% タップ5% → (a)NG ②改OK
  run29 対象 設備16% 金26% 討伐54% タップ4% → (a)NG ②改OK
  run30 対象 設備17% 金23% 討伐55% タップ5% → (a)NG ②改OK
  run31 対象 設備16% 金26% 討伐55% タップ4% → (a)NG ②改OK
click(S2 クリック会心型) 主役=タップ≥30%: 5/25周回 合格
  run 0 対象 設備21% 金7% 討伐3% タップ68% → (a)OK ②改NG
  run 1 対象 設備26% 金19% 討伐4% タップ51% → (a)OK ②改OK
  run 2 対象 設備34% 金26% 討伐4% タップ36% → (a)OK ②改OK
  run 3 対象 設備29% 金37% 討伐3% タップ30% → (a)OK ②改OK
  run 4 対象 設備16% 金48% 討伐9% タップ27% → (a)NG ②改OK
  run 5 対象 設備31% 金31% 討伐11% タップ28% → (a)NG ②改OK
  run 6 対象 設備43% 金26% 討伐10% タップ22% → (a)NG ②改OK
  run 7 対象 設備39% 金19% 討伐11% タップ31% → (a)OK ②改OK
  run 8 対象 設備46% 金18% 討伐10% タップ26% → (a)NG ②改OK
  run 9 対象 設備37% 金28% 討伐9% タップ25% → (a)NG ②改OK
  run10 対象 設備41% 金25% 討伐9% タップ24% → (a)NG ②改OK
  run11 対象 設備50% 金19% 討伐9% タップ22% → (a)NG ②改OK
  run12 対象 設備45% 金25% 討伐9% タップ21% → (a)NG ②改OK
  run13 対象 設備45% 金21% 討伐8% タップ25% → (a)NG ②改OK
  run14 対象 設備45% 金18% 討伐10% タップ28% → (a)NG ②改OK
  run15 対象 設備50% 金17% 討伐9% タップ25% → (a)NG ②改OK
  run16 対象 設備52% 金15% 討伐9% タップ24% → (a)NG ②改OK
  run17 対象 設備55% 金12% 討伐9% タップ24% → (a)NG ②改OK
  run18 対象 設備51% 金18% 討伐9% タップ22% → (a)NG ②改OK
  run19 対象 設備53% 金15% 討伐9% タップ23% → (a)NG ②改OK
  run20 対象 設備49% 金21% 討伐8% タップ22% → (a)NG ②改OK
  run21 対象 設備54% 金19% 討伐12% タップ15% → (a)NG ②改OK
  run22 対象 設備52% 金20% 討伐14% タップ14% → (a)NG ②改OK
  run23 対象 設備42% 金31% 討伐15% タップ12% → (a)NG ②改OK
  run24 対象 設備44% 金19% 討伐25% タップ12% → (a)NG ②改OK
golden(S3 金クッキー特化型) 主役=金クッキー≥30%: 30/44周回 合格
  run 0 対象外 設備34% 金10% 討伐4% タップ52%
  run 1 対象外 設備35% 金30% 討伐4% タップ31%
  run 2 対象外 設備23% 金39% 討伐9% タップ29%
  run 3 対象 設備16% 金57% 討伐6% タップ20% → (a)OK ②改NG
  run 4 対象 設備12% 金60% 討伐8% タップ19% → (a)OK ②改NG
  run 5 対象 設備19% 金54% 討伐9% タップ18% → (a)OK ②改NG
  run 6 対象 設備23% 金55% 討伐8% タップ14% → (a)OK ②改NG
  run 7 対象 設備29% 金48% 討伐9% タップ14% → (a)OK ②改OK
  run 8 対象 設備30% 金47% 討伐9% タップ14% → (a)OK ②改OK
  run 9 対象 設備32% 金46% 討伐9% タップ13% → (a)OK ②改OK
  run10 対象 設備35% 金44% 討伐9% タップ12% → (a)OK ②改OK
  run11 対象 設備41% 金38% 討伐9% タップ11% → (a)OK ②改OK
  run12 対象 設備45% 金34% 討伐10% タップ12% → (a)OK ②改OK
  run13 対象 設備45% 金28% 討伐10% タップ17% → (a)NG ②改OK
  run14 対象 設備45% 金25% 討伐11% タップ19% → (a)NG ②改OK
  run15 対象 設備51% 金20% 討伐12% タップ18% → (a)NG ②改OK
  run16 対象 設備53% 金18% 討伐12% タップ17% → (a)NG ②改OK
  run17 対象 設備53% 金19% 討伐12% タップ16% → (a)NG ②改OK
  run18 対象 設備49% 金25% 討伐11% タップ15% → (a)NG ②改OK
  run19 対象 設備46% 金29% 討伐11% タップ14% → (a)NG ②改OK
  run20 対象 設備47% 金27% 討伐12% タップ14% → (a)NG ②改OK
  run21 対象 設備46% 金28% 討伐13% タップ12% → (a)NG ②改OK
  run22 対象 設備53% 金19% 討伐17% タップ11% → (a)NG ②改OK
  run23 対象 設備44% 金30% 討伐16% タップ10% → (a)NG ②改OK
  run24 対象 設備40% 金32% 討伐19% タップ9% → (a)OK ②改OK
  run25 対象 設備37% 金31% 討伐24% タップ8% → (a)OK ②改OK
  run26 対象 設備42% 金23% 討伐27% タップ8% → (a)NG ②改OK
  run27 対象 設備37% 金48% 討伐8% タップ7% → (a)OK ②改OK
  run28 対象 設備31% 金55% 討伐7% タップ8% → (a)OK ②改NG
  run29 対象 設備28% 金59% 討伐6% タップ7% → (a)OK ②改NG
  run30 対象 設備31% 金55% 討伐7% タップ7% → (a)OK ②改NG
  run31 対象 設備27% 金60% 討伐6% タップ7% → (a)OK ②改NG
  run32 対象 設備31% 金55% 討伐7% タップ7% → (a)OK ②改NG
  run33 対象 設備18% 金45% 討伐4% タップ33% → (a)OK ②改OK
  run34 対象 設備17% 金38% 討伐4% タップ40% → (a)OK ②改OK
  run35 対象 設備16% 金41% 討伐4% タップ40% → (a)OK ②改OK
  run36 対象 設備15% 金46% 討伐3% タップ35% → (a)OK ②改OK
  run37 対象 設備16% 金40% 討伐4% タップ41% → (a)OK ②改OK
  run38 対象 設備16% 金39% 討伐4% タップ41% → (a)OK ②改OK
  run39 対象 設備16% 金38% 討伐4% タップ42% → (a)OK ②改OK
  run40 対象 設備15% 金40% 討伐4% タップ41% → (a)OK ②改OK
  run41 対象 設備14% 金47% 討伐3% タップ36% → (a)OK ②改OK
  run42 対象 設備17% 金38% 討伐4% タップ42% → (a)OK ②改OK
  run43 対象 設備16% 金37% 討伐4% タップ44% → (a)OK ②改OK
  run44 対象 設備13% 金46% 討伐3% タップ38% → (a)OK ②改OK
  run45 対象 設備15% 金29% 討伐20% タップ35% → (a)NG ②改OK
  run46 対象 設備16% 金24% 討伐22% タップ39% → (a)NG ②改OK
hunt(S4 狩猟特化型) 主役=討伐由来≥30%: 28/43周回 合格
  run 0 対象外 設備34% 金14% 討伐3% タップ49%
  run 1 対象外 設備38% 金31% 討伐3% タップ29%
  run 2 対象外 設備9% 金26% 討伐36% タップ30%
  run 3 対象外 設備32% 金52% 討伐4% タップ13%
  run 4 対象 設備7% 金46% 討伐33% タップ14% → (a)OK ②改OK
  run 5 対象 設備10% 金40% 討伐38% タップ12% → (a)OK ②改OK
  run 6 対象 設備10% 金40% 討伐36% タップ14% → (a)OK ②改OK
  run 7 対象 設備15% 金35% 討伐41% タップ9% → (a)OK ②改OK
  run 8 対象 設備10% 金43% 討伐35% タップ12% → (a)OK ②改OK
  run 9 対象 設備14% 金43% 討伐35% タップ7% → (a)OK ②改OK
  run10 対象 設備13% 金45% 討伐33% タップ9% → (a)OK ②改OK
  run11 対象 設備14% 金54% 討伐26% タップ5% → (a)NG ②改OK
  run12 対象 設備14% 金50% 討伐29% タップ7% → (a)NG ②改OK
  run13 対象 設備14% 金53% 討伐26% タップ7% → (a)NG ②改OK
  run14 対象 設備17% 金42% 討伐29% タップ11% → (a)NG ②改OK
  run15 対象 設備21% 金43% 討伐26% タップ10% → (a)NG ②改OK
  run16 対象 設備22% 金42% 討伐26% タップ10% → (a)NG ②改OK
  run17 対象 設備20% 金46% 討伐25% タップ9% → (a)NG ②改OK
  run18 対象 設備19% 金51% 討伐21% タップ9% → (a)NG ②改OK
  run19 対象 設備22% 金47% 討伐22% タップ9% → (a)NG ②改OK
  run20 対象 設備21% 金50% 討伐21% タップ8% → (a)NG ②改OK
  run21 対象 設備23% 金46% 討伐24% タップ8% → (a)NG ②改OK
  run22 対象 設備28% 金40% 討伐25% タップ7% → (a)NG ②改OK
  run23 対象 設備25% 金41% 討伐28% タップ6% → (a)NG ②改OK
  run24 対象 設備24% 金40% 討伐31% タップ5% → (a)OK ②改OK
  run25 対象 設備19% 金42% 討伐34% タップ4% → (a)OK ②改OK
  run26 対象 設備18% 金42% 討伐36% タップ4% → (a)OK ②改OK
  run27 対象 設備39% 金18% 討伐38% タップ5% → (a)OK ②改OK
  run28 対象 設備27% 金15% 討伐53% タップ4% → (a)OK ②改NG
  run29 対象 設備34% 金13% 討伐48% タップ5% → (a)OK ②改OK
  run30 対象 設備32% 金12% 討伐51% タップ5% → (a)OK ②改OK
  run31 対象 設備27% 金12% 討伐56% タップ4% → (a)OK ②改NG
  run32 対象 設備27% 金14% 討伐55% タップ4% → (a)OK ②改NG
  run33 対象 設備9% 金17% 討伐61% タップ13% → (a)OK ②改NG
  run34 対象 設備14% 金14% 討伐35% タップ38% → (a)OK ②改OK
  run35 対象 設備10% 金14% 討伐51% タップ24% → (a)OK ②改OK
  run36 対象 設備9% 金16% 討伐58% タップ17% → (a)OK ②改NG
  run37 対象 設備11% 金14% 討伐51% タップ25% → (a)OK ②改OK
  run38 対象 設備10% 金13% 討伐52% タップ24% → (a)OK ②改NG
  run39 対象 設備14% 金12% 討伐31% タップ43% → (a)OK ②改OK
  run40 対象 設備13% 金11% 討伐38% タップ39% → (a)OK ②改OK
  run41 対象 設備12% 金10% 討伐48% タップ31% → (a)OK ②改OK
  run42 対象 設備13% 金11% 討伐35% タップ41% → (a)OK ②改OK
  run43 対象 設備15% 金9% 討伐27% タップ50% → (a)NG ②改OK
  run44 対象 設備14% 金9% 討伐29% タップ48% → (a)NG ②改OK
  run45 対象 設備14% 金9% 討伐31% タップ47% → (a)OK ②改OK
  run46 対象 設備12% 金18% 討伐52% タップ18% → (a)OK ②改NG
bake(S1 バランス効率型) 主役=設備生産≥30%: 24/35周回 合格
  run 0 対象 設備34% 金12% 討伐4% タップ50% → (a)OK ②改OK
  run 1 対象 設備42% 金22% 討伐4% タップ33% → (a)OK ②改OK
  run 2 対象 設備35% 金28% 討伐9% タップ28% → (a)OK ②改OK
  run 3 対象 設備35% 金41% 討伐5% タップ18% → (a)OK ②改OK
  run 4 対象 設備22% 金52% 討伐9% タップ17% → (a)NG ②改OK
  run 5 対象 設備41% 金33% 討伐10% タップ16% → (a)OK ②改OK
  run 6 対象 設備50% 金29% 討伐9% タップ12% → (a)OK ②改OK
  run 7 対象 設備51% 金27% 討伐9% タップ14% → (a)OK ②改OK
  run 8 対象 設備51% 金30% 討伐8% タップ12% → (a)OK ②改OK
  run 9 対象 設備46% 金35% 討伐7% タップ11% → (a)OK ②改OK
  run10 対象 設備51% 金30% 討伐8% タップ11% → (a)OK ②改OK
  run11 対象 設備54% 金31% 討伐7% タップ9% → (a)OK ②改NG
  run12 対象 設備51% 金31% 討伐7% タップ10% → (a)OK ②改OK
  run13 対象 設備52% 金28% 討伐7% タップ13% → (a)OK ②改NG
  run14 対象 設備54% 金22% 討伐9% タップ15% → (a)OK ②改NG
  run15 対象 設備56% 金21% 討伐9% タップ14% → (a)OK ②改NG
  run16 対象 設備60% 金18% 討伐9% タップ13% → (a)OK ②改NG
  run17 対象 設備59% 金20% 討伐9% タップ12% → (a)OK ②改NG
  run18 対象 設備55% 金24% 討伐8% タップ12% → (a)OK ②改NG
  run19 対象 設備54% 金26% 討伐8% タップ11% → (a)OK ②改NG
  run20 対象 設備56% 金25% 討伐9% タップ10% → (a)OK ②改NG
  run21 対象 設備53% 金23% 討伐14% タップ10% → (a)OK ②改NG
  run22 対象 設備47% 金25% 討伐20% タップ8% → (a)OK ②改OK
  run23 対象 設備43% 金25% 討伐25% タップ7% → (a)OK ②改OK
  run24 対象 設備32% 金32% 討伐29% タップ6% → (a)OK ②改OK
  run25 対象 設備23% 金33% 討伐39% タップ5% → (a)NG ②改OK
  run26 対象 設備29% 金21% 討伐44% タップ5% → (a)NG ②改OK
  run27 対象 設備27% 金24% 討伐43% タップ6% → (a)NG ②改OK
  run28 対象 設備22% 金27% 討伐46% タップ5% → (a)NG ②改OK
  run29 対象 設備21% 金27% 討伐46% タップ5% → (a)NG ②改OK
  run30 対象 設備19% 金26% 討伐50% タップ5% → (a)NG ②改OK
  run31 対象 設備21% 金29% 討伐45% タップ5% → (a)NG ②改OK
  run32 対象 設備14% 金26% 討伐55% タップ4% → (a)NG ②改OK
  run33 対象 設備14% 金16% 討伐51% タップ19% → (a)NG ②改OK
  run34 対象 設備11% 金20% 討伐53% タップ17% → (a)NG ②改OK
㉘合計: 87/179周回
②(改・ジャンル一強禁止 得意ジャンルlift≤±1.5倍) 合計: 120/147周回
