=== ㉘稼ぎ口比率(100h・周回シェア=各tickシェアの周回平均) ===
balanced(S6 早回し転生型) 4つすべて≥10%: 25/48周回 合格
  run 0 対象 設備41% 金13% 討伐6% タップ40% → (a)NG ②改OK
  run 1 対象 設備47% 金24% 討伐5% タップ25% → (a)NG ②改OK
  run 2 対象 設備43% 金34% 討伐6% タップ18% → (a)NG ②改OK
  run 3 対象 設備36% 金47% 討伐4% タップ14% → (a)NG ②改OK
  run 4 対象 設備23% 金58% 討伐8% タップ12% → (a)NG ②改OK
  run 5 対象 設備30% 金50% 討伐9% タップ11% → (a)NG ②改OK
  run 6 対象 設備33% 金49% 討伐9% タップ9% → (a)NG ②改OK
  run 7 対象 設備32% 金45% 討伐10% タップ13% → (a)NG ②改OK
  run 8 対象 設備31% 金49% 討伐9% タップ11% → (a)NG ②改OK
  run 9 対象 設備29% 金51% 討伐9% タップ11% → (a)NG ②改OK
  run10 対象 設備30% 金50% 討伐9% タップ12% → (a)NG ②改OK
  run11 対象 設備30% 金50% 討伐9% タップ11% → (a)NG ②改OK
  run12 対象 設備32% 金46% 討伐10% タップ12% → (a)NG ②改OK
  run13 対象 設備29% 金43% 討伐10% タップ18% → (a)OK ②改OK
  run14 対象 設備31% 金37% 討伐12% タップ20% → (a)OK ②改OK
  run15 対象 設備32% 金37% 討伐12% タップ19% → (a)OK ②改OK
  run16 対象 設備33% 金33% 討伐13% タップ21% → (a)OK ②改OK
  run17 対象 設備31% 金35% 討伐13% タップ21% → (a)OK ②改OK
  run18 対象 設備30% 金40% 討伐12% タップ18% → (a)OK ②改OK
  run19 対象 設備31% 金38% 討伐13% タップ18% → (a)OK ②改OK
  run20 対象 設備30% 金42% 討伐13% タップ15% → (a)OK ②改OK
  run21 対象 設備32% 金34% 討伐19% タップ14% → (a)OK ②改OK
  run22 対象 設備29% 金38% 討伐23% タップ10% → (a)OK ②改OK
  run23 対象 設備25% 金32% 討伐33% タップ10% → (a)NG ②改OK
  run24 対象 設備25% 金33% 討伐34% タップ9% → (a)NG ②改OK
  run25 対象 設備21% 金29% 討伐42% タップ7% → (a)NG ②改OK
  run26 対象 設備20% 金31% 討伐43% タップ6% → (a)NG ②改OK
  run27 対象 設備20% 金30% 討伐45% タップ5% → (a)NG ②改OK
  run28 対象 設備18% 金37% 討伐41% タップ5% → (a)NG ②改OK
  run29 対象 設備21% 金42% 討伐31% タップ6% → (a)NG ②改OK
  run30 対象 設備24% 金40% 討伐31% タップ5% → (a)NG ②改OK
  run31 対象 設備23% 金37% 討伐33% タップ8% → (a)NG ②改OK
  run32 対象 設備19% 金32% 討伐44% タップ5% → (a)NG ②改OK
  run33 対象 設備17% 金32% 討伐32% タップ19% → (a)OK ②改OK
  run34 対象 設備15% 金28% 討伐31% タップ26% → (a)OK ②改OK
  run35 対象 設備16% 金27% 討伐37% タップ20% → (a)OK ②改OK
  run36 対象 設備13% 金23% 討伐41% タップ23% → (a)OK ②改OK
  run37 対象 設備15% 金27% 討伐39% タップ19% → (a)OK ②改OK
  run38 対象 設備15% 金24% 討伐37% タップ23% → (a)OK ②改OK
  run39 対象 設備15% 金26% 討伐39% タップ20% → (a)OK ②改OK
  run40 対象 設備15% 金22% 討伐37% タップ26% → (a)OK ②改OK
  run41 対象 設備15% 金21% 討伐40% タップ24% → (a)OK ②改OK
  run42 対象 設備13% 金20% 討伐40% タップ27% → (a)OK ②改OK
  run43 対象 設備13% 金21% 討伐42% タップ25% → (a)OK ②改OK
  run44 対象 設備13% 金18% 討伐42% タップ27% → (a)OK ②改OK
  run45 対象 設備13% 金18% 討伐45% タップ24% → (a)OK ②改OK
  run46 対象 設備13% 金16% 討伐41% タップ29% → (a)OK ②改OK
  run47 対象 設備13% 金19% 討伐38% タップ29% → (a)OK ②改OK
click(S2 クリック会心型) 主役=タップ≥30%: 23/48周回 合格
  run 0 対象 設備26% 金9% 討伐4% タップ62% → (a)OK ②改NG
  run 1 対象 設備31% 金21% 討伐4% タップ44% → (a)OK ②改OK
  run 2 対象 設備35% 金29% 討伐4% タップ33% → (a)OK ②改OK
  run 3 対象 設備30% 金39% 討伐3% タップ28% → (a)NG ②改OK
  run 4 対象 設備23% 金50% 討伐5% タップ23% → (a)NG ②改OK
  run 5 対象 設備24% 金42% 討伐11% タップ24% → (a)NG ②改OK
  run 6 対象 設備29% 金42% 討伐10% タップ19% → (a)NG ②改OK
  run 7 対象 設備29% 金30% 討伐12% タップ29% → (a)NG ②改OK
  run 8 対象 設備30% 金33% 討伐11% タップ26% → (a)NG ②改OK
  run 9 対象 設備27% 金38% 討伐10% タップ25% → (a)NG ②改OK
  run10 対象 設備31% 金32% 討伐11% タップ26% → (a)NG ②改OK
  run11 対象 設備32% 金33% 討伐11% タップ25% → (a)NG ②改OK
  run12 対象 設備32% 金32% 討伐11% タップ25% → (a)NG ②改OK
  run13 対象 設備28% 金27% 討伐12% タップ33% → (a)OK ②改OK
  run14 対象 設備27% 金26% 討伐13% タップ34% → (a)OK ②改OK
  run15 対象 設備31% 金24% 討伐13% タップ32% → (a)OK ②改OK
  run16 対象 設備31% 金23% 討伐13% タップ32% → (a)OK ②改OK
  run17 対象 設備31% 金26% 討伐13% タップ30% → (a)OK ②改OK
  run18 対象 設備30% 金28% 討伐12% タップ29% → (a)NG ②改OK
  run19 対象 設備31% 金29% 討伐12% タップ28% → (a)NG ②改OK
  run20 対象 設備32% 金29% 討伐12% タップ27% → (a)NG ②改OK
  run21 対象 設備37% 金28% 討伐16% タップ20% → (a)NG ②改OK
  run22 対象 設備37% 金25% 討伐20% タップ18% → (a)NG ②改OK
  run23 対象 設備36% 金25% 討伐20% タップ19% → (a)NG ②改OK
  run24 対象 設備34% 金25% 討伐23% タップ18% → (a)NG ②改OK
  run25 対象 設備29% 金30% 討伐29% タップ12% → (a)NG ②改OK
  run26 対象 設備27% 金25% 討伐33% タップ15% → (a)NG ②改OK
  run27 対象 設備26% 金29% 討伐34% タップ12% → (a)NG ②改OK
  run28 対象 設備32% 金17% 討伐32% タップ19% → (a)NG ②改OK
  run29 対象 設備24% 金23% 討伐40% タップ13% → (a)NG ②改OK
  run30 対象 設備26% 金22% 討伐38% タップ15% → (a)NG ②改OK
  run31 対象 設備26% 金20% 討伐40% タップ14% → (a)NG ②改OK
  run32 対象 設備26% 金23% 討伐42% タップ9% → (a)NG ②改OK
  run33 対象 設備14% 金18% 討伐24% タップ45% → (a)OK ②改OK
  run34 対象 設備10% 金9% 討伐13% タップ67% → (a)OK ②改NG
  run35 対象 設備11% 金10% 討伐19% タップ60% → (a)OK ②改NG
  run36 対象 設備10% 金9% 討伐15% タップ66% → (a)OK ②改NG
  run37 対象 設備11% 金10% 討伐21% タップ58% → (a)OK ②改NG
  run38 対象 設備10% 金10% 討伐18% タップ62% → (a)OK ②改NG
  run39 対象 設備10% 金11% 討伐21% タップ58% → (a)OK ②改NG
  run40 対象 設備11% 金11% 討伐25% タップ52% → (a)OK ②改NG
  run41 対象 設備11% 金12% 討伐23% タップ55% → (a)OK ②改NG
  run42 対象 設備11% 金11% 討伐24% タップ54% → (a)OK ②改NG
  run43 対象 設備11% 金11% 討伐22% タップ56% → (a)OK ②改NG
  run44 対象 設備11% 金12% 討伐17% タップ60% → (a)OK ②改NG
  run45 対象 設備9% 金9% 討伐19% タップ62% → (a)OK ②改NG
  run46 対象 設備11% 金13% 討伐19% タップ58% → (a)OK ②改NG
  run47 対象 設備9% 金9% 討伐19% タップ63% → (a)OK ②改NG
golden(S3 金クッキー特化型) 主役=金クッキー≥30%: 41/44周回 合格
  run 0 対象外 設備43% 金13% 討伐5% タップ40%
  run 1 対象外 設備50% 金29% 討伐3% タップ18%
  run 2 対象外 設備24% 金57% 討伐5% タップ14%
  run 3 対象 設備30% 金56% 討伐3% タップ11% → (a)OK ②改NG
  run 4 対象 設備12% 金66% 討伐8% タップ14% → (a)OK ②改NG
  run 5 対象 設備15% 金64% 討伐8% タップ13% → (a)OK ②改NG
  run 6 対象 設備64% 金20% 討伐0% タップ15% → (a)NG ②改OK
  run 7 対象 設備19% 金59% 討伐9% タップ13% → (a)OK ②改NG
  run 8 対象 設備19% 金61% 討伐8% タップ11% → (a)OK ②改NG
  run 9 対象 設備17% 金64% 討伐8% タップ10% → (a)OK ②改NG
  run10 対象 設備19% 金63% 討伐8% タップ10% → (a)OK ②改NG
  run11 対象 設備22% 金57% 討伐10% タップ11% → (a)OK ②改NG
  run12 対象 設備21% 金58% 討伐10% タップ12% → (a)OK ②改NG
  run13 対象 設備21% 金45% 討伐14% タップ20% → (a)OK ②改OK
  run14 対象 設備23% 金40% 討伐15% タップ22% → (a)OK ②改OK
  run15 対象 設備24% 金36% 討伐16% タップ24% → (a)OK ②改OK
  run16 対象 設備27% 金31% 討伐18% タップ24% → (a)OK ②改OK
  run17 対象 設備26% 金34% 討伐18% タップ22% → (a)OK ②改OK
  run18 対象 設備23% 金43% 討伐15% タップ19% → (a)OK ②改OK
  run19 対象 設備24% 金42% 討伐16% タップ18% → (a)OK ②改OK
  run20 対象 設備24% 金42% 討伐17% タップ17% → (a)OK ②改OK
  run21 対象 設備30% 金37% 討伐17% タップ16% → (a)OK ②改OK
  run22 対象 設備31% 金37% 討伐19% タップ13% → (a)OK ②改OK
  run23 対象 設備31% 金36% 討伐20% タップ13% → (a)OK ②改OK
  run24 対象 設備31% 金35% 討伐22% タップ12% → (a)OK ②改OK
  run25 対象 設備28% 金35% 討伐27% タップ10% → (a)OK ②改OK
  run26 対象 設備28% 金34% 討伐28% タップ10% → (a)OK ②改OK
  run27 対象 設備31% 金50% 討伐9% タップ10% → (a)OK ②改OK
  run28 対象 設備32% 金55% 討伐6% タップ8% → (a)OK ②改NG
  run29 対象 設備33% 金53% 討伐6% タップ8% → (a)OK ②改NG
  run30 対象 設備33% 金52% 討伐7% タップ9% → (a)OK ②改OK
  run31 対象 設備34% 金52% 討伐6% タップ8% → (a)OK ②改NG
  run32 対象 設備34% 金53% 討伐6% タップ8% → (a)OK ②改NG
  run33 対象 設備24% 金38% 討伐4% タップ33% → (a)OK ②改OK
  run34 対象 設備22% 金33% 討伐4% タップ42% → (a)OK ②改OK
  run35 対象 設備25% 金35% 討伐4% タップ35% → (a)OK ②改OK
  run36 対象 設備21% 金31% 討伐3% タップ45% → (a)OK ②改OK
  run37 対象 設備25% 金38% 討伐4% タップ33% → (a)OK ②改OK
  run38 対象 設備21% 金30% 討伐4% タップ45% → (a)OK ②改OK
  run39 対象 設備25% 金35% 討伐3% タップ36% → (a)OK ②改OK
  run40 対象 設備24% 金33% 討伐3% タップ39% → (a)OK ②改OK
  run41 対象 設備26% 金34% 討伐3% タップ36% → (a)OK ②改OK
  run42 対象 設備24% 金33% 討伐3% タップ39% → (a)OK ②改OK
  run43 対象 設備26% 金37% 討伐3% タップ34% → (a)OK ②改OK
  run44 対象 設備25% 金32% 討伐3% タップ40% → (a)OK ②改OK
  run45 対象 設備21% 金30% 討伐16% タップ33% → (a)NG ②改OK
  run46 対象 設備19% 金27% 討伐13% タップ41% → (a)NG ②改OK
hunt(S4 狩猟特化型) 主役=討伐由来≥30%: 29/43周回 合格
  run 0 対象外 設備44% 金17% 討伐3% タップ36%
  run 1 対象外 設備43% 金35% 討伐2% タップ19%
  run 2 対象外 設備5% 金39% 討伐35% タップ20%
  run 3 対象外 設備5% 金50% 討伐34% タップ11%
  run 4 対象 設備5% 金54% 討伐31% タップ9% → (a)OK ②改OK
  run 5 対象 設備40% 金43% 討伐3% タップ14% → (a)NG ②改OK
  run 6 対象 設備47% 金41% 討伐7% タップ6% → (a)NG ②改OK
  run 7 対象 設備9% 金49% 討伐34% タップ7% → (a)OK ②改OK
  run 8 対象 設備11% 金44% 討伐39% タップ6% → (a)OK ②改OK
  run 9 対象 設備10% 金57% 討伐27% タップ6% → (a)NG ②改OK
  run10 対象 設備10% 金54% 討伐30% タップ6% → (a)OK ②改OK
  run11 対象 設備11% 金55% 討伐29% タップ5% → (a)NG ②改OK
  run12 対象 設備12% 金55% 討伐27% タップ6% → (a)NG ②改OK
  run13 対象 設備12% 金56% 討伐27% タップ5% → (a)NG ②改OK
  run14 対象 設備12% 金57% 討伐26% タップ6% → (a)NG ②改OK
  run15 対象 設備13% 金50% 討伐30% タップ7% → (a)OK ②改OK
  run16 対象 設備36% 金9% 討伐39% タップ16% → (a)OK ②改OK
  run17 対象 設備15% 金57% 討伐23% タップ5% → (a)NG ②改OK
  run18 対象 設備14% 金56% 討伐24% タップ6% → (a)NG ②改OK
  run19 対象 設備15% 金57% 討伐23% タップ5% → (a)NG ②改OK
  run20 対象 設備27% 金35% 討伐27% タップ12% → (a)NG ②改OK
  run21 対象 設備18% 金49% 討伐26% タップ7% → (a)NG ②改OK
  run22 対象 設備21% 金44% 討伐29% タップ6% → (a)NG ②改OK
  run23 対象 設備19% 金41% 討伐35% タップ5% → (a)OK ②改OK
  run24 対象 設備20% 金40% 討伐35% タップ6% → (a)OK ②改OK
  run25 対象 設備17% 金38% 討伐41% タップ4% → (a)OK ②改OK
  run26 対象 設備17% 金35% 討伐44% タップ5% → (a)OK ②改OK
  run27 対象 設備35% 金22% 討伐35% タップ8% → (a)OK ②改OK
  run28 対象 設備19% 金24% 討伐53% タップ4% → (a)OK ②改NG
  run29 対象 設備26% 金21% 討伐47% タップ6% → (a)OK ②改OK
  run30 対象 設備25% 金20% 討伐50% タップ6% → (a)OK ②改OK
  run31 対象 設備24% 金19% 討伐51% タップ6% → (a)OK ②改OK
  run32 対象 設備25% 金22% 討伐47% タップ6% → (a)OK ②改OK
  run33 対象 設備10% 金20% 討伐62% タップ7% → (a)OK ②改NG
  run34 対象 設備10% 金19% 討伐35% タップ35% → (a)OK ②改OK
  run35 対象 設備9% 金18% 討伐56% タップ18% → (a)OK ②改NG
  run36 対象 設備9% 金25% 討伐51% タップ14% → (a)OK ②改NG
  run37 対象 設備9% 金16% 討伐61% タップ14% → (a)OK ②改NG
  run38 対象 設備8% 金15% 討伐64% タップ13% → (a)OK ②改NG
  run39 対象 設備9% 金12% 討伐30% タップ49% → (a)OK ②改OK
  run40 対象 設備9% 金17% 討伐35% タップ39% → (a)OK ②改OK
  run41 対象 設備8% 金13% 討伐66% タップ13% → (a)OK ②改NG
  run42 対象 設備8% 金11% 討伐48% タップ32% → (a)OK ②改OK
  run43 対象 設備8% 金11% 討伐39% タップ42% → (a)OK ②改OK
  run44 対象 設備9% 金20% 討伐21% タップ50% → (a)NG ②改OK
  run45 対象 設備8% 金12% 討伐53% タップ26% → (a)OK ②改NG
  run46 対象 設備9% 金13% 討伐64% タップ13% → (a)OK ②改NG
bake(S1 バランス効率型) 主役=設備生産≥30%: 46/47周回 合格
  run 0 対象 設備39% 金13% 討伐5% タップ43% → (a)OK ②改OK
  run 1 対象 設備50% 金23% 討伐3% タップ23% → (a)OK ②改OK
  run 2 対象 設備49% 金31% 討伐4% タップ16% → (a)OK ②改OK
  run 3 対象 設備42% 金42% 討伐3% タップ12% → (a)OK ②改OK
  run 4 対象 設備23% 金55% 討伐8% タップ13% → (a)NG ②改OK
  run 5 対象 設備38% 金41% 討伐9% タップ12% → (a)OK ②改OK
  run 6 対象 設備77% 金12% 討伐0% タップ11% → (a)OK ②改NG
  run 7 対象 設備44% 金32% 討伐9% タップ15% → (a)OK ②改OK
  run 8 対象 設備44% 金37% 討伐7% タップ11% → (a)OK ②改OK
  run 9 対象 設備43% 金38% 討伐7% タップ11% → (a)OK ②改OK
  run10 対象 設備45% 金36% 討伐8% タップ11% → (a)OK ②改OK
  run11 対象 設備50% 金32% 討伐7% タップ11% → (a)OK ②改OK
  run12 対象 設備48% 金33% 討伐8% タップ11% → (a)OK ②改OK
  run13 対象 設備49% 金28% 討伐8% タップ15% → (a)OK ②改OK
  run14 対象 設備48% 金25% 討伐10% タップ17% → (a)OK ②改OK
  run15 対象 設備51% 金23% 討伐10% タップ16% → (a)OK ②改OK
  run16 対象 設備54% 金22% 討伐9% タップ15% → (a)OK ②改NG
  run17 対象 設備52% 金24% 討伐10% タップ14% → (a)OK ②改NG
  run18 対象 設備51% 金27% 討伐9% タップ13% → (a)OK ②改OK
  run19 対象 設備51% 金27% 討伐9% タップ12% → (a)OK ②改OK
  run20 対象 設備53% 金27% 討伐9% タップ11% → (a)OK ②改NG
  run21 対象 設備54% 金21% 討伐14% タップ11% → (a)OK ②改NG
  run22 対象 設備55% 金21% 討伐15% タップ8% → (a)OK ②改NG
  run23 対象 設備51% 金20% 討伐21% タップ8% → (a)OK ②改OK
  run24 対象 設備49% 金19% 討伐24% タップ7% → (a)OK ②改OK
  run25 対象 設備47% 金19% 討伐28% タップ5% → (a)OK ②改OK
  run26 対象 設備45% 金17% 討伐32% タップ6% → (a)OK ②改OK
  run27 対象 設備50% 金24% 討伐19% タップ8% → (a)OK ②改OK
  run28 対象 設備54% 金23% 討伐18% タップ5% → (a)OK ②改NG
  run29 対象 設備51% 金24% 討伐18% タップ7% → (a)OK ②改OK
  run30 対象 設備51% 金21% 討伐23% タップ4% → (a)OK ②改OK
  run31 対象 設備50% 金21% 討伐22% タップ7% → (a)OK ②改OK
  run32 対象 設備45% 金19% 討伐31% タップ4% → (a)OK ②改OK
  run33 対象 設備41% 金18% 討伐25% タップ16% → (a)OK ②改OK
  run34 対象 設備40% 金15% 討伐25% タップ19% → (a)OK ②改OK
  run35 対象 設備40% 金17% 討伐27% タップ16% → (a)OK ②改OK
  run36 対象 設備37% 金15% 討伐30% タップ18% → (a)OK ②改OK
  run37 対象 設備39% 金16% 討伐29% タップ15% → (a)OK ②改OK
  run38 対象 設備38% 金15% 討伐29% タップ18% → (a)OK ②改OK
  run39 対象 設備38% 金14% 討伐30% タップ19% → (a)OK ②改OK
  run40 対象 設備39% 金14% 討伐29% タップ17% → (a)OK ②改OK
  run41 対象 設備39% 金15% 討伐28% タップ18% → (a)OK ②改OK
  run42 対象 設備34% 金11% 討伐29% タップ25% → (a)OK ②改OK
  run43 対象 設備34% 金11% 討伐30% タップ24% → (a)OK ②改OK
  run44 対象 設備34% 金11% 討伐28% タップ26% → (a)OK ②改OK
  run45 対象 設備33% 金10% 討伐29% タップ28% → (a)OK ②改OK
  run46 対象 設備33% 金9% 討伐28% タップ29% → (a)OK ②改OK
㉘合計: 164/230周回
②(改・ジャンル一強禁止 得意ジャンルlift≤±1.5倍) 合計: 138/182周回
