=== ㉘稼ぎ口比率(100h・周回シェア=各tickシェアの周回平均) ===
balanced(S6 早回し転生型) 4つすべて≥10%: 47/50周回 合格
  run 0 対象 設備18% 金37% 討伐13% タップ31% → (a)OK ②改OK
  run 1 対象 設備24% 金43% 討伐11% タップ22% → (a)OK ②改OK
  run 2 対象 設備35% 金39% 討伐11% タップ16% → (a)OK ②改OK
  run 3 対象 設備32% 金47% 討伐8% タップ13% → (a)NG ②改OK
  run 4 対象 設備29% 金48% 討伐10% タップ13% → (a)NG ②改OK
  run 5 対象 設備28% 金49% 討伐13% タップ11% → (a)OK ②改OK
  run 6 対象 設備32% 金42% 討伐15% タップ11% → (a)OK ②改OK
  run 7 対象 設備34% 金39% 討伐15% タップ11% → (a)OK ②改OK
  run 8 対象 設備35% 金41% 討伐14% タップ10% → (a)NG ②改OK
  run 9 対象 設備34% 金35% 討伐16% タップ15% → (a)OK ②改OK
  run10 対象 設備34% 金37% 討伐15% タップ14% → (a)OK ②改OK
  run11 対象 設備27% 金46% 討伐15% タップ11% → (a)OK ②改OK
  run12 対象 設備32% 金39% 討伐17% タップ12% → (a)OK ②改OK
  run13 対象 設備31% 金41% 討伐16% タップ12% → (a)OK ②改OK
  run14 対象 設備33% 金37% 討伐17% タップ12% → (a)OK ②改OK
  run15 対象 設備31% 金34% 討伐18% タップ17% → (a)OK ②改OK
  run16 対象 設備34% 金27% 討伐21% タップ18% → (a)OK ②改OK
  run17 対象 設備36% 金24% 討伐22% タップ18% → (a)OK ②改OK
  run18 対象 設備36% 金27% 討伐21% タップ16% → (a)OK ②改OK
  run19 対象 設備36% 金27% 討伐21% タップ16% → (a)OK ②改OK
  run20 対象 設備36% 金28% 討伐21% タップ15% → (a)OK ②改OK
  run21 対象 設備35% 金29% 討伐21% タップ15% → (a)OK ②改OK
  run22 対象 設備36% 金27% 討伐23% タップ14% → (a)OK ②改OK
  run23 対象 設備37% 金23% 討伐26% タップ14% → (a)OK ②改OK
  run24 対象 設備36% 金21% 討伐30% タップ13% → (a)OK ②改OK
  run25 対象 設備33% 金20% 討伐34% タップ13% → (a)OK ②改OK
  run26 対象 設備32% 金21% 討伐35% タップ12% → (a)OK ②改OK
  run27 対象 設備30% 金27% 討伐31% タップ12% → (a)OK ②改OK
  run28 対象 設備28% 金22% 討伐37% タップ12% → (a)OK ②改OK
  run29 対象 設備29% 金24% 討伐35% タップ13% → (a)OK ②改OK
  run30 対象 設備29% 金31% 討伐27% タップ13% → (a)OK ②改OK
  run31 対象 設備29% 金30% 討伐28% タップ13% → (a)OK ②改OK
  run32 対象 設備28% 金25% 討伐33% タップ14% → (a)OK ②改OK
  run33 対象 設備28% 金30% 討伐29% タップ13% → (a)OK ②改OK
  run34 対象 設備31% 金32% 討伐23% タップ14% → (a)OK ②改OK
  run35 対象 設備30% 金27% 討伐24% タップ19% → (a)OK ②改OK
  run36 対象 設備30% 金25% 討伐26% タップ18% → (a)OK ②改OK
  run37 対象 設備31% 金26% 討伐25% タップ18% → (a)OK ②改OK
  run38 対象 設備32% 金22% 討伐22% タップ25% → (a)OK ②改OK
  run39 対象 設備30% 金24% 討伐25% タップ21% → (a)OK ②改OK
  run40 対象 設備30% 金21% 討伐25% タップ24% → (a)OK ②改OK
  run41 対象 設備30% 金20% 討伐26% タップ24% → (a)OK ②改OK
  run42 対象 設備30% 金21% 討伐27% タップ21% → (a)OK ②改OK
  run43 対象 設備27% 金16% 討伐28% タップ29% → (a)OK ②改OK
  run44 対象 設備28% 金18% 討伐29% タップ25% → (a)OK ②改OK
  run45 対象 設備29% 金20% 討伐29% タップ22% → (a)OK ②改OK
  run46 対象 設備27% 金17% 討伐28% タップ28% → (a)OK ②改OK
  run47 対象 設備29% 金20% 討伐24% タップ27% → (a)OK ②改OK
  run48 対象 設備28% 金18% 討伐29% タップ26% → (a)OK ②改OK
  run49 対象 設備27% 金21% 討伐32% タップ20% → (a)OK ②改OK
click(S2 クリック会心型) 主役=タップ≥30%: 38/50周回 合格
  run 0 対象 設備13% 金28% 討伐8% タップ50% → (a)OK ②改OK
  run 1 対象 設備17% 金40% 討伐9% タップ34% → (a)OK ②改OK
  run 2 対象 設備25% 金37% 討伐8% タップ30% → (a)NG ②改OK
  run 3 対象 設備26% 金41% 討伐7% タップ27% → (a)NG ②改OK
  run 4 対象 設備28% 金37% 討伐7% タップ28% → (a)NG ②改OK
  run 5 対象 設備26% 金37% 討伐14% タップ22% → (a)NG ②改OK
  run 6 対象 設備30% 金30% 討伐18% タップ22% → (a)NG ②改OK
  run 7 対象 設備37% 金22% 討伐17% タップ24% → (a)NG ②改OK
  run 8 対象 設備41% 金15% 討伐18% タップ26% → (a)NG ②改OK
  run 9 対象 設備40% 金11% 討伐19% タップ30% → (a)OK ②改OK
  run10 対象 設備40% 金13% 討伐18% タップ30% → (a)NG ②改OK
  run11 対象 設備40% 金13% 討伐18% タップ29% → (a)NG ②改OK
  run12 対象 設備40% 金14% 討伐17% タップ29% → (a)NG ②改OK
  run13 対象 設備42% 金13% 討伐16% タップ30% → (a)NG ②改OK
  run14 対象 設備42% 金12% 討伐16% タップ30% → (a)OK ②改OK
  run15 対象 設備43% 金10% 討伐15% タップ32% → (a)OK ②改OK
  run16 対象 設備43% 金10% 討伐16% タップ32% → (a)OK ②改OK
  run17 対象 設備45% 金9% 討伐14% タップ31% → (a)OK ②改OK
  run18 対象 設備46% 金9% 討伐15% タップ31% → (a)OK ②改OK
  run19 対象 設備46% 金10% 討伐14% タップ31% → (a)OK ②改OK
  run20 対象 設備45% 金10% 討伐14% タップ31% → (a)OK ②改OK
  run21 対象 設備46% 金11% 討伐13% タップ30% → (a)OK ②改OK
  run22 対象 設備44% 金11% 討伐13% タップ32% → (a)OK ②改OK
  run23 対象 設備47% 金9% 討伐14% タップ29% → (a)NG ②改OK
  run24 対象 設備45% 金8% 討伐16% タップ31% → (a)OK ②改OK
  run25 対象 設備42% 金9% 討伐16% タップ32% → (a)OK ②改OK
  run26 対象 設備42% 金8% 討伐16% タップ34% → (a)OK ②改OK
  run27 対象 設備35% 金9% 討伐16% タップ40% → (a)OK ②改OK
  run28 対象 設備31% 金9% 討伐15% タップ45% → (a)OK ②改OK
  run29 対象 設備31% 金8% 討伐15% タップ46% → (a)OK ②改OK
  run30 対象 設備38% 金6% 討伐16% タップ41% → (a)OK ②改OK
  run31 対象 設備26% 金9% 討伐17% タップ48% → (a)OK ②改OK
  run32 対象 設備27% 金8% 討伐17% タップ48% → (a)OK ②改OK
  run33 対象 設備29% 金7% 討伐15% タップ49% → (a)OK ②改OK
  run34 対象 設備27% 金9% 討伐16% タップ48% → (a)OK ②改OK
  run35 対象 設備25% 金9% 討伐15% タップ51% → (a)OK ②改OK
  run36 対象 設備28% 金11% 討伐14% タップ47% → (a)OK ②改OK
  run37 対象 設備21% 金8% 討伐12% タップ60% → (a)OK ②改NG
  run38 対象 設備18% 金6% 討伐10% タップ66% → (a)OK ②改NG
  run39 対象 設備22% 金10% 討伐10% タップ58% → (a)OK ②改NG
  run40 対象 設備20% 金9% 討伐9% タップ62% → (a)OK ②改NG
  run41 対象 設備17% 金6% 討伐9% タップ69% → (a)OK ②改NG
  run42 対象 設備23% 金10% 討伐10% タップ57% → (a)OK ②改NG
  run43 対象 設備19% 金6% 討伐9% タップ66% → (a)OK ②改NG
  run44 対象 設備20% 金7% 討伐9% タップ64% → (a)OK ②改NG
  run45 対象 設備19% 金6% 討伐9% タップ66% → (a)OK ②改NG
  run46 対象 設備17% 金7% 討伐7% タップ68% → (a)OK ②改NG
  run47 対象 設備14% 金5% 討伐7% タップ74% → (a)OK ②改NG
  run48 対象 設備16% 金5% 討伐9% タップ70% → (a)OK ②改NG
  run49 対象 設備16% 金6% 討伐9% タップ70% → (a)OK ②改NG
golden(S3 金クッキー特化型) 主役=金クッキー≥30%: 30/43周回 合格
  run 0 対象外 設備29% 金24% 討伐12% タップ35%
  run 1 対象外 設備27% 金48% 討伐8% タップ17%
  run 2 対象外 設備17% 金59% 討伐11% タップ13%
  run 3 対象外 設備13% 金63% 討伐11% タップ13%
  run 4 対象 設備12% 金66% 討伐12% タップ10% → (a)OK ②改NG
  run 5 対象 設備17% 金60% 討伐13% タップ10% → (a)OK ②改NG
  run 6 対象 設備19% 金59% 討伐14% タップ8% → (a)OK ②改NG
  run 7 対象 設備20% 金56% 討伐15% タップ9% → (a)OK ②改NG
  run 8 対象 設備19% 金58% 討伐14% タップ9% → (a)OK ②改NG
  run 9 対象 設備20% 金56% 討伐14% タップ9% → (a)OK ②改NG
  run10 対象 設備20% 金56% 討伐14% タップ10% → (a)OK ②改NG
  run11 対象 設備20% 金58% 討伐13% タップ9% → (a)OK ②改NG
  run12 対象 設備22% 金53% 討伐15% タップ10% → (a)OK ②改NG
  run13 対象 設備21% 金46% 討伐17% タップ15% → (a)OK ②改OK
  run14 対象 設備24% 金42% 討伐18% タップ16% → (a)OK ②改OK
  run15 対象 設備27% 金34% 討伐21% タップ19% → (a)OK ②改OK
  run16 対象 設備27% 金35% 討伐21% タップ17% → (a)OK ②改OK
  run17 対象 設備26% 金36% 討伐21% タップ17% → (a)OK ②改OK
  run18 対象 設備26% 金38% 討伐20% タップ16% → (a)OK ②改OK
  run19 対象 設備28% 金36% 討伐20% タップ16% → (a)OK ②改OK
  run20 対象 設備27% 金36% 討伐22% タップ15% → (a)OK ②改OK
  run21 対象 設備35% 金31% 討伐20% タップ14% → (a)OK ②改OK
  run22 対象 設備35% 金26% 討伐25% タップ14% → (a)NG ②改OK
  run23 対象 設備33% 金27% 討伐29% タップ12% → (a)NG ②改OK
  run24 対象 設備33% 金27% 討伐29% タップ11% → (a)NG ②改OK
  run25 対象 設備32% 金33% 討伐26% タップ10% → (a)OK ②改OK
  run26 対象 設備32% 金32% 討伐27% タップ9% → (a)OK ②改OK
  run27 対象 設備34% 金38% 討伐15% タップ13% → (a)OK ②改OK
  run28 対象 設備35% 金41% 討伐10% タップ14% → (a)OK ②改OK
  run29 対象 設備39% 金39% 討伐8% タップ14% → (a)OK ②改OK
  run30 対象 設備40% 金38% 討伐7% タップ15% → (a)OK ②改OK
  run31 対象 設備41% 金38% 討伐7% タップ14% → (a)OK ②改OK
  run32 対象 設備37% 金40% 討伐9% タップ14% → (a)OK ②改OK
  run33 対象 設備36% 金32% 討伐7% タップ25% → (a)OK ②改OK
  run34 対象 設備39% 金30% 討伐6% タップ25% → (a)OK ②改OK
  run35 対象 設備39% 金30% 討伐5% タップ25% → (a)OK ②改OK
  run36 対象 設備43% 金31% 討伐5% タップ21% → (a)OK ②改OK
  run37 対象 設備40% 金29% 討伐5% タップ26% → (a)NG ②改OK
  run38 対象 設備41% 金28% 討伐5% タップ25% → (a)NG ②改OK
  run39 対象 設備41% 金29% 討伐5% タップ25% → (a)NG ②改OK
  run40 対象 設備42% 金28% 討伐5% タップ25% → (a)NG ②改OK
  run41 対象 設備44% 金30% 討伐5% タップ22% → (a)NG ②改OK
  run42 対象 設備43% 金28% 討伐5% タップ25% → (a)NG ②改OK
  run43 対象 設備43% 金28% 討伐5% タップ24% → (a)NG ②改OK
  run44 対象 設備43% 金26% 討伐5% タップ25% → (a)NG ②改OK
  run45 対象 設備34% 金26% 討伐17% タップ23% → (a)NG ②改OK
  run46 対象 設備33% 金24% 討伐19% タップ24% → (a)NG ②改OK
hunt(S4 狩猟特化型) 主役=討伐由来≥30%: 34/42周回 合格
  run 0 対象外 設備20% 金37% 討伐10% タップ33%
  run 1 対象外 設備36% 金44% 討伐3% タップ17%
  run 2 対象外 設備12% 金66% 討伐14% タップ8%
  run 3 対象外 設備5% 金44% 討伐37% タップ15%
  run 4 対象外 設備6% 金52% 討伐36% タップ6%
  run 5 対象 設備7% 金49% 討伐37% タップ7% → (a)OK ②改OK
  run 6 対象 設備9% 金48% 討伐37% タップ6% → (a)OK ②改OK
  run 7 対象 設備10% 金42% 討伐43% タップ6% → (a)OK ②改OK
  run 8 対象 設備11% 金42% 討伐41% タップ6% → (a)OK ②改OK
  run 9 対象 設備12% 金41% 討伐42% タップ6% → (a)OK ②改OK
  run10 対象 設備13% 金48% 討伐33% タップ5% → (a)OK ②改OK
  run11 対象 設備15% 金45% 討伐35% タップ5% → (a)OK ②改OK
  run12 対象 設備15% 金44% 討伐36% タップ5% → (a)OK ②改OK
  run13 対象 設備17% 金43% 討伐34% タップ6% → (a)OK ②改OK
  run14 対象 設備18% 金50% 討伐27% タップ5% → (a)NG ②改OK
  run15 対象 設備19% 金43% 討伐32% タップ6% → (a)OK ②改OK
  run16 対象 設備38% 金7% 討伐41% タップ13% → (a)OK ②改OK
  run17 対象 設備22% 金47% 討伐24% タップ6% → (a)NG ②改OK
  run18 対象 設備22% 金48% 討伐23% タップ7% → (a)NG ②改OK
  run19 対象 設備22% 金47% 討伐24% タップ7% → (a)NG ②改OK
  run20 対象 設備33% 金24% 討伐32% タップ11% → (a)OK ②改OK
  run21 対象 設備28% 金37% 討伐25% タップ10% → (a)NG ②改OK
  run22 対象 設備24% 金32% 討伐36% タップ8% → (a)OK ②改OK
  run23 対象 設備24% 金27% 討伐41% タップ8% → (a)OK ②改OK
  run24 対象 設備24% 金25% 討伐43% タップ7% → (a)OK ②改OK
  run25 対象 設備22% 金24% 討伐47% タップ7% → (a)OK ②改OK
  run26 対象 設備21% 金22% 討伐50% タップ6% → (a)OK ②改OK
  run27 対象 設備42% 金16% 討伐33% タップ10% → (a)OK ②改OK
  run28 対象 設備38% 金16% 討伐37% タップ9% → (a)OK ②改OK
  run29 対象 設備35% 金15% 討伐41% タップ9% → (a)OK ②改OK
  run30 対象 設備35% 金14% 討伐43% タップ9% → (a)OK ②改OK
  run31 対象 設備32% 金14% 討伐45% タップ8% → (a)OK ②改OK
  run32 対象 設備32% 金16% 討伐43% タップ9% → (a)OK ②改OK
  run33 対象 設備16% 金18% 討伐61% タップ5% → (a)OK ②改NG
  run34 対象 設備16% 金17% 討伐58% タップ9% → (a)OK ②改NG
  run35 対象 設備15% 金15% 討伐64% タップ6% → (a)OK ②改NG
  run36 対象 設備14% 金15% 討伐42% タップ29% → (a)OK ②改OK
  run37 対象 設備14% 金14% 討伐61% タップ11% → (a)OK ②改NG
  run38 対象 設備15% 金15% 討伐60% タップ9% → (a)OK ②改NG
  run39 対象 設備14% 金10% 討伐32% タップ44% → (a)OK ②改OK
  run40 対象 設備14% 金14% 討伐24% タップ48% → (a)NG ②改OK
  run41 対象 設備12% 金10% 討伐54% タップ24% → (a)OK ②改NG
  run42 対象 設備13% 金10% 討伐64% タップ14% → (a)OK ②改NG
  run43 対象 設備12% 金10% 討伐49% タップ29% → (a)OK ②改OK
  run44 対象 設備15% 金18% 討伐21% タップ46% → (a)NG ②改OK
  run45 対象 設備12% 金9% 討伐52% タップ27% → (a)OK ②改NG
  run46 対象 設備21% 金25% 討伐26% タップ28% → (a)NG ②改OK
bake(S1 バランス効率型) 主役=設備生産≥30%: 44/47周回 合格
  run 0 対象 設備18% 金39% 討伐12% タップ32% → (a)NG ②改OK
  run 1 対象 設備27% 金45% 討伐8% タップ20% → (a)NG ②改OK
  run 2 対象 設備34% 金42% 討伐9% タップ14% → (a)OK ②改OK
  run 3 対象 設備33% 金47% 討伐8% タップ12% → (a)OK ②改OK
  run 4 対象 設備30% 金52% 討伐9% タップ9% → (a)NG ②改OK
  run 5 対象 設備40% 金39% 討伐13% タップ8% → (a)OK ②改OK
  run 6 対象 設備43% 金37% 討伐13% タップ7% → (a)OK ②改OK
  run 7 対象 設備46% 金29% 討伐14% タップ11% → (a)OK ②改OK
  run 8 対象 設備46% 金30% 討伐13% タップ11% → (a)OK ②改OK
  run 9 対象 設備47% 金31% 討伐12% タップ10% → (a)OK ②改OK
  run10 対象 設備46% 金33% 討伐11% タップ10% → (a)OK ②改OK
  run11 対象 設備49% 金30% 討伐11% タップ10% → (a)OK ②改OK
  run12 対象 設備49% 金30% 討伐11% タップ10% → (a)OK ②改OK
  run13 対象 設備49% 金26% 討伐12% タップ13% → (a)OK ②改OK
  run14 対象 設備49% 金23% 討伐14% タップ14% → (a)OK ②改OK
  run15 対象 設備53% 金22% 討伐12% タップ12% → (a)OK ②改NG
  run16 対象 設備53% 金23% 討伐12% タップ12% → (a)OK ②改NG
  run17 対象 設備52% 金24% 討伐12% タップ11% → (a)OK ②改NG
  run18 対象 設備51% 金27% 討伐12% タップ11% → (a)OK ②改OK
  run19 対象 設備52% 金26% 討伐12% タップ10% → (a)OK ②改NG
  run20 対象 設備54% 金26% 討伐10% タップ9% → (a)OK ②改NG
  run21 対象 設備53% 金22% 討伐15% タップ10% → (a)OK ②改NG
  run22 対象 設備52% 金19% 討伐20% タップ9% → (a)OK ②改NG
  run23 対象 設備51% 金19% 討伐22% タップ9% → (a)OK ②改OK
  run24 対象 設備48% 金20% 討伐25% タップ8% → (a)OK ②改OK
  run25 対象 設備44% 金18% 討伐30% タップ8% → (a)OK ②改OK
  run26 対象 設備43% 金17% 討伐32% タップ8% → (a)OK ②改OK
  run27 対象 設備50% 金22% 討伐18% タップ11% → (a)OK ②改OK
  run28 対象 設備50% 金23% 討伐16% タップ11% → (a)OK ②改OK
  run29 対象 設備51% 金21% 討伐17% タップ11% → (a)OK ②改OK
  run30 対象 設備49% 金18% 討伐22% タップ11% → (a)OK ②改OK
  run31 対象 設備46% 金16% 討伐28% タップ10% → (a)OK ②改OK
  run32 対象 設備47% 金20% 討伐23% タップ10% → (a)OK ②改OK
  run33 対象 設備44% 金19% 討伐23% タップ13% → (a)OK ②改OK
  run34 対象 設備43% 金14% 討伐29% タップ13% → (a)OK ②改OK
  run35 対象 設備42% 金13% 討伐28% タップ16% → (a)OK ②改OK
  run36 対象 設備41% 金12% 討伐26% タップ21% → (a)OK ②改OK
  run37 対象 設備43% 金13% 討伐29% タップ15% → (a)OK ②改OK
  run38 対象 設備42% 金13% 討伐30% タップ14% → (a)OK ②改OK
  run39 対象 設備42% 金14% 討伐30% タップ14% → (a)OK ②改OK
  run40 対象 設備43% 金14% 討伐28% タップ15% → (a)OK ②改OK
  run41 対象 設備36% 金8% 討伐29% タップ27% → (a)OK ②改OK
  run42 対象 設備39% 金10% 討伐31% タップ20% → (a)OK ②改OK
  run43 対象 設備39% 金11% 討伐30% タップ20% → (a)OK ②改OK
  run44 対象 設備39% 金13% 討伐28% タップ20% → (a)OK ②改OK
  run45 対象 設備38% 金9% 討伐30% タップ23% → (a)OK ②改OK
  run46 対象 設備37% 金10% 討伐29% タップ24% → (a)OK ②改OK
㉘合計: 193/232周回
②(改・ジャンル一強禁止 得意ジャンルlift≤±1.5倍) 合計: 145/182周回
