=== ㉘稼ぎ口比率(100h・周回シェア=各tickシェアの周回平均) ===
balanced(S6 早回し転生型) 4つすべて≥10%: 43/48周回 合格
  run 0 対象 設備38% 金13% 討伐11% タップ39% → (a)OK ②改OK
  run 1 対象 設備45% 金22% 討伐9% タップ24% → (a)NG ②改OK
  run 2 対象 設備43% 金29% 討伐11% タップ17% → (a)OK ②改OK
  run 3 対象 設備35% 金44% 討伐8% タップ13% → (a)NG ②改OK
  run 4 対象 設備30% 金51% 討伐10% タップ10% → (a)NG ②改OK
  run 5 対象 設備35% 金42% 討伐13% タップ9% → (a)NG ②改OK
  run 6 対象 設備34% 金47% 討伐12% タップ7% → (a)NG ②改OK
  run 7 対象 設備34% 金42% 討伐13% タップ11% → (a)OK ②改OK
  run 8 対象 設備35% 金42% 討伐13% タップ10% → (a)OK ②改OK
  run 9 対象 設備34% 金44% 討伐12% タップ10% → (a)OK ②改OK
  run10 対象 設備36% 金40% 討伐13% タップ11% → (a)OK ②改OK
  run11 対象 設備37% 金39% 討伐13% タップ11% → (a)OK ②改OK
  run12 対象 設備39% 金36% 討伐14% タップ12% → (a)OK ②改OK
  run13 対象 設備37% 金32% 討伐15% タップ17% → (a)OK ②改OK
  run14 対象 設備40% 金26% 討伐17% タップ18% → (a)OK ②改OK
  run15 対象 設備40% 金21% 討伐18% タップ21% → (a)OK ②改OK
  run16 対象 設備40% 金22% 討伐17% タップ20% → (a)OK ②改OK
  run17 対象 設備39% 金26% 討伐17% タップ18% → (a)OK ②改OK
  run18 対象 設備38% 金28% 討伐17% タップ17% → (a)OK ②改OK
  run19 対象 設備34% 金31% 討伐19% タップ16% → (a)OK ②改OK
  run20 対象 設備35% 金31% 討伐19% タップ14% → (a)OK ②改OK
  run21 対象 設備34% 金27% 討伐24% タップ15% → (a)OK ②改OK
  run22 対象 設備33% 金22% 討伐30% タップ15% → (a)OK ②改OK
  run23 対象 設備28% 金29% 討伐29% タップ14% → (a)OK ②改OK
  run24 対象 設備29% 金22% 討伐36% タップ13% → (a)OK ②改OK
  run25 対象 設備24% 金26% 討伐37% タップ13% → (a)OK ②改OK
  run26 対象 設備25% 金23% 討伐39% タップ14% → (a)OK ②改OK
  run27 対象 設備22% 金27% 討伐36% タップ14% → (a)OK ②改OK
  run28 対象 設備19% 金36% 討伐30% タップ15% → (a)OK ②改OK
  run29 対象 設備19% 金36% 討伐30% タップ14% → (a)OK ②改OK
  run30 対象 設備19% 金33% 討伐33% タップ15% → (a)OK ②改OK
  run31 対象 設備19% 金31% 討伐33% タップ17% → (a)OK ②改OK
  run32 対象 設備18% 金29% 討伐37% タップ16% → (a)OK ②改OK
  run33 対象 設備18% 金34% 討伐36% タップ11% → (a)OK ②改OK
  run34 対象 設備19% 金34% 討伐28% タップ19% → (a)OK ②改OK
  run35 対象 設備19% 金30% 討伐29% タップ22% → (a)OK ②改OK
  run36 対象 設備17% 金32% 討伐33% タップ17% → (a)OK ②改OK
  run37 対象 設備18% 金27% 討伐31% タップ24% → (a)OK ②改OK
  run38 対象 設備18% 金25% 討伐32% タップ26% → (a)OK ②改OK
  run39 対象 設備18% 金33% 討伐29% タップ20% → (a)OK ②改OK
  run40 対象 設備17% 金27% 討伐29% タップ27% → (a)OK ②改OK
  run41 対象 設備17% 金23% 討伐31% タップ29% → (a)OK ②改OK
  run42 対象 設備16% 金23% 討伐34% タップ28% → (a)OK ②改OK
  run43 対象 設備16% 金22% 討伐36% タップ26% → (a)OK ②改OK
  run44 対象 設備16% 金22% 討伐34% タップ28% → (a)OK ②改OK
  run45 対象 設備15% 金22% 討伐41% タップ22% → (a)OK ②改OK
  run46 対象 設備16% 金19% 討伐35% タップ30% → (a)OK ②改OK
  run47 対象 設備16% 金20% 討伐33% タップ31% → (a)OK ②改OK
click(S2 クリック会心型) 主役=タップ≥30%: 37/48周回 合格
  run 0 対象 設備25% 金8% 討伐6% タップ60% → (a)OK ②改NG
  run 1 対象 設備31% 金20% 討伐7% タップ42% → (a)OK ②改OK
  run 2 対象 設備40% 金26% 討伐6% タップ29% → (a)NG ②改OK
  run 3 対象 設備30% 金39% 討伐5% タップ26% → (a)NG ②改OK
  run 4 対象 設備30% 金42% 討伐8% タップ20% → (a)NG ②改OK
  run 5 対象 設備31% 金35% 討伐15% タップ19% → (a)NG ②改OK
  run 6 対象 設備33% 金37% 討伐14% タップ16% → (a)NG ②改OK
  run 7 対象 設備39% 金23% 討伐16% タップ23% → (a)NG ②改OK
  run 8 対象 設備39% 金24% 討伐15% タップ22% → (a)NG ②改OK
  run 9 対象 設備37% 金27% 討伐14% タップ22% → (a)NG ②改OK
  run10 対象 設備39% 金24% 討伐14% タップ23% → (a)NG ②改OK
  run11 対象 設備40% 金23% 討伐13% タップ24% → (a)NG ②改OK
  run12 対象 設備41% 金18% 討伐14% タップ26% → (a)NG ②改OK
  run13 対象 設備38% 金16% 討伐14% タップ31% → (a)OK ②改OK
  run14 対象 設備39% 金13% 討伐15% タップ33% → (a)OK ②改OK
  run15 対象 設備40% 金11% 討伐14% タップ34% → (a)OK ②改OK
  run16 対象 設備41% 金12% 討伐14% タップ33% → (a)OK ②改OK
  run17 対象 設備42% 金11% 討伐13% タップ34% → (a)OK ②改OK
  run18 対象 設備41% 金12% 討伐13% タップ34% → (a)OK ②改OK
  run19 対象 設備39% 金13% 討伐13% タップ35% → (a)OK ②改OK
  run20 対象 設備39% 金11% 討伐13% タップ37% → (a)OK ②改OK
  run21 対象 設備42% 金11% 討伐14% タップ34% → (a)OK ②改OK
  run22 対象 設備38% 金11% 討伐16% タップ36% → (a)OK ②改OK
  run23 対象 設備31% 金12% 討伐14% タップ44% → (a)OK ②改OK
  run24 対象 設備34% 金10% 討伐17% タップ39% → (a)OK ②改OK
  run25 対象 設備28% 金11% 討伐16% タップ46% → (a)OK ②改OK
  run26 対象 設備21% 金11% 討伐13% タップ55% → (a)OK ②改NG
  run27 対象 設備25% 金9% 討伐15% タップ50% → (a)OK ②改OK
  run28 対象 設備30% 金7% 討伐17% タップ47% → (a)OK ②改OK
  run29 対象 設備19% 金10% 討伐18% タップ53% → (a)OK ②改NG
  run30 対象 設備18% 金9% 討伐18% タップ55% → (a)OK ②改NG
  run31 対象 設備17% 金10% 討伐15% タップ58% → (a)OK ②改NG
  run32 対象 設備19% 金11% 討伐17% タップ54% → (a)OK ②改NG
  run33 対象 設備14% 金19% 討伐17% タップ50% → (a)OK ②改OK
  run34 対象 設備12% 金12% 討伐20% タップ56% → (a)OK ②改NG
  run35 対象 設備12% 金17% 討伐19% タップ52% → (a)OK ②改NG
  run36 対象 設備11% 金16% 討伐16% タップ57% → (a)OK ②改NG
  run37 対象 設備10% 金11% 討伐15% タップ64% → (a)OK ②改NG
  run38 対象 設備10% 金15% 討伐13% タップ61% → (a)OK ②改NG
  run39 対象 設備9% 金11% 討伐13% タップ68% → (a)OK ②改NG
  run40 対象 設備11% 金17% 討伐14% タップ58% → (a)OK ②改NG
  run41 対象 設備9% 金10% 討伐13% タップ67% → (a)OK ②改NG
  run42 対象 設備10% 金11% 討伐15% タップ64% → (a)OK ②改NG
  run43 対象 設備11% 金15% 討伐14% タップ60% → (a)OK ②改NG
  run44 対象 設備8% 金10% 討伐12% タップ71% → (a)OK ②改NG
  run45 対象 設備9% 金13% 討伐13% タップ65% → (a)OK ②改NG
  run46 対象 設備9% 金13% 討伐13% タップ65% → (a)OK ②改NG
  run47 対象 設備8% 金10% 討伐13% タップ69% → (a)OK ②改NG
golden(S3 金クッキー特化型) 主役=金クッキー≥30%: 39/43周回 合格
  run 0 対象外 設備37% 金11% 討伐10% タップ42%
  run 1 対象外 設備46% 金29% 討伐7% タップ18%
  run 2 対象外 設備20% 金50% 討伐13% タップ17%
  run 3 対象外 設備16% 金61% 討伐10% タップ13%
  run 4 対象 設備13% 金65% 討伐11% タップ11% → (a)OK ②改NG
  run 5 対象 設備17% 金60% 討伐12% タップ11% → (a)OK ②改NG
  run 6 対象 設備69% 金18% 討伐0% タップ13% → (a)NG ②改OK
  run 7 対象 設備20% 金56% 討伐13% タップ11% → (a)OK ②改NG
  run 8 対象 設備19% 金61% 討伐11% タップ9% → (a)OK ②改NG
  run 9 対象 設備17% 金64% 討伐11% タップ8% → (a)OK ②改NG
  run10 対象 設備18% 金62% 討伐11% タップ9% → (a)OK ②改NG
  run11 対象 設備20% 金60% 討伐12% タップ9% → (a)OK ②改NG
  run12 対象 設備20% 金59% 討伐12% タップ9% → (a)OK ②改NG
  run13 対象 設備21% 金48% 討伐15% タップ15% → (a)OK ②改OK
  run14 対象 設備25% 金40% 討伐17% タップ18% → (a)OK ②改OK
  run15 対象 設備25% 金40% 討伐17% タップ18% → (a)OK ②改OK
  run16 対象 設備28% 金33% 討伐19% タップ19% → (a)OK ②改OK
  run17 対象 設備28% 金35% 討伐19% タップ18% → (a)OK ②改OK
  run18 対象 設備25% 金42% 討伐17% タップ16% → (a)OK ②改OK
  run19 対象 設備26% 金41% 討伐17% タップ15% → (a)OK ②改OK
  run20 対象 設備26% 金41% 討伐18% タップ14% → (a)OK ②改OK
  run21 対象 設備31% 金30% 討伐24% タップ15% → (a)NG ②改OK
  run22 対象 設備31% 金27% 討伐28% タップ14% → (a)NG ②改OK
  run23 対象 設備29% 金32% 討伐27% タップ12% → (a)OK ②改OK
  run24 対象 設備29% 金36% 討伐24% タップ12% → (a)OK ②改OK
  run25 対象 設備27% 金33% 討伐29% タップ10% → (a)OK ②改OK
  run26 対象 設備27% 金35% 討伐29% タップ9% → (a)OK ②改OK
  run27 対象 設備29% 金42% 討伐14% タップ14% → (a)OK ②改OK
  run28 対象 設備28% 金48% 討伐8% タップ16% → (a)OK ②改OK
  run29 対象 設備28% 金47% 討伐7% タップ17% → (a)OK ②改OK
  run30 対象 設備28% 金47% 討伐7% タップ18% → (a)OK ②改OK
  run31 対象 設備28% 金47% 討伐6% タップ18% → (a)OK ②改OK
  run32 対象 設備29% 金47% 討伐6% タップ19% → (a)OK ②改OK
  run33 対象 設備27% 金41% 討伐6% タップ26% → (a)OK ②改OK
  run34 対象 設備27% 金42% 討伐5% タップ26% → (a)OK ②改OK
  run35 対象 設備28% 金40% 討伐5% タップ27% → (a)OK ②改OK
  run36 対象 設備29% 金45% 討伐4% タップ21% → (a)OK ②改OK
  run37 対象 設備28% 金38% 討伐5% タップ29% → (a)OK ②改OK
  run38 対象 設備28% 金42% 討伐4% タップ26% → (a)OK ②改OK
  run39 対象 設備28% 金39% 討伐5% タップ28% → (a)OK ②改OK
  run40 対象 設備28% 金39% 討伐5% タップ29% → (a)OK ②改OK
  run41 対象 設備27% 金37% 討伐5% タップ32% → (a)OK ②改OK
  run42 対象 設備29% 金36% 討伐5% タップ30% → (a)OK ②改OK
  run43 対象 設備29% 金38% 討伐5% タップ29% → (a)OK ②改OK
  run44 対象 設備29% 金37% 討伐5% タップ29% → (a)OK ②改OK
  run45 対象 設備24% 金33% 討伐16% タップ26% → (a)OK ②改OK
  run46 対象 設備23% 金29% 討伐20% タップ28% → (a)NG ②改OK
hunt(S4 狩猟特化型) 主役=討伐由来≥30%: 29/41周回 合格
  run 0 対象外 設備35% 金17% 討伐6% タップ41%
  run 1 対象外 設備48% 金30% 討伐3% タップ20%
  run 2 対象外 設備22% 金61% 討伐9% タップ7%
  run 3 対象外 設備5% 金44% 討伐36% タップ15%
  run 4 対象外 設備4% 金53% 討伐34% タップ9%
  run 5 対象 設備49% 金34% 討伐5% タップ12% → (a)NG ②改OK
  run 6 対象 設備10% 金51% 討伐32% タップ7% → (a)OK ②改OK
  run 7 対象 設備11% 金48% 討伐34% タップ6% → (a)OK ②改OK
  run 8 対象 設備11% 金53% 討伐29% タップ6% → (a)NG ②改OK
  run 9 対象 設備12% 金47% 討伐34% タップ6% → (a)OK ②改OK
  run10 対象 設備10% 金57% 討伐28% タップ5% → (a)NG ②改OK
  run11 対象 設備13% 金49% 討伐32% タップ6% → (a)OK ②改OK
  run12 対象 設備14% 金48% 討伐32% タップ5% → (a)OK ②改OK
  run13 対象 設備15% 金48% 討伐31% タップ6% → (a)OK ②改OK
  run14 対象 設備12% 金56% 討伐26% タップ6% → (a)NG ②改OK
  run15 対象 設備14% 金53% 討伐27% タップ7% → (a)NG ②改OK
  run16 対象 設備43% 金6% 討伐37% タップ15% → (a)OK ②改OK
  run17 対象 設備15% 金56% 討伐22% タップ7% → (a)NG ②改OK
  run18 対象 設備15% 金59% 討伐19% タップ8% → (a)NG ②改OK
  run19 対象 設備15% 金57% 討伐20% タップ8% → (a)NG ②改OK
  run20 対象 設備36% 金23% 討伐29% タップ12% → (a)NG ②改OK
  run21 対象 設備20% 金44% 討伐25% タップ11% → (a)NG ②改OK
  run22 対象 設備17% 金38% 討伐36% タップ10% → (a)OK ②改OK
  run23 対象 設備17% 金32% 討伐42% タップ9% → (a)OK ②改OK
  run24 対象 設備18% 金30% 討伐44% タップ9% → (a)OK ②改OK
  run25 対象 設備16% 金29% 討伐47% タップ8% → (a)OK ②改OK
  run26 対象 設備16% 金26% 討伐50% タップ8% → (a)OK ②改OK
  run27 対象 設備36% 金19% 討伐33% タップ11% → (a)OK ②改OK
  run28 対象 設備32% 金19% 討伐38% タップ11% → (a)OK ②改OK
  run29 対象 設備28% 金19% 討伐43% タップ10% → (a)OK ②改OK
  run30 対象 設備28% 金17% 討伐45% タップ10% → (a)OK ②改OK
  run31 対象 設備26% 金17% 討伐48% タップ10% → (a)OK ②改OK
  run32 対象 設備26% 金19% 討伐45% タップ10% → (a)OK ②改OK
  run33 対象 設備10% 金22% 討伐63% タップ5% → (a)OK ②改NG
  run34 対象 設備10% 金22% 討伐64% タップ5% → (a)OK ②改NG
  run35 対象 設備9% 金20% 討伐66% タップ5% → (a)OK ②改NG
  run36 対象 設備10% 金27% 討伐48% タップ15% → (a)OK ②改OK
  run37 対象 設備9% 金16% 討伐63% タップ12% → (a)OK ②改NG
  run38 対象 設備9% 金18% 討伐63% タップ10% → (a)OK ②改NG
  run39 対象 設備9% 金13% 討伐33% タップ45% → (a)OK ②改OK
  run40 対象 設備9% 金18% 討伐26% タップ47% → (a)NG ②改OK
  run41 対象 設備7% 金11% 討伐58% タップ23% → (a)OK ②改NG
  run42 対象 設備7% 金13% 討伐69% タップ11% → (a)OK ②改NG
  run43 対象 設備7% 金13% 討伐57% タップ23% → (a)OK ②改NG
  run44 対象 設備10% 金22% 討伐25% タップ43% → (a)NG ②改OK
  run45 対象 設備8% 金11% 討伐56% タップ25% → (a)OK ②改NG
bake(S1 バランス効率型) 主役=設備生産≥30%: 46/47周回 合格
  run 0 対象 設備36% 金12% 討伐9% タップ42% → (a)OK ②改OK
  run 1 対象 設備48% 金23% 討伐7% タップ22% → (a)OK ②改OK
  run 2 対象 設備41% 金33% 討伐10% タップ16% → (a)OK ②改OK
  run 3 対象 設備36% 金45% 討伐7% タップ12% → (a)OK ②改OK
  run 4 対象 設備28% 金52% 討伐10% タップ10% → (a)NG ②改OK
  run 5 対象 設備38% 金40% 討伐12% タップ10% → (a)OK ②改OK
  run 6 対象 設備78% 金11% 討伐0% タップ10% → (a)OK ②改NG
  run 7 対象 設備46% 金31% 討伐12% タップ11% → (a)OK ②改OK
  run 8 対象 設備43% 金37% 討伐10% タップ10% → (a)OK ②改OK
  run 9 対象 設備46% 金34% 討伐10% タップ10% → (a)OK ②改OK
  run10 対象 設備47% 金33% 討伐10% タップ9% → (a)OK ②改OK
  run11 対象 設備49% 金32% 討伐9% タップ9% → (a)OK ②改OK
  run12 対象 設備51% 金30% 討伐10% タップ10% → (a)OK ②改OK
  run13 対象 設備50% 金26% 討伐10% タップ13% → (a)OK ②改OK
  run14 対象 設備50% 金24% 討伐12% タップ14% → (a)OK ②改OK
  run15 対象 設備53% 金22% 討伐12% タップ14% → (a)OK ②改NG
  run16 対象 設備54% 金24% 討伐10% タップ12% → (a)OK ②改NG
  run17 対象 設備53% 金26% 討伐11% タップ11% → (a)OK ②改NG
  run18 対象 設備52% 金27% 討伐10% タップ10% → (a)OK ②改NG
  run19 対象 設備54% 金25% 討伐11% タップ10% → (a)OK ②改NG
  run20 対象 設備56% 金26% 討伐9% タップ9% → (a)OK ②改NG
  run21 対象 設備54% 金22% 討伐14% タップ10% → (a)OK ②改NG
  run22 対象 設備51% 金19% 討伐20% タップ9% → (a)OK ②改NG
  run23 対象 設備48% 金19% 討伐24% タップ9% → (a)OK ②改OK
  run24 対象 設備48% 金20% 討伐23% タップ8% → (a)OK ②改OK
  run25 対象 設備43% 金20% 討伐30% タップ8% → (a)OK ②改OK
  run26 対象 設備42% 金19% 討伐32% タップ8% → (a)OK ②改OK
  run27 対象 設備48% 金23% 討伐18% タップ11% → (a)OK ②改OK
  run28 対象 設備46% 金26% 討伐17% タップ11% → (a)OK ②改OK
  run29 対象 設備46% 金24% 討伐19% タップ11% → (a)OK ②改OK
  run30 対象 設備47% 金23% 討伐18% タップ12% → (a)OK ②改OK
  run31 対象 設備43% 金18% 討伐29% タップ10% → (a)OK ②改OK
  run32 対象 設備44% 金24% 討伐22% タップ10% → (a)OK ②改OK
  run33 対象 設備40% 金19% 討伐25% タップ16% → (a)OK ②改OK
  run34 対象 設備39% 金15% 討伐30% タップ15% → (a)OK ②改OK
  run35 対象 設備39% 金17% 討伐30% タップ14% → (a)OK ②改OK
  run36 対象 設備36% 金17% 討伐32% タップ15% → (a)OK ②改OK
  run37 対象 設備39% 金15% 討伐30% タップ16% → (a)OK ②改OK
  run38 対象 設備38% 金14% 討伐32% タップ16% → (a)OK ②改OK
  run39 対象 設備38% 金15% 討伐31% タップ16% → (a)OK ②改OK
  run40 対象 設備38% 金17% 討伐30% タップ15% → (a)OK ②改OK
  run41 対象 設備34% 金12% 討伐31% タップ23% → (a)OK ②改OK
  run42 対象 設備35% 金12% 討伐34% タップ19% → (a)OK ②改OK
  run43 対象 設備35% 金14% 討伐32% タップ19% → (a)OK ②改OK
  run44 対象 設備33% 金15% 討伐30% タップ23% → (a)OK ②改OK
  run45 対象 設備34% 金10% 討伐33% タップ24% → (a)OK ②改OK
  run46 対象 設備33% 金10% 討伐32% タップ25% → (a)OK ②改OK
㉘合計: 194/227周回
②(改・ジャンル一強禁止 得意ジャンルlift≤±1.5倍) 合計: 133/179周回
