=== ㉘稼ぎ口比率(24h・周回シェア=各tickシェアの周回平均) ===
balanced(S6 早回し転生型) 4つすべて≥10%: 15/29周回 合格
  run 0 対象 設備34% 金12% 討伐5% タップ49% → (a)NG ②改OK
  run 1 対象 設備38% 金21% 討伐5% タップ35% → (a)NG ②改OK
  run 2 対象 設備36% 金25% 討伐10% タップ30% → (a)NG ②改OK
  run 3 対象 設備34% 金40% 討伐6% タップ19% → (a)NG ②改OK
  run 4 対象 設備26% 金49% 討伐9% タップ16% → (a)NG ②改OK
  run 5 対象 設備33% 金42% 討伐10% タップ15% → (a)OK ②改OK
  run 6 対象 設備38% 金41% 討伐10% タップ11% → (a)OK ②改OK
  run 7 対象 設備36% 金38% 討伐10% タップ16% → (a)OK ②改OK
  run 8 対象 設備35% 金42% 討伐9% タップ14% → (a)NG ②改OK
  run 9 対象 設備31% 金47% 討伐9% タップ13% → (a)NG ②改OK
  run10 対象 設備36% 金40% 討伐10% タップ14% → (a)OK ②改OK
  run11 対象 設備33% 金46% 討伐9% タップ12% → (a)NG ②改OK
  run12 対象 設備35% 金42% 討伐10% タップ13% → (a)NG ②改OK
  run13 対象 設備32% 金39% 討伐11% タップ19% → (a)OK ②改OK
  run14 対象 設備35% 金32% 討伐12% タップ21% → (a)OK ②改OK
  run15 対象 設備37% 金30% 討伐13% タップ20% → (a)OK ②改OK
  run16 対象 設備36% 金32% 討伐13% タップ19% → (a)OK ②改OK
  run17 対象 設備35% 金35% 討伐12% タップ18% → (a)OK ②改OK
  run18 対象 設備33% 金38% 討伐12% タップ17% → (a)OK ②改OK
  run19 対象 設備32% 金39% 討伐12% タップ16% → (a)OK ②改OK
  run20 対象 設備32% 金42% 討伐12% タップ14% → (a)OK ②改OK
  run21 対象 設備26% 金46% 討伐15% タップ13% → (a)OK ②改OK
  run22 対象 設備30% 金32% 討伐25% タップ13% → (a)OK ②改OK
  run23 対象 設備30% 金32% 討伐26% タップ12% → (a)OK ②改OK
  run24 対象 設備22% 金43% 討伐25% タップ10% → (a)NG ②改OK
  run25 対象 設備16% 金42% 討伐35% タップ8% → (a)NG ②改OK
  run26 対象 設備20% 金31% 討伐41% タップ8% → (a)NG ②改OK
  run27 対象 設備19% 金29% 討伐44% タップ8% → (a)NG ②改OK
  run28 対象 設備10% 金39% 討伐44% タップ6% → (a)NG ②改OK
click(S2 クリック会心型) 主役=タップ≥30%: 14/22周回 合格
  run 0 対象 設備21% 金7% 討伐3% タップ68% → (a)OK ②改NG
  run 1 対象 設備26% 金19% 討伐4% タップ51% → (a)OK ②改OK
  run 2 対象 設備34% 金26% 討伐4% タップ36% → (a)OK ②改OK
  run 3 対象 設備29% 金37% 討伐3% タップ30% → (a)OK ②改OK
  run 4 対象 設備16% 金48% 討伐9% タップ27% → (a)NG ②改OK
  run 5 対象 設備23% 金37% 討伐11% タップ28% → (a)NG ②改OK
  run 6 対象 設備31% 金35% 討伐11% タップ23% → (a)NG ②改OK
  run 7 対象 設備28% 金25% 討伐13% タップ34% → (a)OK ②改OK
  run 8 対象 設備33% 金25% 討伐12% タップ30% → (a)OK ②改OK
  run 9 対象 設備28% 金30% 討伐11% タップ30% → (a)OK ②改OK
  run10 対象 設備29% 金30% 討伐11% タップ29% → (a)NG ②改OK
  run11 対象 設備34% 金28% 討伐11% タップ27% → (a)NG ②改OK
  run12 対象 設備32% 金29% 討伐11% タップ27% → (a)NG ②改OK
  run13 対象 設備28% 金28% 討伐11% タップ33% → (a)OK ②改OK
  run14 対象 設備30% 金22% 討伐13% タップ35% → (a)OK ②改OK
  run15 対象 設備35% 金19% 討伐13% タップ33% → (a)OK ②改OK
  run16 対象 設備34% 金21% 討伐13% タップ32% → (a)OK ②改OK
  run17 対象 設備32% 金25% 討伐12% タップ30% → (a)OK ②改OK
  run18 対象 設備33% 金26% 討伐12% タップ29% → (a)NG ②改OK
  run19 対象 設備34% 金22% 討伐13% タップ31% → (a)OK ②改OK
  run20 対象 設備33% 金24% 討伐12% タップ30% → (a)OK ②改OK
  run21 対象 設備34% 金28% 討伐16% タップ22% → (a)NG ②改OK
golden(S3 金クッキー特化型) 主役=金クッキー≥30%: 39/44周回 合格
  run 0 対象外 設備34% 金10% 討伐4% タップ52%
  run 1 対象外 設備35% 金30% 討伐4% タップ31%
  run 2 対象外 設備23% 金39% 討伐9% タップ29%
  run 3 対象 設備16% 金57% 討伐6% タップ20% → (a)OK ②改NG
  run 4 対象 設備12% 金60% 討伐8% タップ19% → (a)OK ②改NG
  run 5 対象 設備16% 金58% 討伐8% タップ17% → (a)OK ②改NG
  run 6 対象 設備18% 金60% 討伐8% タップ14% → (a)OK ②改NG
  run 7 対象 設備23% 金53% 討伐10% タップ14% → (a)OK ②改NG
  run 8 対象 設備22% 金55% 討伐9% タップ14% → (a)OK ②改NG
  run 9 対象 設備21% 金57% 討伐9% タップ13% → (a)OK ②改NG
  run10 対象 設備25% 金53% 討伐9% タップ13% → (a)OK ②改NG
  run11 対象 設備27% 金51% 討伐10% タップ12% → (a)OK ②改OK
  run12 対象 設備28% 金49% 討伐10% タップ12% → (a)OK ②改OK
  run13 対象 設備28% 金41% 討伐12% タップ19% → (a)OK ②改OK
  run14 対象 設備29% 金36% 討伐14% タップ21% → (a)OK ②改OK
  run15 対象 設備34% 金29% 討伐15% タップ22% → (a)NG ②改OK
  run16 対象 設備35% 金29% 討伐16% タップ21% → (a)NG ②改OK
  run17 対象 設備34% 金30% 討伐16% タップ20% → (a)OK ②改OK
  run18 対象 設備31% 金36% 討伐15% タップ18% → (a)OK ②改OK
  run19 対象 設備32% 金34% 討伐16% タップ18% → (a)OK ②改OK
  run20 対象 設備31% 金36% 討伐16% タップ17% → (a)OK ②改OK
  run21 対象 設備29% 金38% 討伐17% タップ16% → (a)OK ②改OK
  run22 対象 設備35% 金23% 討伐25% タップ17% → (a)NG ②改OK
  run23 対象 設備33% 金27% 討伐25% タップ15% → (a)NG ②改OK
  run24 対象 設備31% 金28% 討伐26% タップ15% → (a)NG ②改OK
  run25 対象 設備23% 金42% 討伐23% タップ11% → (a)OK ②改OK
  run26 対象 設備26% 金34% 討伐28% タップ12% → (a)OK ②改OK
  run27 対象 設備23% 金52% 討伐14% タップ11% → (a)OK ②改NG
  run28 対象 設備18% 金62% 討伐10% タップ10% → (a)OK ②改NG
  run29 対象 設備18% 金61% 討伐10% タップ10% → (a)OK ②改NG
  run30 対象 設備18% 金63% 討伐10% タップ10% → (a)OK ②改NG
  run31 対象 設備19% 金60% 討伐11% タップ10% → (a)OK ②改NG
  run32 対象 設備17% 金64% 討伐9% タップ10% → (a)OK ②改NG
  run33 対象 設備9% 金45% 討伐5% タップ41% → (a)OK ②改OK
  run34 対象 設備9% 金41% 討伐5% タップ45% → (a)OK ②改OK
  run35 対象 設備9% 金34% 討伐5% タップ52% → (a)OK ②改OK
  run36 対象 設備8% 金46% 討伐4% タップ42% → (a)OK ②改OK
  run37 対象 設備8% 金40% 討伐4% タップ48% → (a)OK ②改OK
  run38 対象 設備8% 金39% 討伐4% タップ48% → (a)OK ②改OK
  run39 対象 設備8% 金37% 討伐5% タップ50% → (a)OK ②改OK
  run40 対象 設備7% 金43% 討伐4% タップ46% → (a)OK ②改OK
  run41 対象 設備8% 金36% 討伐4% タップ51% → (a)OK ②改OK
  run42 対象 設備8% 金39% 討伐4% タップ49% → (a)OK ②改OK
  run43 対象 設備8% 金38% 討伐4% タップ49% → (a)OK ②改OK
  run44 対象 設備8% 金37% 討伐4% タップ51% → (a)OK ②改OK
  run45 対象 設備8% 金36% 討伐11% タップ46% → (a)OK ②改OK
  run46 対象 設備8% 金31% 討伐12% タップ49% → (a)OK ②改OK
hunt(S4 狩猟特化型) 主役=討伐由来≥30%: 37/43周回 合格
  run 0 対象外 設備34% 金14% 討伐3% タップ49%
  run 1 対象外 設備38% 金31% 討伐3% タップ29%
  run 2 対象外 設備9% 金26% 討伐36% タップ30%
  run 3 対象外 設備32% 金52% 討伐4% タップ13%
  run 4 対象 設備7% 金46% 討伐33% タップ14% → (a)OK ②改OK
  run 5 対象 設備6% 金43% 討伐40% タップ11% → (a)OK ②改OK
  run 6 対象 設備8% 金42% 討伐37% タップ13% → (a)OK ②改OK
  run 7 対象 設備9% 金38% 討伐44% タップ9% → (a)OK ②改OK
  run 8 対象 設備8% 金45% 討伐36% タップ11% → (a)OK ②改OK
  run 9 対象 設備8% 金44% 討伐41% タップ7% → (a)OK ②改OK
  run10 対象 設備11% 金45% 討伐35% タップ9% → (a)OK ②改OK
  run11 対象 設備11% 金47% 討伐35% タップ6% → (a)OK ②改OK
  run12 対象 設備11% 金49% 討伐33% タップ7% → (a)OK ②改OK
  run13 対象 設備11% 金44% 討伐36% タップ8% → (a)OK ②改OK
  run14 対象 設備12% 金46% 討伐33% タップ10% → (a)OK ②改OK
  run15 対象 設備15% 金39% 討伐35% タップ11% → (a)OK ②改OK
  run16 対象 設備13% 金43% 討伐33% タップ10% → (a)OK ②改OK
  run17 対象 設備13% 金45% 討伐32% タップ10% → (a)OK ②改OK
  run18 対象 設備13% 金47% 討伐29% タップ10% → (a)NG ②改OK
  run19 対象 設備14% 金46% 討伐30% タップ10% → (a)NG ②改OK
  run20 対象 設備14% 金46% 討伐30% タップ10% → (a)NG ②改OK
  run21 対象 設備14% 金48% 討伐29% タップ9% → (a)NG ②改OK
  run22 対象 設備15% 金42% 討伐34% タップ8% → (a)OK ②改OK
  run23 対象 設備14% 金42% 討伐36% タップ7% → (a)OK ②改OK
  run24 対象 設備14% 金41% 討伐39% タップ7% → (a)OK ②改OK
  run25 対象 設備11% 金37% 討伐45% タップ6% → (a)OK ②改OK
  run26 対象 設備11% 金36% 討伐47% タップ6% → (a)OK ②改OK
  run27 対象 設備22% 金20% 討伐50% タップ8% → (a)OK ②改OK
  run28 対象 設備15% 金19% 討伐60% タップ6% → (a)OK ②改NG
  run29 対象 設備19% 金16% 討伐57% タップ7% → (a)OK ②改NG
  run30 対象 設備18% 金15% 討伐61% タップ7% → (a)OK ②改NG
  run31 対象 設備16% 金15% 討伐63% タップ6% → (a)OK ②改NG
  run32 対象 設備15% 金16% 討伐63% タップ6% → (a)OK ②改NG
  run33 対象 設備4% 金18% 討伐61% タップ17% → (a)OK ②改NG
  run34 対象 設備6% 金15% 討伐34% タップ45% → (a)OK ②改OK
  run35 対象 設備5% 金15% 討伐53% タップ27% → (a)OK ②改NG
  run36 対象 設備6% 金13% 討伐35% タップ46% → (a)OK ②改OK
  run37 対象 設備5% 金14% 討伐56% タップ25% → (a)OK ②改NG
  run38 対象 設備5% 金14% 討伐47% タップ34% → (a)OK ②改OK
  run39 対象 設備6% 金12% 討伐34% タップ47% → (a)OK ②改OK
  run40 対象 設備6% 金11% 討伐38% タップ45% → (a)OK ②改OK
  run41 対象 設備6% 金11% 討伐49% タップ34% → (a)OK ②改OK
  run42 対象 設備7% 金9% 討伐36% タップ48% → (a)OK ②改OK
  run43 対象 設備7% 金11% 討伐29% タップ54% → (a)NG ②改OK
  run44 対象 設備7% 金10% 討伐31% タップ53% → (a)OK ②改OK
  run45 対象 設備7% 金7% 討伐28% タップ57% → (a)NG ②改OK
  run46 対象 設備7% 金13% 討伐60% タップ20% → (a)OK ②改NG
bake(S1 バランス効率型) 主役=設備生産≥30%: 26/33周回 合格
  run 0 対象 設備34% 金12% 討伐4% タップ50% → (a)OK ②改OK
  run 1 対象 設備42% 金22% 討伐4% タップ33% → (a)OK ②改OK
  run 2 対象 設備35% 金28% 討伐9% タップ28% → (a)OK ②改OK
  run 3 対象 設備35% 金41% 討伐5% タップ18% → (a)OK ②改OK
  run 4 対象 設備22% 金52% 討伐9% タップ17% → (a)NG ②改OK
  run 5 対象 設備41% 金34% 討伐9% タップ16% → (a)OK ②改OK
  run 6 対象 設備49% 金31% 討伐8% タップ11% → (a)OK ②改OK
  run 7 対象 設備51% 金27% 討伐8% タップ13% → (a)OK ②改OK
  run 8 対象 設備52% 金29% 討伐8% タップ11% → (a)OK ②改NG
  run 9 対象 設備48% 金35% 討伐7% タップ11% → (a)OK ②改OK
  run10 対象 設備51% 金31% 討伐7% タップ11% → (a)OK ②改OK
  run11 対象 設備55% 金30% 討伐6% タップ8% → (a)OK ②改NG
  run12 対象 設備54% 金29% 討伐8% タップ10% → (a)OK ②改NG
  run13 対象 設備55% 金25% 討伐7% タップ12% → (a)OK ②改NG
  run14 対象 設備57% 金19% 討伐9% タップ15% → (a)OK ②改NG
  run15 対象 設備58% 金19% 討伐9% タップ14% → (a)OK ②改NG
  run16 対象 設備60% 金19% 討伐9% タップ13% → (a)OK ②改NG
  run17 対象 設備59% 金20% 討伐9% タップ12% → (a)OK ②改NG
  run18 対象 設備56% 金24% 討伐8% タップ12% → (a)OK ②改NG
  run19 対象 設備57% 金23% 討伐9% タップ12% → (a)OK ②改NG
  run20 対象 設備56% 金25% 討伐9% タップ10% → (a)OK ②改NG
  run21 対象 設備46% 金33% 討伐12% タップ9% → (a)OK ②改OK
  run22 対象 設備43% 金36% 討伐13% タップ8% → (a)OK ②改OK
  run23 対象 設備52% 金22% 討伐18% タップ8% → (a)OK ②改NG
  run24 対象 設備48% 金23% 討伐22% タップ7% → (a)OK ②改OK
  run25 対象 設備37% 金26% 討伐32% タップ6% → (a)OK ②改OK
  run26 対象 設備36% 金24% 討伐35% タップ6% → (a)OK ②改OK
  run27 対象 設備27% 金31% 討伐36% タップ6% → (a)NG ②改OK
  run28 対象 設備18% 金41% 討伐36% タップ5% → (a)NG ②改OK
  run29 対象 設備24% 金33% 討伐37% タップ5% → (a)NG ②改OK
  run30 対象 設備20% 金33% 討伐42% タップ5% → (a)NG ②改OK
  run31 対象 設備14% 金34% 討伐48% タップ4% → (a)NG ②改OK
  run32 対象 設備17% 金30% 討伐49% タップ4% → (a)NG ②改OK
㉘合計: 131/171周回
②(改・ジャンル一強禁止 得意ジャンルlift≤±1.5倍) 合計: 106/142周回
