=== ㉘稼ぎ口比率(24h・周回シェア=各tickシェアの周回平均) ===
balanced(S6 早回し転生型) 4つすべて≥10%: 17/32周回 合格
  run 0 対象 設備44% 金14% 討伐6% タップ36% → (a)NG ②改OK
  run 1 対象 設備43% 金26% 討伐6% タップ26% → (a)NG ②改OK
  run 2 対象 設備43% 金29% 討伐8% タップ20% → (a)NG ②改OK
  run 3 対象 設備36% 金43% 討伐6% タップ15% → (a)NG ②改OK
  run 4 対象 設備25% 金54% 討伐9% タップ13% → (a)NG ②改OK
  run 5 対象 設備34% 金43% 討伐11% タップ13% → (a)OK ②改OK
  run 6 対象 設備38% 金42% 討伐11% タップ10% → (a)NG ②改OK
  run 7 対象 設備35% 金39% 討伐11% タップ15% → (a)OK ②改OK
  run 8 対象 設備32% 金45% 討伐10% タップ13% → (a)NG ②改OK
  run 9 対象 設備30% 金49% 討伐9% タップ13% → (a)NG ②改OK
  run10 対象 設備34% 金41% 討伐11% タップ14% → (a)OK ②改OK
  run11 対象 設備32% 金45% 討伐10% タップ13% → (a)OK ②改OK
  run12 対象 設備34% 金40% 討伐11% タップ14% → (a)OK ②改OK
  run13 対象 設備31% 金35% 討伐12% タップ21% → (a)OK ②改OK
  run14 対象 設備30% 金30% 討伐14% タップ25% → (a)OK ②改OK
  run15 対象 設備32% 金29% 討伐15% タップ24% → (a)OK ②改OK
  run16 対象 設備34% 金27% 討伐16% タップ23% → (a)OK ②改OK
  run17 対象 設備31% 金32% 討伐15% タップ21% → (a)OK ②改OK
  run18 対象 設備30% 金37% 討伐14% タップ19% → (a)OK ②改OK
  run19 対象 設備26% 金40% 討伐17% タップ17% → (a)OK ②改OK
  run20 対象 設備28% 金39% 討伐17% タップ15% → (a)OK ②改OK
  run21 対象 設備26% 金37% 討伐23% タップ14% → (a)OK ②改OK
  run22 対象 設備23% 金34% 討伐30% タップ12% → (a)OK ②改OK
  run23 対象 設備22% 金36% 討伐31% タップ11% → (a)OK ②改OK
  run24 対象 設備22% 金33% 討伐34% タップ11% → (a)OK ②改OK
  run25 対象 設備13% 金40% 討伐39% タップ8% → (a)NG ②改OK
  run26 対象 設備13% 金40% 討伐40% タップ7% → (a)NG ②改OK
  run27 対象 設備11% 金37% 討伐46% タップ6% → (a)NG ②改OK
  run28 対象 設備8% 金40% 討伐46% タップ6% → (a)NG ②改OK
  run29 対象 設備7% 金38% 討伐50% タップ5% → (a)NG ②改OK
  run30 対象 設備8% 金35% 討伐52% タップ6% → (a)NG ②改OK
  run31 対象 設備11% 金39% 討伐44% タップ6% → (a)NG ②改OK
click(S2 クリック会心型) 主役=タップ≥30%: 28/47周回 合格
  run 0 対象 設備32% 金10% 討伐5% タップ53% → (a)OK ②改NG
  run 1 対象 設備30% 金24% 討伐7% タップ39% → (a)OK ②改OK
  run 2 対象 設備32% 金23% 討伐9% タップ36% → (a)OK ②改OK
  run 3 対象 設備26% 金33% 討伐9% タップ33% → (a)OK ②改OK
  run 4 対象 設備22% 金37% 討伐12% タップ29% → (a)NG ②改OK
  run 5 対象 設備27% 金31% 討伐14% タップ28% → (a)NG ②改OK
  run 6 対象 設備32% 金28% 討伐15% タップ25% → (a)NG ②改OK
  run 7 対象 設備31% 金18% 討伐18% タップ34% → (a)OK ②改OK
  run 8 対象 設備31% 金17% 討伐20% タップ32% → (a)OK ②改OK
  run 9 対象 設備31% 金21% 討伐18% タップ31% → (a)OK ②改OK
  run10 対象 設備32% 金21% 討伐18% タップ29% → (a)NG ②改OK
  run11 対象 設備28% 金14% 討伐21% タップ36% → (a)OK ②改OK
  run12 対象 設備29% 金12% 討伐22% タップ37% → (a)OK ②改OK
  run13 対象 設備28% 金11% 討伐23% タップ38% → (a)OK ②改OK
  run14 対象 設備27% 金14% 討伐21% タップ38% → (a)OK ②改OK
  run15 対象 設備28% 金18% 討伐22% タップ33% → (a)OK ②改OK
  run16 対象 設備33% 金10% 討伐25% タップ32% → (a)OK ②改OK
  run17 対象 設備33% 金12% 討伐24% タップ30% → (a)NG ②改OK
  run18 対象 設備32% 金15% 討伐22% タップ30% → (a)OK ②改OK
  run19 対象 設備35% 金15% 討伐23% タップ27% → (a)NG ②改OK
  run20 対象 設備36% 金14% 討伐23% タップ26% → (a)NG ②改OK
  run21 対象 設備33% 金29% 討伐21% タップ17% → (a)NG ②改OK
  run22 対象 設備37% 金28% 討伐20% タップ16% → (a)NG ②改OK
  run23 対象 設備33% 金36% 討伐16% タップ14% → (a)NG ②改OK
  run24 対象 設備33% 金36% 討伐17% タップ14% → (a)NG ②改OK
  run25 対象 設備34% 金29% 討伐23% タップ15% → (a)NG ②改OK
  run26 対象 設備35% 金26% 討伐24% タップ15% → (a)NG ②改OK
  run27 対象 設備33% 金27% 討伐25% タップ15% → (a)NG ②改OK
  run28 対象 設備40% 金18% 討伐25% タップ17% → (a)NG ②改OK
  run29 対象 設備39% 金20% 討伐24% タップ17% → (a)NG ②改OK
  run30 対象 設備41% 金15% 討伐26% タップ18% → (a)NG ②改OK
  run31 対象 設備40% 金16% 討伐26% タップ18% → (a)NG ②改OK
  run32 対象 設備37% 金20% 討伐27% タップ16% → (a)NG ②改OK
  run33 対象 設備8% 金17% 討伐24% タップ51% → (a)OK ②改OK
  run34 対象 設備8% 金19% 討伐13% タップ60% → (a)OK ②改NG
  run35 対象 設備7% 金15% 討伐16% タップ63% → (a)OK ②改NG
  run36 対象 設備7% 金18% 討伐14% タップ62% → (a)OK ②改NG
  run37 対象 設備6% 金20% 討伐14% タップ60% → (a)OK ②改NG
  run38 対象 設備6% 金20% 討伐14% タップ60% → (a)OK ②改NG
  run39 対象 設備6% 金12% 討伐14% タップ67% → (a)OK ②改NG
  run40 対象 設備6% 金13% 討伐16% タップ65% → (a)OK ②改NG
  run41 対象 設備6% 金14% 討伐16% タップ64% → (a)OK ②改NG
  run42 対象 設備6% 金13% 討伐16% タップ65% → (a)OK ②改NG
  run43 対象 設備6% 金11% 討伐15% タップ68% → (a)OK ②改NG
  run44 対象 設備5% 金17% 討伐15% タップ63% → (a)OK ②改NG
  run45 対象 設備6% 金11% 討伐16% タップ68% → (a)OK ②改NG
  run46 対象 設備5% 金17% 討伐16% タップ62% → (a)OK ②改NG
golden(S3 金クッキー特化型) 主役=金クッキー≥30%: 38/44周回 合格
  run 0 対象外 設備47% 金14% 討伐5% タップ35%
  run 1 対象外 設備49% 金31% 討伐3% タップ16%
  run 2 対象外 設備32% 金49% 討伐5% タップ14%
  run 3 対象 設備34% 金51% 討伐3% タップ11% → (a)OK ②改OK
  run 4 対象 設備14% 金62% 討伐9% タップ16% → (a)OK ②改NG
  run 5 対象 設備19% 金56% 討伐10% タップ15% → (a)OK ②改NG
  run 6 対象 設備64% 金21% 討伐0% タップ15% → (a)NG ②改OK
  run 7 対象 設備21% 金54% 討伐10% タップ14% → (a)OK ②改NG
  run 8 対象 設備19% 金60% 討伐8% タップ12% → (a)OK ②改NG
  run 9 対象 設備18% 金62% 討伐9% タップ11% → (a)OK ②改NG
  run10 対象 設備21% 金56% 討伐10% タップ12% → (a)OK ②改NG
  run11 対象 設備24% 金52% 討伐11% タップ13% → (a)OK ②改NG
  run12 対象 設備24% 金49% 討伐12% タップ14% → (a)OK ②改OK
  run13 対象 設備22% 金40% 討伐15% タップ23% → (a)OK ②改OK
  run14 対象 設備26% 金31% 討伐17% タップ26% → (a)OK ②改OK
  run15 対象 設備27% 金27% 討伐19% タップ26% → (a)NG ②改OK
  run16 対象 設備29% 金27% 討伐20% タップ25% → (a)NG ②改OK
  run17 対象 設備30% 金24% 討伐21% タップ25% → (a)NG ②改OK
  run18 対象 設備27% 金30% 討伐20% タップ23% → (a)OK ②改OK
  run19 対象 設備25% 金35% 討伐18% タップ22% → (a)OK ②改OK
  run20 対象 設備27% 金30% 討伐22% タップ21% → (a)NG ②改OK
  run21 対象 設備27% 金31% 討伐24% タップ18% → (a)OK ②改OK
  run22 対象 設備26% 金36% 討伐22% タップ16% → (a)OK ②改OK
  run23 対象 設備28% 金29% 討伐27% タップ16% → (a)NG ②改OK
  run24 対象 設備26% 金35% 討伐25% タップ15% → (a)OK ②改OK
  run25 対象 設備20% 金43% 討伐26% タップ11% → (a)OK ②改OK
  run26 対象 設備25% 金32% 討伐30% タップ13% → (a)OK ②改OK
  run27 対象 設備23% 金49% 討伐16% タップ13% → (a)OK ②改OK
  run28 対象 設備17% 金61% 討伐11% タップ11% → (a)OK ②改NG
  run29 対象 設備16% 金63% 討伐10% タップ10% → (a)OK ②改NG
  run30 対象 設備15% 金67% 討伐9% タップ10% → (a)OK ②改NG
  run31 対象 設備17% 金61% 討伐11% タップ10% → (a)OK ②改NG
  run32 対象 設備14% 金67% 討伐9% タップ10% → (a)OK ②改NG
  run33 対象 設備8% 金43% 討伐5% タップ44% → (a)OK ②改OK
  run34 対象 設備8% 金37% 討伐5% タップ50% → (a)OK ②改OK
  run35 対象 設備8% 金39% 討伐4% タップ50% → (a)OK ②改OK
  run36 対象 設備7% 金39% 討伐4% タップ50% → (a)OK ②改OK
  run37 対象 設備7% 金45% 討伐4% タップ44% → (a)OK ②改OK
  run38 対象 設備8% 金37% 討伐4% タップ51% → (a)OK ②改OK
  run39 対象 設備8% 金37% 討伐4% タップ51% → (a)OK ②改OK
  run40 対象 設備7% 金42% 討伐4% タップ47% → (a)OK ②改OK
  run41 対象 設備7% 金34% 討伐4% タップ54% → (a)OK ②改OK
  run42 対象 設備7% 金38% 討伐4% タップ51% → (a)OK ②改OK
  run43 対象 設備8% 金38% 討伐4% タップ50% → (a)OK ②改OK
  run44 対象 設備7% 金37% 討伐4% タップ52% → (a)OK ②改OK
  run45 対象 設備7% 金39% 討伐10% タップ44% → (a)OK ②改OK
  run46 対象 設備7% 金37% 討伐15% タップ41% → (a)OK ②改OK
hunt(S4 狩猟特化型) 主役=討伐由来≥30%: 33/43周回 合格
  run 0 対象外 設備45% 金18% 討伐3% タップ34%
  run 1 対象外 設備35% 金45% 討伐3% タップ17%
  run 2 対象外 設備8% 金32% 討伐36% タップ24%
  run 3 対象外 設備6% 金45% 討伐34% タップ14%
  run 4 対象 設備6% 金48% 討伐34% タップ12% → (a)OK ②改OK
  run 5 対象 設備37% 金34% 討伐15% タップ14% → (a)NG ②改OK
  run 6 対象 設備13% 金44% 討伐33% タップ10% → (a)OK ②改OK
  run 7 対象 設備12% 金38% 討伐41% タップ9% → (a)OK ②改OK
  run 8 対象 設備13% 金50% 討伐28% タップ9% → (a)NG ②改OK
  run 9 対象 設備11% 金46% 討伐36% タップ7% → (a)OK ②改OK
  run10 対象 設備7% 金57% 討伐29% タップ7% → (a)NG ②改OK
  run11 対象 設備11% 金48% 討伐35% タップ7% → (a)OK ②改OK
  run12 対象 設備9% 金57% 討伐28% タップ6% → (a)NG ②改OK
  run13 対象 設備9% 金49% 討伐35% タップ7% → (a)OK ②改OK
  run14 対象 設備7% 金55% 討伐32% タップ7% → (a)OK ②改OK
  run15 対象 設備12% 金43% 討伐36% タップ10% → (a)OK ②改OK
  run16 対象 設備25% 金31% 討伐28% タップ16% → (a)NG ②改OK
  run17 対象 設備9% 金54% 討伐29% タップ8% → (a)NG ②改OK
  run18 対象 設備12% 金47% 討伐32% タップ9% → (a)OK ②改OK
  run19 対象 設備10% 金56% 討伐28% タップ7% → (a)NG ②改OK
  run20 対象 設備23% 金36% 討伐27% タップ13% → (a)NG ②改OK
  run21 対象 設備10% 金49% 討伐32% タップ8% → (a)OK ②改OK
  run22 対象 設備13% 金47% 討伐33% タップ7% → (a)OK ②改OK
  run23 対象 設備13% 金42% 討伐37% タップ7% → (a)OK ②改OK
  run24 対象 設備12% 金41% 討伐40% タップ7% → (a)OK ②改OK
  run25 対象 設備10% 金36% 討伐48% タップ6% → (a)OK ②改OK
  run26 対象 設備9% 金33% 討伐52% タップ5% → (a)OK ②改NG
  run27 対象 設備21% 金25% 討伐45% タップ9% → (a)OK ②改OK
  run28 対象 設備13% 金25% 討伐57% タップ6% → (a)OK ②改NG
  run29 対象 設備18% 金21% 討伐53% タップ8% → (a)OK ②改NG
  run30 対象 設備16% 金20% 討伐56% タップ7% → (a)OK ②改NG
  run31 対象 設備14% 金20% 討伐59% タップ7% → (a)OK ②改NG
  run32 対象 設備15% 金21% 討伐58% タップ7% → (a)OK ②改NG
  run33 対象 設備3% 金20% 討伐62% タップ15% → (a)OK ②改NG
  run34 対象 設備5% 金16% 討伐39% タップ40% → (a)OK ②改OK
  run35 対象 設備4% 金14% 討伐52% タップ29% → (a)OK ②改NG
  run36 対象 設備5% 金15% 討伐35% タップ45% → (a)OK ②改OK
  run37 対象 設備4% 金15% 討伐57% タップ23% → (a)OK ②改NG
  run38 対象 設備4% 金17% 討伐52% タップ27% → (a)OK ②改NG
  run39 対象 設備5% 金13% 討伐33% タップ49% → (a)OK ②改OK
  run40 対象 設備5% 金15% 討伐33% タップ47% → (a)OK ②改OK
  run41 対象 設備4% 金13% 討伐52% タップ31% → (a)OK ②改NG
  run42 対象 設備5% 金11% 討伐41% タップ43% → (a)OK ②改OK
  run43 対象 設備5% 金14% 討伐31% タップ50% → (a)OK ②改OK
  run44 対象 設備5% 金17% 討伐21% タップ57% → (a)NG ②改OK
  run45 対象 設備5% 金12% 討伐38% タップ44% → (a)OK ②改OK
  run46 対象 設備11% 金29% 討伐29% タップ32% → (a)NG ②改OK
bake(S1 バランス効率型) 主役=設備生産≥30%: 26/35周回 合格
  run 0 対象 設備42% 金14% 討伐5% タップ39% → (a)OK ②改OK
  run 1 対象 設備50% 金24% 討伐4% タップ22% → (a)OK ②改OK
  run 2 対象 設備48% 金30% 討伐5% タップ17% → (a)OK ②改OK
  run 3 対象 設備32% 金47% 討伐6% タップ15% → (a)OK ②改OK
  run 4 対象 設備24% 金54% 討伐9% タップ13% → (a)NG ②改OK
  run 5 対象 設備39% 金38% 討伐9% タップ14% → (a)OK ②改OK
  run 6 対象 設備76% 金13% 討伐0% タップ12% → (a)OK ②改NG
  run 7 対象 設備45% 金30% 討伐10% タップ15% → (a)OK ②改OK
  run 8 対象 設備47% 金33% 討伐8% タップ12% → (a)OK ②改OK
  run 9 対象 設備44% 金35% 討伐8% タップ12% → (a)OK ②改OK
  run10 対象 設備48% 金31% 討伐9% タップ12% → (a)OK ②改OK
  run11 対象 設備51% 金30% 討伐8% タップ11% → (a)OK ②改OK
  run12 対象 設備49% 金30% 討伐9% タップ12% → (a)OK ②改OK
  run13 対象 設備49% 金26% 討伐9% タップ16% → (a)OK ②改OK
  run14 対象 設備49% 金22% 討伐11% タップ18% → (a)OK ②改OK
  run15 対象 設備52% 金20% 討伐11% タップ17% → (a)OK ②改NG
  run16 対象 設備54% 金19% 討伐11% タップ16% → (a)OK ②改NG
  run17 対象 設備52% 金21% 討伐11% タップ15% → (a)OK ②改NG
  run18 対象 設備50% 金26% 討伐11% タップ13% → (a)OK ②改OK
  run19 対象 設備50% 金26% 討伐11% タップ13% → (a)OK ②改OK
  run20 対象 設備51% 金26% 討伐11% タップ12% → (a)OK ②改OK
  run21 対象 設備38% 金38% 討伐13% タップ10% → (a)OK ②改OK
  run22 対象 設備38% 金37% 討伐16% タップ9% → (a)OK ②改OK
  run23 対象 設備46% 金22% 討伐22% タップ10% → (a)OK ②改OK
  run24 対象 設備42% 金25% 討伐25% タップ9% → (a)OK ②改OK
  run25 対象 設備32% 金26% 討伐34% タップ7% → (a)OK ②改OK
  run26 対象 設備30% 金26% 討伐37% タップ6% → (a)OK ②改OK
  run27 対象 設備24% 金31% 討伐37% タップ7% → (a)NG ②改OK
  run28 対象 設備14% 金43% 討伐38% タップ5% → (a)NG ②改OK
  run29 対象 設備20% 金35% 討伐38% タップ6% → (a)NG ②改OK
  run30 対象 設備17% 金39% 討伐38% タップ6% → (a)NG ②改OK
  run31 対象 設備12% 金39% 討伐45% タップ5% → (a)NG ②改OK
  run32 対象 設備14% 金32% 討伐50% タップ5% → (a)NG ②改OK
  run33 対象 設備10% 金28% 討伐38% タップ24% → (a)NG ②改OK
  run34 対象 設備10% 金24% 討伐36% タップ30% → (a)NG ②改OK
㉘合計: 142/201周回
②(改・ジャンル一強禁止 得意ジャンルlift≤±1.5倍) 合計: 128/169周回
