=== ㉘稼ぎ口比率(100h・周回シェア=各tickシェアの周回平均) ===
balanced(S6 早回し転生型) 4つすべて≥10%: 50/50周回 合格
  run 0 対象 設備11% 金42% 討伐14% タップ33% → (a)OK ②改OK
  run 1 対象 設備19% 金40% 討伐15% タップ26% → (a)OK ②改OK
  run 2 対象 設備24% 金29% 討伐18% タップ29% → (a)OK ②改OK
  run 3 対象 設備23% 金19% 討伐20% タップ38% → (a)OK ②改OK
  run 4 対象 設備18% 金32% 討伐17% タップ33% → (a)OK ②改OK
  run 5 対象 設備16% 金30% 討伐21% タップ33% → (a)OK ②改OK
  run 6 対象 設備16% 金24% 討伐23% タップ37% → (a)OK ②改OK
  run 7 対象 設備21% 金16% 討伐23% タップ40% → (a)OK ②改OK
  run 8 対象 設備20% 金23% 討伐21% タップ35% → (a)OK ②改OK
  run 9 対象 設備19% 金25% 討伐21% タップ36% → (a)OK ②改OK
  run10 対象 設備20% 金26% 討伐21% タップ33% → (a)OK ②改OK
  run11 対象 設備17% 金34% 討伐21% タップ28% → (a)OK ②改OK
  run12 対象 設備19% 金31% 討伐22% タップ28% → (a)OK ②改OK
  run13 対象 設備18% 金36% 討伐21% タップ25% → (a)OK ②改OK
  run14 対象 設備20% 金33% 討伐22% タップ25% → (a)OK ②改OK
  run15 対象 設備19% 金37% 討伐20% タップ24% → (a)OK ②改OK
  run16 対象 設備23% 金27% 討伐25% タップ25% → (a)OK ②改OK
  run17 対象 設備25% 金26% 討伐25% タップ24% → (a)OK ②改OK
  run18 対象 設備25% 金25% 討伐26% タップ24% → (a)OK ②改OK
  run19 対象 設備24% 金33% 討伐22% タップ21% → (a)OK ②改OK
  run20 対象 設備24% 金31% 討伐25% タップ21% → (a)OK ②改OK
  run21 対象 設備26% 金33% 討伐21% タップ20% → (a)OK ②改OK
  run22 対象 設備24% 金32% 討伐25% タップ19% → (a)OK ②改OK
  run23 対象 設備27% 金26% 討伐29% タップ17% → (a)OK ②改OK
  run24 対象 設備27% 金23% 討伐34% タップ16% → (a)OK ②改OK
  run25 対象 設備25% 金30% 討伐30% タップ15% → (a)OK ②改OK
  run26 対象 設備24% 金21% 討伐39% タップ15% → (a)OK ②改OK
  run27 対象 設備24% 金28% 討伐32% タップ15% → (a)OK ②改OK
  run28 対象 設備24% 金26% 討伐35% タップ15% → (a)OK ②改OK
  run29 対象 設備24% 金26% 討伐35% タップ16% → (a)OK ②改OK
  run30 対象 設備24% 金30% 討伐30% タップ16% → (a)OK ②改OK
  run31 対象 設備23% 金30% 討伐32% タップ15% → (a)OK ②改OK
  run32 対象 設備22% 金28% 討伐34% タップ16% → (a)OK ②改OK
  run33 対象 設備21% 金40% 討伐26% タップ13% → (a)OK ②改OK
  run34 対象 設備24% 金31% 討伐29% タップ16% → (a)OK ②改OK
  run35 対象 設備26% 金31% 討伐29% タップ15% → (a)OK ②改OK
  run36 対象 設備25% 金29% 討伐30% タップ16% → (a)OK ②改OK
  run37 対象 設備27% 金30% 討伐29% タップ15% → (a)OK ②改OK
  run38 対象 設備29% 金31% 討伐24% タップ16% → (a)OK ②改OK
  run39 対象 設備26% 金30% 討伐28% タップ15% → (a)OK ②改OK
  run40 対象 設備27% 金26% 討伐30% タップ17% → (a)OK ②改OK
  run41 対象 設備27% 金25% 討伐31% タップ16% → (a)OK ②改OK
  run42 対象 設備26% 金26% 討伐30% タップ17% → (a)OK ②改OK
  run43 対象 設備24% 金19% 討伐34% タップ23% → (a)OK ②改OK
  run44 対象 設備25% 金21% 討伐35% タップ19% → (a)OK ②改OK
  run45 対象 設備25% 金22% 討伐36% タップ17% → (a)OK ②改OK
  run46 対象 設備24% 金22% 討伐35% タップ19% → (a)OK ②改OK
  run47 対象 設備26% 金23% 討伐33% タップ19% → (a)OK ②改OK
  run48 対象 設備22% 金25% 討伐36% タップ17% → (a)OK ②改OK
  run49 対象 設備24% 金22% 討伐35% タップ19% → (a)OK ②改OK
