=== ㉘稼ぎ口比率(100h・周回シェア=各tickシェアの周回平均) ===
balanced(S6 早回し転生型) 4つすべて≥10%: 47/50周回 合格
  run 0 対象 設備18% 金37% 討伐13% タップ31% → (a)OK ②改OK
  run 1 対象 設備24% 金43% 討伐11% タップ22% → (a)OK ②改OK
  run 2 対象 設備35% 金39% 討伐11% タップ16% → (a)OK ②改OK
  run 3 対象 設備32% 金47% 討伐8% タップ13% → (a)NG ②改OK
  run 4 対象 設備29% 金48% 討伐10% タップ13% → (a)NG ②改OK
  run 5 対象 設備28% 金49% 討伐13% タップ11% → (a)OK ②改OK
  run 6 対象 設備32% 金42% 討伐15% タップ11% → (a)OK ②改OK
  run 7 対象 設備34% 金39% 討伐15% タップ11% → (a)OK ②改OK
  run 8 対象 設備35% 金41% 討伐14% タップ10% → (a)NG ②改OK
  run 9 対象 設備34% 金35% 討伐16% タップ15% → (a)OK ②改OK
  run10 対象 設備34% 金37% 討伐15% タップ14% → (a)OK ②改OK
  run11 対象 設備27% 金46% 討伐15% タップ11% → (a)OK ②改OK
  run12 対象 設備32% 金39% 討伐17% タップ12% → (a)OK ②改OK
  run13 対象 設備31% 金41% 討伐16% タップ12% → (a)OK ②改OK
  run14 対象 設備33% 金37% 討伐17% タップ12% → (a)OK ②改OK
  run15 対象 設備31% 金34% 討伐18% タップ17% → (a)OK ②改OK
  run16 対象 設備34% 金27% 討伐21% タップ18% → (a)OK ②改OK
  run17 対象 設備36% 金24% 討伐22% タップ18% → (a)OK ②改OK
  run18 対象 設備36% 金27% 討伐21% タップ16% → (a)OK ②改OK
  run19 対象 設備36% 金27% 討伐21% タップ16% → (a)OK ②改OK
  run20 対象 設備36% 金28% 討伐21% タップ15% → (a)OK ②改OK
  run21 対象 設備35% 金29% 討伐21% タップ15% → (a)OK ②改OK
  run22 対象 設備36% 金27% 討伐23% タップ14% → (a)OK ②改OK
  run23 対象 設備37% 金23% 討伐26% タップ14% → (a)OK ②改OK
  run24 対象 設備36% 金21% 討伐30% タップ13% → (a)OK ②改OK
  run25 対象 設備33% 金20% 討伐34% タップ13% → (a)OK ②改OK
  run26 対象 設備32% 金21% 討伐35% タップ12% → (a)OK ②改OK
  run27 対象 設備30% 金27% 討伐31% タップ12% → (a)OK ②改OK
  run28 対象 設備28% 金22% 討伐37% タップ12% → (a)OK ②改OK
  run29 対象 設備29% 金24% 討伐35% タップ13% → (a)OK ②改OK
  run30 対象 設備29% 金31% 討伐27% タップ13% → (a)OK ②改OK
  run31 対象 設備29% 金30% 討伐28% タップ13% → (a)OK ②改OK
  run32 対象 設備28% 金25% 討伐33% タップ14% → (a)OK ②改OK
  run33 対象 設備28% 金30% 討伐29% タップ13% → (a)OK ②改OK
  run34 対象 設備31% 金32% 討伐23% タップ14% → (a)OK ②改OK
  run35 対象 設備30% 金27% 討伐24% タップ19% → (a)OK ②改OK
  run36 対象 設備30% 金25% 討伐26% タップ18% → (a)OK ②改OK
  run37 対象 設備31% 金26% 討伐25% タップ18% → (a)OK ②改OK
  run38 対象 設備32% 金22% 討伐22% タップ25% → (a)OK ②改OK
  run39 対象 設備30% 金24% 討伐25% タップ21% → (a)OK ②改OK
  run40 対象 設備30% 金21% 討伐25% タップ24% → (a)OK ②改OK
  run41 対象 設備30% 金20% 討伐26% タップ24% → (a)OK ②改OK
  run42 対象 設備30% 金21% 討伐27% タップ21% → (a)OK ②改OK
  run43 対象 設備27% 金16% 討伐28% タップ29% → (a)OK ②改OK
  run44 対象 設備28% 金18% 討伐29% タップ25% → (a)OK ②改OK
  run45 対象 設備29% 金20% 討伐29% タップ22% → (a)OK ②改OK
  run46 対象 設備27% 金17% 討伐28% タップ28% → (a)OK ②改OK
  run47 対象 設備29% 金20% 討伐24% タップ27% → (a)OK ②改OK
  run48 対象 設備28% 金18% 討伐29% タップ26% → (a)OK ②改OK
  run49 対象 設備27% 金21% 討伐32% タップ20% → (a)OK ②改OK
click(S2 クリック会心型) 主役=タップ≥30%: 38/50周回 合格
  run 0 対象 設備13% 金28% 討伐8% タップ50% → (a)OK ②改OK
  run 1 対象 設備17% 金40% 討伐9% タップ34% → (a)OK ②改OK
  run 2 対象 設備25% 金37% 討伐8% タップ30% → (a)NG ②改OK
  run 3 対象 設備26% 金41% 討伐7% タップ27% → (a)NG ②改OK
  run 4 対象 設備28% 金37% 討伐7% タップ28% → (a)NG ②改OK
  run 5 対象 設備26% 金37% 討伐14% タップ22% → (a)NG ②改OK
  run 6 対象 設備30% 金30% 討伐18% タップ22% → (a)NG ②改OK
  run 7 対象 設備37% 金22% 討伐17% タップ24% → (a)NG ②改OK
  run 8 対象 設備41% 金15% 討伐18% タップ26% → (a)NG ②改OK
  run 9 対象 設備40% 金11% 討伐19% タップ30% → (a)OK ②改OK
  run10 対象 設備40% 金13% 討伐18% タップ30% → (a)NG ②改OK
  run11 対象 設備40% 金13% 討伐18% タップ29% → (a)NG ②改OK
  run12 対象 設備40% 金14% 討伐17% タップ29% → (a)NG ②改OK
  run13 対象 設備42% 金13% 討伐16% タップ30% → (a)NG ②改OK
  run14 対象 設備42% 金12% 討伐16% タップ30% → (a)OK ②改OK
  run15 対象 設備43% 金10% 討伐15% タップ32% → (a)OK ②改OK
  run16 対象 設備43% 金10% 討伐16% タップ32% → (a)OK ②改OK
  run17 対象 設備45% 金9% 討伐14% タップ31% → (a)OK ②改OK
  run18 対象 設備46% 金9% 討伐15% タップ31% → (a)OK ②改OK
  run19 対象 設備46% 金10% 討伐14% タップ31% → (a)OK ②改OK
  run20 対象 設備45% 金10% 討伐14% タップ31% → (a)OK ②改OK
  run21 対象 設備46% 金11% 討伐13% タップ30% → (a)OK ②改OK
  run22 対象 設備44% 金11% 討伐13% タップ32% → (a)OK ②改OK
  run23 対象 設備47% 金9% 討伐14% タップ29% → (a)NG ②改OK
  run24 対象 設備45% 金8% 討伐16% タップ31% → (a)OK ②改OK
  run25 対象 設備42% 金9% 討伐16% タップ32% → (a)OK ②改OK
  run26 対象 設備42% 金8% 討伐16% タップ34% → (a)OK ②改OK
  run27 対象 設備35% 金9% 討伐16% タップ40% → (a)OK ②改OK
  run28 対象 設備31% 金9% 討伐15% タップ45% → (a)OK ②改OK
  run29 対象 設備31% 金8% 討伐15% タップ46% → (a)OK ②改OK
  run30 対象 設備38% 金6% 討伐16% タップ41% → (a)OK ②改OK
  run31 対象 設備26% 金9% 討伐17% タップ48% → (a)OK ②改OK
  run32 対象 設備27% 金8% 討伐17% タップ48% → (a)OK ②改OK
  run33 対象 設備29% 金7% 討伐15% タップ49% → (a)OK ②改OK
  run34 対象 設備27% 金9% 討伐16% タップ48% → (a)OK ②改OK
  run35 対象 設備25% 金9% 討伐15% タップ51% → (a)OK ②改OK
  run36 対象 設備28% 金11% 討伐14% タップ47% → (a)OK ②改OK
  run37 対象 設備21% 金8% 討伐12% タップ60% → (a)OK ②改NG
  run38 対象 設備18% 金6% 討伐10% タップ66% → (a)OK ②改NG
  run39 対象 設備22% 金10% 討伐10% タップ58% → (a)OK ②改NG
  run40 対象 設備20% 金9% 討伐9% タップ62% → (a)OK ②改NG
  run41 対象 設備17% 金6% 討伐9% タップ69% → (a)OK ②改NG
  run42 対象 設備23% 金10% 討伐10% タップ57% → (a)OK ②改NG
  run43 対象 設備19% 金6% 討伐9% タップ66% → (a)OK ②改NG
  run44 対象 設備20% 金7% 討伐9% タップ64% → (a)OK ②改NG
  run45 対象 設備19% 金6% 討伐9% タップ66% → (a)OK ②改NG
  run46 対象 設備17% 金7% 討伐7% タップ68% → (a)OK ②改NG
  run47 対象 設備14% 金5% 討伐7% タップ74% → (a)OK ②改NG
  run48 対象 設備16% 金5% 討伐9% タップ70% → (a)OK ②改NG
  run49 対象 設備16% 金6% 討伐9% タップ70% → (a)OK ②改NG
