=== ㉘稼ぎ口比率(100h・周回シェア=各tickシェアの周回平均) ===
balanced(S6 早回し転生型) 4つすべて≥10%: 48/50周回 合格
  run 0 対象 設備38% 金13% 討伐12% タップ38% → (a)OK ②改OK
  run 1 対象 設備45% 金22% 討伐10% タップ23% → (a)OK ②改OK
  run 2 対象 設備43% 金27% 討伐12% タップ17% → (a)OK ②改OK
  run 3 対象 設備38% 金40% 討伐9% タップ14% → (a)NG ②改OK
  run 4 対象 設備31% 金45% 討伐10% タップ13% → (a)OK ②改OK
  run 5 対象 設備28% 金48% 討伐13% タップ11% → (a)OK ②改OK
  run 6 対象 設備33% 金41% 討伐15% タップ11% → (a)OK ②改OK
  run 7 対象 設備33% 金40% 討伐16% タップ11% → (a)OK ②改OK
  run 8 対象 設備33% 金44% 討伐14% タップ9% → (a)NG ②改OK
  run 9 対象 設備35% 金34% 討伐16% タップ15% → (a)OK ②改OK
  run10 対象 設備35% 金35% 討伐16% タップ14% → (a)OK ②改OK
  run11 対象 設備27% 金47% 討伐15% タップ11% → (a)OK ②改OK
  run12 対象 設備32% 金38% 討伐17% タップ13% → (a)OK ②改OK
  run13 対象 設備30% 金43% 討伐16% タップ12% → (a)OK ②改OK
  run14 対象 設備33% 金37% 討伐17% タップ12% → (a)OK ②改OK
  run15 対象 設備31% 金34% 討伐18% タップ17% → (a)OK ②改OK
  run16 対象 設備34% 金26% 討伐21% タップ18% → (a)OK ②改OK
  run17 対象 設備35% 金27% 討伐21% タップ18% → (a)OK ②改OK
  run18 対象 設備36% 金26% 討伐22% タップ16% → (a)OK ②改OK
  run19 対象 設備35% 金28% 討伐21% タップ16% → (a)OK ②改OK
  run20 対象 設備35% 金29% 討伐21% タップ15% → (a)OK ②改OK
  run21 対象 設備33% 金32% 討伐21% タップ15% → (a)OK ②改OK
  run22 対象 設備36% 金28% 討伐23% タップ14% → (a)OK ②改OK
  run23 対象 設備34% 金29% 討伐21% タップ16% → (a)OK ②改OK
  run24 対象 設備32% 金24% 討伐30% タップ14% → (a)OK ②改OK
  run25 対象 設備30% 金23% 討伐34% タップ13% → (a)OK ②改OK
  run26 対象 設備28% 金29% 討伐31% タップ13% → (a)OK ②改OK
  run27 対象 設備25% 金24% 討伐37% タップ14% → (a)OK ②改OK
  run28 対象 設備25% 金23% 討伐39% タップ13% → (a)OK ②改OK
  run29 対象 設備23% 金27% 討伐37% タップ14% → (a)OK ②改OK
  run30 対象 設備19% 金36% 討伐30% タップ14% → (a)OK ②改OK
  run31 対象 設備19% 金34% 討伐32% タップ14% → (a)OK ②改OK
  run32 対象 設備18% 金30% 討伐36% タップ16% → (a)OK ②改OK
  run33 対象 設備17% 金36% 討伐32% タップ15% → (a)OK ②改OK
  run34 対象 設備20% 金38% 討伐28% タップ15% → (a)OK ②改OK
  run35 対象 設備19% 金32% 討伐29% タップ20% → (a)OK ②改OK
  run36 対象 設備18% 金33% 討伐30% タップ19% → (a)OK ②改OK
  run37 対象 設備18% 金28% 討伐31% タップ22% → (a)OK ②改OK
  run38 対象 設備19% 金24% 討伐27% タップ31% → (a)OK ②改OK
  run39 対象 設備19% 金32% 討伐28% タップ21% → (a)OK ②改OK
  run40 対象 設備17% 金26% 討伐30% タップ27% → (a)OK ②改OK
  run41 対象 設備18% 金25% 討伐31% タップ27% → (a)OK ②改OK
  run42 対象 設備17% 金27% 討伐33% タップ23% → (a)OK ②改OK
  run43 対象 設備17% 金18% 討伐33% タップ32% → (a)OK ②改OK
  run44 対象 設備16% 金24% 討伐33% タップ27% → (a)OK ②改OK
  run45 対象 設備17% 金22% 討伐36% タップ26% → (a)OK ②改OK
  run46 対象 設備16% 金20% 討伐32% タップ31% → (a)OK ②改OK
  run47 対象 設備17% 金23% 討伐29% タップ31% → (a)OK ②改OK
  run48 対象 設備16% 金21% 討伐32% タップ30% → (a)OK ②改OK
  run49 対象 設備16% 金22% 討伐34% タップ28% → (a)OK ②改OK
click(S2 クリック会心型) 主役=タップ≥30%: 40/50周回 合格
  run 0 対象 設備25% 金8% 討伐7% タップ59% → (a)OK ②改NG
  run 1 対象 設備31% 金20% 討伐7% タップ42% → (a)OK ②改OK
  run 2 対象 設備34% 金26% 討伐8% タップ32% → (a)OK ②改OK
  run 3 対象 設備27% 金38% 討伐7% タップ28% → (a)NG ②改OK
  run 4 対象 設備30% 金36% 討伐6% タップ28% → (a)NG ②改OK
  run 5 対象 設備26% 金40% 討伐12% タップ22% → (a)NG ②改OK
  run 6 対象 設備31% 金27% 討伐18% タップ23% → (a)NG ②改OK
  run 7 対象 設備37% 金23% 討伐17% タップ23% → (a)NG ②改OK
  run 8 対象 設備41% 金15% 討伐18% タップ27% → (a)NG ②改OK
  run 9 対象 設備40% 金10% 討伐19% タップ30% → (a)OK ②改OK
  run10 対象 設備42% 金15% 討伐17% タップ26% → (a)NG ②改OK
  run11 対象 設備42% 金16% 討伐17% タップ26% → (a)NG ②改OK
  run12 対象 設備40% 金12% 討伐18% タップ30% → (a)OK ②改OK
  run13 対象 設備41% 金13% 討伐16% タップ30% → (a)NG ②改OK
  run14 対象 設備42% 金12% 討伐16% タップ30% → (a)OK ②改OK
  run15 対象 設備40% 金13% 討伐15% タップ33% → (a)OK ②改OK
  run16 対象 設備42% 金10% 討伐16% タップ32% → (a)OK ②改OK
  run17 対象 設備43% 金10% 討伐14% タップ32% → (a)OK ②改OK
  run18 対象 設備43% 金11% 討伐14% タップ32% → (a)OK ②改OK
  run19 対象 設備48% 金10% 討伐13% タップ29% → (a)NG ②改OK
  run20 対象 設備45% 金10% 討伐14% タップ31% → (a)OK ②改OK
  run21 対象 設備44% 金11% 討伐13% タップ32% → (a)OK ②改OK
  run22 対象 設備44% 金9% 討伐14% タップ33% → (a)OK ②改OK
  run23 対象 設備38% 金11% 討伐11% タップ40% → (a)OK ②改OK
  run24 対象 設備36% 金11% 討伐13% タップ41% → (a)OK ②改OK
  run25 対象 設備39% 金11% 討伐16% タップ33% → (a)OK ②改OK
  run26 対象 設備40% 金9% 討伐16% タップ35% → (a)OK ②改OK
  run27 対象 設備34% 金10% 討伐16% タップ41% → (a)OK ②改OK
  run28 対象 設備30% 金9% 討伐15% タップ45% → (a)OK ②改OK
  run29 対象 設備29% 金9% 討伐15% タップ47% → (a)OK ②改OK
  run30 対象 設備35% 金7% 討伐16% タップ42% → (a)OK ②改OK
  run31 対象 設備22% 金9% 討伐18% タップ51% → (a)OK ②改OK
  run32 対象 設備21% 金10% 討伐17% タップ51% → (a)OK ②改NG
  run33 対象 設備27% 金7% 討伐15% タップ50% → (a)OK ②改OK
  run34 対象 設備19% 金11% 討伐17% タップ53% → (a)OK ②改NG
  run35 対象 設備13% 金14% 討伐22% タップ51% → (a)OK ②改OK
  run36 対象 設備15% 金17% 討伐20% タップ48% → (a)OK ②改OK
  run37 対象 設備11% 金12% 討伐17% タップ59% → (a)OK ②改NG
  run38 対象 設備10% 金11% 討伐14% タップ64% → (a)OK ②改NG
  run39 対象 設備10% 金10% 討伐14% タップ66% → (a)OK ②改NG
  run40 対象 設備9% 金10% 討伐12% タップ69% → (a)OK ②改NG
  run41 対象 設備9% 金10% 討伐12% タップ69% → (a)OK ②改NG
  run42 対象 設備10% 金11% 討伐13% タップ66% → (a)OK ②改NG
  run43 対象 設備10% 金11% 討伐13% タップ67% → (a)OK ②改NG
  run44 対象 設備12% 金16% 討伐14% タップ59% → (a)OK ②改NG
  run45 対象 設備10% 金11% 討伐13% タップ67% → (a)OK ②改NG
  run46 対象 設備9% 金12% 討伐10% タップ69% → (a)OK ②改NG
  run47 対象 設備8% 金9% 討伐10% タップ73% → (a)OK ②改NG
  run48 対象 設備9% 金9% 討伐13% タップ70% → (a)OK ②改NG
  run49 対象 設備8% 金9% 討伐12% タップ71% → (a)OK ②改NG
golden(S3 金クッキー特化型) 主役=金クッキー≥30%: 42/43周回 合格
  run 0 対象外 設備38% 金11% 討伐10% タップ41%
  run 1 対象外 設備44% 金31% 討伐7% タップ18%
  run 2 対象外 設備19% 金52% 討伐14% タップ15%
  run 3 対象外 設備17% 金58% 討伐12% タップ13%
  run 4 対象 設備12% 金66% 討伐12% タップ10% → (a)OK ②改NG
  run 5 対象 設備17% 金60% 討伐14% タップ10% → (a)OK ②改NG
  run 6 対象 設備17% 金62% 討伐13% タップ8% → (a)OK ②改NG
  run 7 対象 設備20% 金56% 討伐14% タップ9% → (a)OK ②改NG
  run 8 対象 設備19% 金58% 討伐14% タップ9% → (a)OK ②改NG
  run 9 対象 設備19% 金58% 討伐13% タップ9% → (a)OK ②改NG
  run10 対象 設備19% 金59% 討伐13% タップ9% → (a)OK ②改NG
  run11 対象 設備20% 金57% 討伐14% タップ9% → (a)OK ②改NG
  run12 対象 設備21% 金54% 討伐15% タップ10% → (a)OK ②改NG
  run13 対象 設備21% 金45% 討伐18% タップ16% → (a)OK ②改OK
  run14 対象 設備26% 金35% 討伐20% タップ18% → (a)OK ②改OK
  run15 対象 設備25% 金36% 討伐20% タップ18% → (a)OK ②改OK
  run16 対象 設備26% 金35% 討伐21% タップ18% → (a)OK ②改OK
  run17 対象 設備26% 金35% 討伐21% タップ17% → (a)OK ②改OK
  run18 対象 設備25% 金40% 討伐20% タップ15% → (a)OK ②改OK
  run19 対象 設備26% 金37% 討伐21% タップ16% → (a)OK ②改OK
  run20 対象 設備27% 金35% 討伐22% タップ15% → (a)OK ②改OK
  run21 対象 設備30% 金35% 討伐20% タップ14% → (a)OK ②改OK
  run22 対象 設備30% 金27% 討伐30% タップ13% → (a)NG ②改OK
  run23 対象 設備30% 金33% 討伐25% タップ12% → (a)OK ②改OK
  run24 対象 設備31% 金32% 討伐25% タップ12% → (a)OK ②改OK
  run25 対象 設備28% 金32% 討伐30% タップ10% → (a)OK ②改OK
  run26 対象 設備28% 金35% 討伐27% タップ10% → (a)OK ②改OK
  run27 対象 設備30% 金41% 討伐15% タップ14% → (a)OK ②改OK
  run28 対象 設備27% 金48% 討伐10% タップ15% → (a)OK ②改OK
  run29 対象 設備29% 金46% 討伐7% タップ18% → (a)OK ②改OK
  run30 対象 設備29% 金46% 討伐8% タップ18% → (a)OK ②改OK
  run31 対象 設備29% 金47% 討伐8% タップ17% → (a)OK ②改OK
  run32 対象 設備28% 金48% 討伐9% タップ16% → (a)OK ②改OK
  run33 対象 設備26% 金41% 討伐7% タップ25% → (a)OK ②改OK
  run34 対象 設備27% 金38% 討伐6% タップ28% → (a)OK ②改OK
  run35 対象 設備27% 金37% 討伐6% タップ30% → (a)OK ②改OK
  run36 対象 設備29% 金41% 討伐6% タップ24% → (a)OK ②改OK
  run37 対象 設備27% 金40% 討伐5% タップ27% → (a)OK ②改OK
  run38 対象 設備28% 金38% 討伐5% タップ29% → (a)OK ②改OK
  run39 対象 設備28% 金39% 討伐5% タップ28% → (a)OK ②改OK
  run40 対象 設備28% 金36% 討伐6% タップ30% → (a)OK ②改OK
  run41 対象 設備28% 金37% 討伐5% タップ30% → (a)OK ②改OK
  run42 対象 設備29% 金38% 討伐5% タップ28% → (a)OK ②改OK
  run43 対象 設備30% 金38% 討伐5% タップ27% → (a)OK ②改OK
  run44 対象 設備29% 金37% 討伐5% タップ29% → (a)OK ②改OK
  run45 対象 設備24% 金31% 討伐18% タップ27% → (a)OK ②改OK
  run46 対象 設備24% 金33% 討伐16% タップ26% → (a)OK ②改OK
hunt(S4 狩猟特化型) 主役=討伐由来≥30%: 35/42周回 合格
  run 0 対象外 設備36% 金16% 討伐7% タップ41%
  run 1 対象外 設備32% 金50% 討伐4% タップ14%
  run 2 対象外 設備5% 金36% 討伐42% タップ16%
  run 3 対象外 設備5% 金42% 討伐39% タップ14%
  run 4 対象外 設備6% 金53% 討伐37% タップ4%
  run 5 対象 設備6% 金49% 討伐38% タップ8% → (a)OK ②改OK
  run 6 対象 設備8% 金49% 討伐38% タップ6% → (a)OK ②改OK
  run 7 対象 設備9% 金41% 討伐43% タップ6% → (a)OK ②改OK
  run 8 対象 設備10% 金43% 討伐41% タップ6% → (a)OK ②改OK
  run 9 対象 設備11% 金40% 討伐43% タップ6% → (a)OK ②改OK
  run10 対象 設備11% 金47% 討伐35% タップ6% → (a)OK ②改OK
  run11 対象 設備12% 金46% 討伐36% タップ5% → (a)OK ②改OK
  run12 対象 設備14% 金45% 討伐36% タップ6% → (a)OK ②改OK
  run13 対象 設備14% 金45% 討伐35% タップ6% → (a)OK ②改OK
  run14 対象 設備13% 金52% 討伐29% タップ6% → (a)NG ②改OK
  run15 対象 設備14% 金49% 討伐30% タップ7% → (a)OK ②改OK
  run16 対象 設備38% 金7% 討伐41% タップ14% → (a)OK ②改OK
  run17 対象 設備15% 金54% 討伐24% タップ7% → (a)NG ②改OK
  run18 対象 設備16% 金55% 討伐22% タップ7% → (a)NG ②改OK
  run19 対象 設備16% 金53% 討伐24% タップ7% → (a)NG ②改OK
  run20 対象 設備33% 金24% 討伐32% タップ11% → (a)OK ②改OK
  run21 対象 設備19% 金45% 討伐25% タップ11% → (a)NG ②改OK
  run22 対象 設備16% 金38% 討伐36% タップ10% → (a)OK ②改OK
  run23 対象 設備18% 金32% 討伐41% タップ9% → (a)OK ②改OK
  run24 対象 設備19% 金29% 討伐43% タップ8% → (a)OK ②改OK
  run25 対象 設備17% 金28% 討伐47% タップ7% → (a)OK ②改OK
  run26 対象 設備17% 金26% 討伐51% タップ7% → (a)OK ②改OK
  run27 対象 設備38% 金19% 討伐33% タップ10% → (a)OK ②改OK
  run28 対象 設備34% 金19% 討伐37% タップ10% → (a)OK ②改OK
  run29 対象 設備31% 金18% 討伐42% タップ9% → (a)OK ②改OK
  run30 対象 設備31% 金16% 討伐43% タップ9% → (a)OK ②改OK
  run31 対象 設備29% 金15% 討伐47% タップ9% → (a)OK ②改OK
  run32 対象 設備28% 金19% 討伐44% タップ9% → (a)OK ②改OK
  run33 対象 設備10% 金22% 討伐63% タップ5% → (a)OK ②改NG
  run34 対象 設備9% 金21% 討伐61% タップ9% → (a)OK ②改NG
  run35 対象 設備9% 金18% 討伐67% タップ6% → (a)OK ②改NG
  run36 対象 設備9% 金18% 討伐45% タップ28% → (a)OK ②改OK
  run37 対象 設備9% 金17% 討伐64% タップ11% → (a)OK ②改NG
  run38 対象 設備9% 金18% 討伐64% タップ9% → (a)OK ②改NG
  run39 対象 設備10% 金13% 討伐34% タップ44% → (a)OK ②改OK
  run40 対象 設備10% 金17% 討伐25% タップ47% → (a)NG ②改OK
  run41 対象 設備8% 金13% 討伐54% タップ25% → (a)OK ②改NG
  run42 対象 設備7% 金13% 討伐64% タップ16% → (a)OK ②改NG
  run43 対象 設備8% 金12% 討伐54% タップ27% → (a)OK ②改NG
  run44 対象 設備10% 金22% 討伐22% タップ46% → (a)NG ②改OK
  run45 対象 設備7% 金12% 討伐64% タップ17% → (a)OK ②改NG
  run46 対象 設備9% 金15% 討伐64% タップ13% → (a)OK ②改NG
bake(S1 バランス効率型) 主役=設備生産≥30%: 47/47周回 合格
  run 0 対象 設備36% 金12% 討伐10% タップ41% → (a)OK ②改OK
  run 1 対象 設備49% 金22% 討伐7% タップ22% → (a)OK ②改OK
  run 2 対象 設備41% 金32% 討伐11% タップ16% → (a)OK ②改OK
  run 3 対象 設備37% 金43% 討伐8% タップ12% → (a)OK ②改OK
  run 4 対象 設備31% 金50% 討伐10% タップ9% → (a)OK ②改OK
  run 5 対象 設備41% 金36% 討伐14% タップ9% → (a)OK ②改OK
  run 6 対象 設備45% 金34% 討伐13% タップ7% → (a)OK ②改OK
  run 7 対象 設備47% 金28% 討伐14% タップ11% → (a)OK ②改OK
  run 8 対象 設備46% 金31% 討伐13% タップ11% → (a)OK ②改OK
  run 9 対象 設備47% 金31% 討伐12% タップ10% → (a)OK ②改OK
  run10 対象 設備45% 金33% 討伐12% タップ10% → (a)OK ②改OK
  run11 対象 設備49% 金30% 討伐11% タップ10% → (a)OK ②改OK
  run12 対象 設備50% 金29% 討伐11% タップ10% → (a)OK ②改OK
  run13 対象 設備49% 金26% 討伐12% タップ13% → (a)OK ②改OK
  run14 対象 設備49% 金23% 討伐14% タップ14% → (a)OK ②改OK
  run15 対象 設備51% 金22% 討伐13% タップ14% → (a)OK ②改NG
  run16 対象 設備52% 金24% 討伐11% タップ12% → (a)OK ②改NG
  run17 対象 設備53% 金23% 討伐12% タップ11% → (a)OK ②改NG
  run18 対象 設備52% 金25% 討伐12% タップ11% → (a)OK ②改NG
  run19 対象 設備53% 金25% 討伐12% タップ11% → (a)OK ②改NG
  run20 対象 設備55% 金25% 討伐11% タップ10% → (a)OK ②改NG
  run21 対象 設備57% 金20% 討伐13% タップ11% → (a)OK ②改NG
  run22 対象 設備53% 金19% 討伐18% タップ10% → (a)OK ②改NG
  run23 対象 設備49% 金19% 討伐24% タップ8% → (a)OK ②改OK
  run24 対象 設備47% 金20% 討伐25% タップ8% → (a)OK ②改OK
  run25 対象 設備44% 金19% 討伐28% タップ8% → (a)OK ②改OK
  run26 対象 設備42% 金18% 討伐32% タップ8% → (a)OK ②改OK
  run27 対象 設備47% 金22% 討伐20% タップ11% → (a)OK ②改OK
  run28 対象 設備48% 金25% 討伐16% タップ11% → (a)OK ②改OK
  run29 対象 設備46% 金24% 討伐19% タップ11% → (a)OK ②改OK
  run30 対象 設備46% 金19% 討伐24% タップ11% → (a)OK ②改OK
  run31 対象 設備38% 金29% 討伐24% タップ9% → (a)OK ②改OK
  run32 対象 設備40% 金18% 討伐32% タップ10% → (a)OK ②改OK
  run33 対象 設備40% 金22% 討伐25% タップ13% → (a)OK ②改OK
  run34 対象 設備39% 金15% 討伐31% タップ15% → (a)OK ②改OK
  run35 対象 設備38% 金15% 討伐31% タップ16% → (a)OK ②改OK
  run36 対象 設備42% 金15% 討伐25% タップ19% → (a)OK ②改OK
  run37 対象 設備38% 金15% 討伐32% タップ15% → (a)OK ②改OK
  run38 対象 設備38% 金14% 討伐32% タップ17% → (a)OK ②改OK
  run39 対象 設備37% 金16% 討伐32% タップ14% → (a)OK ②改OK
  run40 対象 設備38% 金14% 討伐32% タップ16% → (a)OK ②改OK
  run41 対象 設備38% 金14% 討伐31% タップ16% → (a)OK ②改OK
  run42 対象 設備34% 金12% 討伐33% タップ21% → (a)OK ②改OK
  run43 対象 設備34% 金11% 討伐32% タップ23% → (a)OK ②改OK
  run44 対象 設備33% 金11% 討伐31% タップ24% → (a)OK ②改OK
  run45 対象 設備33% 金11% 討伐34% タップ23% → (a)OK ②改OK
  run46 対象 設備34% 金12% 討伐32% タップ22% → (a)OK ②改OK
㉘合計: 212/232周回
②(改・ジャンル一強禁止 得意ジャンルlift≤±1.5倍) 合計: 139/182周回
