=== ㉘稼ぎ口比率(24h・周回シェア=各tickシェアの周回平均) ===
balanced(S6 早回し転生型) 4つすべて≥10%: 13/28周回 合格
  run 0 対象 設備35% 金12% 討伐5% タップ49% → (a)NG ②改OK
  run 1 対象 設備38% 金21% 討伐5% タップ36% → (a)NG ②改OK
  run 2 対象 設備36% 金26% 討伐9% タップ30% → (a)NG ②改OK
  run 3 対象 設備34% 金40% 討伐6% タップ20% → (a)NG ②改OK
  run 4 対象 設備26% 金49% 討伐9% タップ16% → (a)NG ②改OK
  run 5 対象 設備32% 金43% 討伐10% タップ15% → (a)NG ②改OK
  run 6 対象 設備37% 金43% 討伐9% タップ11% → (a)NG ②改OK
  run 7 対象 設備33% 金40% 討伐10% タップ17% → (a)NG ②改OK
  run 8 対象 設備33% 金44% 討伐9% タップ14% → (a)NG ②改OK
  run 9 対象 設備30% 金48% 討伐8% タップ14% → (a)NG ②改OK
  run10 対象 設備32% 金45% 討伐9% タップ14% → (a)NG ②改OK
  run11 対象 設備33% 金45% 討伐9% タップ13% → (a)NG ②改OK
  run12 対象 設備36% 金39% 討伐10% タップ15% → (a)NG ②改OK
  run13 対象 設備31% 金38% 討伐10% タップ21% → (a)NG ②改OK
  run14 対象 設備33% 金33% 討伐11% タップ23% → (a)OK ②改OK
  run15 対象 設備34% 金33% 討伐11% タップ21% → (a)OK ②改OK
  run16 対象 設備34% 金34% 討伐11% タップ20% → (a)OK ②改OK
  run17 対象 設備34% 金36% 討伐11% タップ20% → (a)OK ②改OK
  run18 対象 設備32% 金39% 討伐11% タップ19% → (a)OK ②改OK
  run19 対象 設備32% 金39% 討伐11% タップ18% → (a)OK ②改OK
  run20 対象 設備32% 金41% 討伐10% タップ17% → (a)OK ②改OK
  run21 対象 設備26% 金47% 討伐12% タップ15% → (a)OK ②改OK
  run22 対象 設備25% 金45% 討伐17% タップ13% → (a)OK ②改OK
  run23 対象 設備31% 金36% 討伐19% タップ15% → (a)OK ②改OK
  run24 対象 設備23% 金44% 討伐21% タップ12% → (a)OK ②改OK
  run25 対象 設備21% 金34% 討伐34% タップ11% → (a)OK ②改OK
  run26 対象 設備20% 金33% 討伐37% タップ10% → (a)OK ②改OK
  run27 対象 設備19% 金31% 討伐40% タップ10% → (a)NG ②改OK
click(S2 クリック会心型) 主役=タップ≥30%: 15/22周回 合格
  run 0 対象 設備21% 金7% 討伐3% タップ69% → (a)OK ②改NG
  run 1 対象 設備26% 金19% 討伐4% タップ51% → (a)OK ②改OK
  run 2 対象 設備34% 金26% 討伐4% タップ36% → (a)OK ②改OK
  run 3 対象 設備29% 金37% 討伐3% タップ30% → (a)OK ②改OK
  run 4 対象 設備17% 金48% 討伐8% タップ27% → (a)NG ②改OK
  run 5 対象 設備22% 金38% 討伐11% タップ29% → (a)NG ②改OK
  run 6 対象 設備28% 金39% 討伐10% タップ23% → (a)NG ②改OK
  run 7 対象 設備27% 金26% 討伐12% タップ35% → (a)OK ②改OK
  run 8 対象 設備31% 金27% 討伐11% タップ31% → (a)OK ②改OK
  run 9 対象 設備25% 金35% 討伐10% タップ30% → (a)OK ②改OK
  run10 対象 設備28% 金32% 討伐10% タップ30% → (a)NG ②改OK
  run11 対象 設備31% 金29% 討伐10% タップ30% → (a)NG ②改OK
  run12 対象 設備29% 金32% 討伐10% タップ29% → (a)NG ②改OK
  run13 対象 設備27% 金26% 討伐11% タップ36% → (a)OK ②改OK
  run14 対象 設備28% 金24% 討伐11% タップ36% → (a)OK ②改OK
  run15 対象 設備31% 金24% 討伐11% タップ34% → (a)OK ②改OK
  run16 対象 設備33% 金20% 討伐12% タップ35% → (a)OK ②改OK
  run17 対象 設備32% 金23% 討伐11% タップ34% → (a)OK ②改OK
  run18 対象 設備32% 金25% 討伐11% タップ33% → (a)OK ②改OK
  run19 対象 設備30% 金28% 討伐10% タップ32% → (a)OK ②改OK
  run20 対象 設備30% 金28% 討伐10% タップ32% → (a)OK ②改OK
  run21 対象 設備30% 金37% 討伐10% タップ22% → (a)NG ②改OK
golden(S3 金クッキー特化型) 主役=金クッキー≥30%: 42/44周回 合格
  run 0 対象外 設備34% 金10% 討伐4% タップ52%
  run 1 対象外 設備35% 金30% 討伐4% タップ31%
  run 2 対象外 設備23% 金39% 討伐8% タップ29%
  run 3 対象 設備17% 金58% 討伐6% タップ20% → (a)OK ②改NG
  run 4 対象 設備12% 金60% 討伐8% タップ20% → (a)OK ②改NG
  run 5 対象 設備15% 金59% 討伐8% タップ18% → (a)OK ②改NG
  run 6 対象 設備16% 金62% 討伐7% タップ14% → (a)OK ②改NG
  run 7 対象 設備21% 金57% 討伐8% タップ14% → (a)OK ②改NG
  run 8 対象 設備21% 金57% 討伐8% タップ14% → (a)OK ②改NG
  run 9 対象 設備22% 金56% 討伐8% タップ14% → (a)OK ②改NG
  run10 対象 設備24% 金55% 討伐8% タップ13% → (a)OK ②改NG
  run11 対象 設備28% 金50% 討伐9% タップ13% → (a)OK ②改OK
  run12 対象 設備27% 金51% 討伐9% タップ13% → (a)OK ②改OK
  run13 対象 設備26% 金43% 討伐11% タップ20% → (a)OK ②改OK
  run14 対象 設備29% 金36% 討伐12% タップ23% → (a)OK ②改OK
  run15 対象 設備34% 金29% 討伐14% タップ24% → (a)NG ②改OK
  run16 対象 設備32% 金32% 討伐13% タップ22% → (a)OK ②改OK
  run17 対象 設備33% 金32% 討伐13% タップ22% → (a)OK ②改OK
  run18 対象 設備29% 金41% 討伐12% タップ19% → (a)OK ②改OK
  run19 対象 設備29% 金41% 討伐12% タップ19% → (a)OK ②改OK
  run20 対象 設備30% 金40% 討伐12% タップ18% → (a)OK ②改OK
  run21 対象 設備36% 金27% 討伐16% タップ21% → (a)NG ②改OK
  run22 対象 設備33% 金34% 討伐15% タップ18% → (a)OK ②改OK
  run23 対象 設備35% 金31% 討伐15% タップ18% → (a)OK ②改OK
  run24 対象 設備33% 金33% 討伐17% タップ17% → (a)OK ②改OK
  run25 対象 設備25% 金43% 討伐18% タップ14% → (a)OK ②改OK
  run26 対象 設備29% 金35% 討伐21% タップ15% → (a)OK ②改OK
  run27 対象 設備22% 金58% 討伐7% タップ12% → (a)OK ②改NG
  run28 対象 設備16% 金67% 討伐6% タップ11% → (a)OK ②改NG
  run29 対象 設備17% 金67% 討伐6% タップ11% → (a)OK ②改NG
  run30 対象 設備17% 金66% 討伐6% タップ11% → (a)OK ②改NG
  run31 対象 設備17% 金67% 討伐5% タップ10% → (a)OK ②改NG
  run32 対象 設備15% 金69% 討伐5% タップ10% → (a)OK ②改NG
  run33 対象 設備9% 金43% 討伐3% タップ45% → (a)OK ②改OK
  run34 対象 設備8% 金37% 討伐3% タップ52% → (a)OK ②改OK
  run35 対象 設備7% 金41% 討伐3% タップ49% → (a)OK ②改OK
  run36 対象 設備8% 金44% 討伐3% タップ45% → (a)OK ②改OK
  run37 対象 設備8% 金34% 討伐3% タップ55% → (a)OK ②改OK
  run38 対象 設備8% 金37% 討伐3% タップ53% → (a)OK ②改OK
  run39 対象 設備7% 金42% 討伐2% タップ49% → (a)OK ②改OK
  run40 対象 設備7% 金38% 討伐2% タップ52% → (a)OK ②改OK
  run41 対象 設備7% 金35% 討伐2% タップ55% → (a)OK ②改OK
  run42 対象 設備7% 金37% 討伐2% タップ53% → (a)OK ②改OK
  run43 対象 設備7% 金38% 討伐3% タップ52% → (a)OK ②改OK
  run44 対象 設備6% 金42% 討伐2% タップ49% → (a)OK ②改OK
  run45 対象 設備7% 金35% 討伐9% タップ49% → (a)OK ②改OK
  run46 対象 設備7% 金35% 討伐9% タップ49% → (a)OK ②改OK
hunt(S4 狩猟特化型) 主役=討伐由来≥30%: 17/43周回 合格
  run 0 対象外 設備34% 金14% 討伐3% タップ49%
  run 1 対象外 設備38% 金31% 討伐2% タップ29%
  run 2 対象外 設備10% 金37% 討伐21% タップ31%
  run 3 対象外 設備32% 金52% 討伐3% タップ13%
  run 4 対象 設備8% 金60% 討伐17% タップ15% → (a)NG ②改OK
  run 5 対象 設備8% 金63% 討伐17% タップ12% → (a)NG ②改OK
  run 6 対象 設備10% 金58% 討伐18% タップ14% → (a)NG ②改OK
  run 7 対象 設備12% 金60% 討伐18% タップ10% → (a)NG ②改OK
  run 8 対象 設備10% 金62% 討伐16% タップ11% → (a)NG ②改OK
  run 9 対象 設備12% 金63% 討伐16% タップ9% → (a)NG ②改OK
  run10 対象 設備13% 金61% 討伐16% タップ9% → (a)NG ②改OK
  run11 対象 設備15% 金61% 討伐16% タップ8% → (a)NG ②改OK
  run12 対象 設備14% 金64% 討伐14% タップ7% → (a)NG ②改OK
  run13 対象 設備15% 金58% 討伐17% タップ11% → (a)NG ②改OK
  run14 対象 設備14% 金58% 討伐17% タップ12% → (a)NG ②改OK
  run15 対象 設備18% 金48% 討伐19% タップ15% → (a)NG ②改OK
  run16 対象 設備17% 金53% 討伐17% タップ13% → (a)NG ②改OK
  run17 対象 設備17% 金54% 討伐16% タップ12% → (a)NG ②改OK
  run18 対象 設備16% 金58% 討伐14% タップ12% → (a)NG ②改OK
  run19 対象 設備17% 金55% 討伐15% タップ13% → (a)NG ②改OK
  run20 対象 設備18% 金57% 討伐14% タップ12% → (a)NG ②改OK
  run21 対象 設備16% 金52% 討伐19% タップ13% → (a)NG ②改OK
  run22 対象 設備18% 金48% 討伐23% タップ11% → (a)NG ②改OK
  run23 対象 設備17% 金45% 討伐28% タップ10% → (a)NG ②改OK
  run24 対象 設備17% 金41% 討伐32% タップ10% → (a)OK ②改OK
  run25 対象 設備14% 金38% 討伐39% タップ8% → (a)OK ②改OK
  run26 対象 設備13% 金36% 討伐43% タップ7% → (a)OK ②改OK
  run27 対象 設備32% 金22% 討伐33% タップ13% → (a)OK ②改OK
  run28 対象 設備20% 金22% 討伐49% タップ9% → (a)OK ②改OK
  run29 対象 設備27% 金18% 討伐43% タップ12% → (a)OK ②改OK
  run30 対象 設備24% 金17% 討伐49% タップ11% → (a)OK ②改OK
  run31 対象 設備22% 金17% 討伐51% タップ10% → (a)OK ②改OK
  run32 対象 設備21% 金17% 討伐52% タップ10% → (a)OK ②改NG
  run33 対象 設備5% 金17% 討伐56% タップ22% → (a)OK ②改NG
  run34 対象 設備6% 金15% 討伐31% タップ48% → (a)OK ②改OK
  run35 対象 設備5% 金15% 討伐48% タップ32% → (a)OK ②改OK
  run36 対象 設備6% 金13% 討伐30% タップ51% → (a)NG ②改OK
  run37 対象 設備5% 金17% 討伐51% タップ27% → (a)OK ②改OK
  run38 対象 設備5% 金16% 討伐43% タップ36% → (a)OK ②改OK
  run39 対象 設備6% 金12% 討伐29% タップ53% → (a)NG ②改OK
  run40 対象 設備6% 金12% 討伐34% タップ48% → (a)OK ②改OK
  run41 対象 設備6% 金12% 討伐44% タップ38% → (a)OK ②改OK
  run42 対象 設備6% 金12% 討伐32% タップ50% → (a)OK ②改OK
  run43 対象 設備7% 金10% 討伐22% タップ61% → (a)NG ②改OK
  run44 対象 設備6% 金9% 討伐27% タップ57% → (a)NG ②改OK
  run45 対象 設備7% 金10% 討伐28% タップ56% → (a)NG ②改OK
  run46 対象 設備14% 金24% 討伐15% タップ47% → (a)NG ②改OK
bake(S1 バランス効率型) 主役=設備生産≥30%: 25/30周回 合格
  run 0 対象 設備34% 金12% 討伐4% タップ50% → (a)OK ②改OK
  run 1 対象 設備42% 金22% 討伐4% タップ33% → (a)OK ②改OK
  run 2 対象 設備35% 金28% 討伐9% タップ28% → (a)OK ②改OK
  run 3 対象 設備35% 金42% 討伐5% タップ18% → (a)OK ②改OK
  run 4 対象 設備22% 金52% 討伐8% タップ17% → (a)NG ②改OK
  run 5 対象 設備37% 金38% 討伐9% タップ16% → (a)OK ②改OK
  run 6 対象 設備45% 金36% 討伐8% タップ11% → (a)OK ②改OK
  run 7 対象 設備46% 金32% 討伐8% タップ14% → (a)OK ②改OK
  run 8 対象 設備47% 金34% 討伐7% タップ12% → (a)OK ②改OK
  run 9 対象 設備43% 金39% 討伐7% タップ11% → (a)OK ②改OK
  run10 対象 設備47% 金34% 討伐7% タップ12% → (a)OK ②改OK
  run11 対象 設備52% 金31% 討伐7% タップ10% → (a)OK ②改NG
  run12 対象 設備50% 金32% 討伐7% タップ11% → (a)OK ②改OK
  run13 対象 設備50% 金28% 討伐7% タップ15% → (a)OK ②改OK
  run14 対象 設備50% 金24% 討伐9% タップ17% → (a)OK ②改OK
  run15 対象 設備53% 金22% 討伐9% タップ16% → (a)OK ②改NG
  run16 対象 設備55% 金21% 討伐9% タップ16% → (a)OK ②改NG
  run17 対象 設備55% 金22% 討伐8% タップ15% → (a)OK ②改NG
  run18 対象 設備51% 金27% 討伐8% タップ13% → (a)OK ②改OK
  run19 対象 設備52% 金26% 討伐8% タップ14% → (a)OK ②改NG
  run20 対象 設備53% 金27% 討伐8% タップ13% → (a)OK ②改NG
  run21 対象 設備39% 金39% 討伐10% タップ11% → (a)OK ②改OK
  run22 対象 設備50% 金27% 討伐12% タップ11% → (a)OK ②改OK
  run23 対象 設備49% 金27% 討伐14% タップ10% → (a)OK ②改OK
  run24 対象 設備45% 金26% 討伐20% タップ9% → (a)OK ②改OK
  run25 対象 設備35% 金27% 討伐30% タップ8% → (a)OK ②改OK
  run26 対象 設備27% 金34% 討伐33% タップ6% → (a)NG ②改OK
  run27 対象 設備20% 金39% 討伐34% タップ7% → (a)NG ②改OK
  run28 対象 設備16% 金44% 討伐35% タップ5% → (a)NG ②改OK
  run29 対象 設備19% 金38% 討伐36% タップ6% → (a)NG ②改OK
㉘合計: 112/167周回
②(改・ジャンル一強禁止 得意ジャンルlift≤±1.5倍) 合計: 116/139周回
