=== ㉘稼ぎ口比率(100h・周回シェア=各tickシェアの周回平均) ===
balanced(S6 早回し転生型) 4つすべて≥10%: 10/48周回 合格
  run 0 対象 設備41% 金13% 討伐6% タップ40% → (a)NG ②改OK
  run 1 対象 設備47% 金24% 討伐5% タップ25% → (a)NG ②改OK
  run 2 対象 設備43% 金34% 討伐6% タップ18% → (a)NG ②改OK
  run 3 対象 設備36% 金47% 討伐4% タップ14% → (a)NG ②改OK
  run 4 対象 設備23% 金58% 討伐8% タップ12% → (a)NG ②改OK
  run 5 対象 設備30% 金50% 討伐9% タップ11% → (a)NG ②改OK
  run 6 対象 設備33% 金49% 討伐9% タップ9% → (a)NG ②改OK
  run 7 対象 設備32% 金45% 討伐10% タップ13% → (a)NG ②改OK
  run 8 対象 設備31% 金49% 討伐9% タップ11% → (a)NG ②改OK
  run 9 対象 設備29% 金51% 討伐9% タップ11% → (a)NG ②改OK
  run10 対象 設備30% 金50% 討伐9% タップ12% → (a)NG ②改OK
  run11 対象 設備30% 金50% 討伐9% タップ11% → (a)NG ②改OK
  run12 対象 設備32% 金46% 討伐10% タップ12% → (a)NG ②改OK
  run13 対象 設備29% 金43% 討伐10% タップ18% → (a)OK ②改OK
  run14 対象 設備31% 金37% 討伐12% タップ20% → (a)OK ②改OK
  run15 対象 設備31% 金38% 討伐12% タップ19% → (a)OK ②改OK
  run16 対象 設備32% 金33% 討伐13% タップ21% → (a)OK ②改OK
  run17 対象 設備31% 金36% 討伐13% タップ21% → (a)OK ②改OK
  run18 対象 設備29% 金41% 討伐12% タップ18% → (a)OK ②改OK
  run19 対象 設備30% 金39% 討伐13% タップ18% → (a)OK ②改OK
  run20 対象 設備29% 金43% 討伐13% タップ15% → (a)OK ②改OK
  run21 対象 設備31% 金35% 討伐20% タップ14% → (a)OK ②改OK
  run22 対象 設備21% 金46% 討伐24% タップ10% → (a)OK ②改OK
  run23 対象 設備22% 金35% 討伐33% タップ10% → (a)NG ②改OK
  run24 対象 設備21% 金35% 討伐35% タップ9% → (a)NG ②改OK
  run25 対象 設備16% 金32% 討伐45% タップ7% → (a)NG ②改OK
  run26 対象 設備14% 金32% 討伐48% タップ6% → (a)NG ②改OK
  run27 対象 設備14% 金30% 討伐50% タップ6% → (a)NG ②改OK
  run28 対象 設備7% 金42% 討伐46% タップ5% → (a)NG ②改OK
  run29 対象 設備7% 金37% 討伐51% タップ4% → (a)NG ②改OK
  run30 対象 設備7% 金37% 討伐52% タップ4% → (a)NG ②改OK
  run31 対象 設備8% 金37% 討伐51% タップ4% → (a)NG ②改OK
  run32 対象 設備7% 金35% 討伐53% タップ5% → (a)NG ②改OK
  run33 対象 設備7% 金36% 討伐36% タップ20% → (a)NG ②改OK
  run34 対象 設備6% 金30% 討伐33% タップ31% → (a)NG ②改OK
  run35 対象 設備6% 金33% 討伐40% タップ21% → (a)NG ②改OK
  run36 対象 設備6% 金27% 討伐33% タップ34% → (a)NG ②改OK
  run37 対象 設備5% 金29% 討伐43% タップ22% → (a)NG ②改OK
  run38 対象 設備5% 金28% 討伐43% タップ24% → (a)NG ②改OK
  run39 対象 設備6% 金33% 討伐41% タップ20% → (a)NG ②改OK
  run40 対象 設備5% 金27% 討伐38% タップ30% → (a)NG ②改OK
  run41 対象 設備6% 金26% 討伐45% タップ23% → (a)NG ②改OK
  run42 対象 設備6% 金20% 討伐44% タップ30% → (a)NG ②改OK
  run43 対象 設備6% 金20% 討伐47% タップ27% → (a)NG ②改OK
  run44 対象 設備5% 金21% 討伐46% タップ28% → (a)NG ②改OK
  run45 対象 設備5% 金23% 討伐50% タップ22% → (a)NG ②改OK
  run46 対象 設備6% 金19% 討伐47% タップ28% → (a)NG ②改OK
  run47 対象 設備6% 金18% 討伐43% タップ32% → (a)NG ②改OK
click(S2 クリック会心型) 主役=タップ≥30%: 23/48周回 合格
  run 0 対象 設備26% 金9% 討伐4% タップ62% → (a)OK ②改NG
  run 1 対象 設備31% 金21% 討伐4% タップ44% → (a)OK ②改OK
  run 2 対象 設備35% 金29% 討伐4% タップ33% → (a)OK ②改OK
  run 3 対象 設備30% 金39% 討伐3% タップ28% → (a)NG ②改OK
  run 4 対象 設備23% 金50% 討伐5% タップ23% → (a)NG ②改OK
  run 5 対象 設備24% 金42% 討伐11% タップ24% → (a)NG ②改OK
  run 6 対象 設備29% 金42% 討伐10% タップ19% → (a)NG ②改OK
  run 7 対象 設備29% 金30% 討伐12% タップ29% → (a)NG ②改OK
  run 8 対象 設備30% 金33% 討伐11% タップ26% → (a)NG ②改OK
  run 9 対象 設備27% 金38% 討伐10% タップ25% → (a)NG ②改OK
  run10 対象 設備31% 金32% 討伐11% タップ26% → (a)NG ②改OK
  run11 対象 設備32% 金33% 討伐11% タップ25% → (a)NG ②改OK
  run12 対象 設備32% 金32% 討伐11% タップ25% → (a)NG ②改OK
  run13 対象 設備27% 金28% 討伐12% タップ33% → (a)OK ②改OK
  run14 対象 設備26% 金27% 討伐13% タップ34% → (a)OK ②改OK
  run15 対象 設備31% 金24% 討伐13% タップ32% → (a)OK ②改OK
  run16 対象 設備31% 金24% 討伐13% タップ32% → (a)OK ②改OK
  run17 対象 設備31% 金26% 討伐13% タップ30% → (a)OK ②改OK
  run18 対象 設備29% 金30% 討伐12% タップ29% → (a)NG ②改OK
  run19 対象 設備29% 金31% 討伐12% タップ28% → (a)NG ②改OK
  run20 対象 設備32% 金29% 討伐12% タップ27% → (a)NG ②改OK
  run21 対象 設備35% 金29% 討伐16% タップ20% → (a)NG ②改OK
  run22 対象 設備35% 金27% 討伐20% タップ18% → (a)NG ②改OK
  run23 対象 設備35% 金26% 討伐20% タップ19% → (a)NG ②改OK
  run24 対象 設備32% 金27% 討伐23% タップ18% → (a)NG ②改OK
  run25 対象 設備21% 金36% 討伐30% タップ12% → (a)NG ②改OK
  run26 対象 設備26% 金26% 討伐34% タップ15% → (a)NG ②改OK
  run27 対象 設備20% 金34% 討伐35% タップ12% → (a)NG ②改OK
  run28 対象 設備30% 金18% 討伐33% タップ19% → (a)NG ②改OK
  run29 対象 設備19% 金26% 討伐42% タップ13% → (a)NG ②改OK
  run30 対象 設備21% 金26% 討伐39% タップ15% → (a)NG ②改OK
  run31 対象 設備24% 金21% 討伐41% タップ14% → (a)NG ②改OK
  run32 対象 設備18% 金28% 討伐45% タップ9% → (a)NG ②改OK
  run33 対象 設備9% 金10% 討伐26% タップ56% → (a)OK ②改NG
  run34 対象 設備8% 金10% 討伐12% タップ70% → (a)OK ②改NG
  run35 対象 設備7% 金11% 討伐22% タップ59% → (a)OK ②改NG
  run36 対象 設備6% 金17% 討伐18% タップ59% → (a)OK ②改NG
  run37 対象 設備6% 金13% 討伐23% タップ57% → (a)OK ②改NG
  run38 対象 設備7% 金12% 討伐20% タップ61% → (a)OK ②改NG
  run39 対象 設備6% 金11% 討伐21% タップ61% → (a)OK ②改NG
  run40 対象 設備7% 金13% 討伐28% タップ53% → (a)OK ②改NG
  run41 対象 設備6% 金19% 討伐23% タップ52% → (a)OK ②改NG
  run42 対象 設備7% 金13% 討伐28% タップ52% → (a)OK ②改NG
  run43 対象 設備7% 金11% 討伐24% タップ58% → (a)OK ②改NG
  run44 対象 設備6% 金15% 討伐18% タップ61% → (a)OK ②改NG
  run45 対象 設備6% 金15% 討伐20% タップ59% → (a)OK ②改NG
  run46 対象 設備6% 金9% 討伐21% タップ64% → (a)OK ②改NG
  run47 対象 設備6% 金9% 討伐20% タップ65% → (a)OK ②改NG
golden(S3 金クッキー特化型) 主役=金クッキー≥30%: 43/45周回 合格
  run 0 対象外 設備43% 金13% 討伐5% タップ40%
  run 1 対象外 設備50% 金29% 討伐3% タップ18%
  run 2 対象外 設備24% 金57% 討伐5% タップ14%
  run 3 対象 設備30% 金56% 討伐3% タップ11% → (a)OK ②改NG
  run 4 対象 設備12% 金66% 討伐8% タップ14% → (a)OK ②改NG
  run 5 対象 設備15% 金64% 討伐8% タップ13% → (a)OK ②改NG
  run 6 対象 設備64% 金20% 討伐0% タップ15% → (a)NG ②改OK
  run 7 対象 設備19% 金59% 討伐9% タップ13% → (a)OK ②改NG
  run 8 対象 設備20% 金61% 討伐9% タップ11% → (a)OK ②改NG
  run 9 対象 設備17% 金65% 討伐8% タップ10% → (a)OK ②改NG
  run10 対象 設備19% 金61% 討伐9% タップ11% → (a)OK ②改NG
  run11 対象 設備22% 金56% 討伐10% タップ12% → (a)OK ②改NG
  run12 対象 設備21% 金58% 討伐10% タップ12% → (a)OK ②改NG
  run13 対象 設備21% 金45% 討伐13% タップ20% → (a)OK ②改OK
  run14 対象 設備22% 金40% 討伐15% タップ23% → (a)OK ②改OK
  run15 対象 設備23% 金38% 討伐16% タップ24% → (a)OK ②改OK
  run16 対象 設備25% 金34% 討伐17% タップ23% → (a)OK ②改OK
  run17 対象 設備25% 金37% 討伐17% タップ21% → (a)OK ②改OK
  run18 対象 設備22% 金43% 討伐16% タップ19% → (a)OK ②改OK
  run19 対象 設備23% 金42% 討伐16% タップ18% → (a)OK ②改OK
  run20 対象 設備24% 金40% 討伐18% タップ18% → (a)OK ②改OK
  run21 対象 設備23% 金44% 討伐18% タップ16% → (a)OK ②改OK
  run22 対象 設備30% 金34% 討伐22% タップ14% → (a)OK ②改OK
  run23 対象 設備31% 金31% 討伐24% タップ14% → (a)OK ②改OK
  run24 対象 設備28% 金34% 討伐25% タップ13% → (a)OK ②改OK
  run25 対象 設備22% 金44% 討伐25% タップ10% → (a)OK ②改OK
  run26 対象 設備25% 金35% 討伐29% タップ11% → (a)OK ②改OK
  run27 対象 設備23% 金53% 討伐12% タップ11% → (a)OK ②改NG
  run28 対象 設備16% 金68% 討伐8% タップ8% → (a)OK ②改NG
  run29 対象 設備15% 金70% 討伐7% タップ9% → (a)OK ②改NG
  run30 対象 設備14% 金72% 討伐6% タップ8% → (a)OK ②改NG
  run31 対象 設備13% 金73% 討伐6% タップ7% → (a)OK ②改NG
  run32 対象 設備14% 金71% 討伐6% タップ9% → (a)OK ②改NG
  run33 対象 設備9% 金41% 討伐4% タップ46% → (a)OK ②改OK
  run34 対象 設備9% 金46% 討伐4% タップ41% → (a)OK ②改OK
  run35 対象 設備9% 金39% 討伐4% タップ48% → (a)OK ②改OK
  run36 対象 設備8% 金47% 討伐3% タップ42% → (a)OK ②改OK
  run37 対象 設備8% 金48% 討伐4% タップ40% → (a)OK ②改OK
  run38 対象 設備8% 金43% 討伐4% タップ45% → (a)OK ②改OK
  run39 対象 設備8% 金49% 討伐3% タップ40% → (a)OK ②改OK
  run40 対象 設備8% 金48% 討伐3% タップ42% → (a)OK ②改OK
  run41 対象 設備8% 金42% 討伐3% タップ47% → (a)OK ②改OK
  run42 対象 設備8% 金55% 討伐3% タップ33% → (a)OK ②改NG
  run43 対象 設備8% 金40% 討伐3% タップ49% → (a)OK ②改OK
  run44 対象 設備9% 金48% 討伐4% タップ39% → (a)OK ②改OK
  run45 対象 設備8% 金34% 討伐4% タップ55% → (a)OK ②改OK
  run46 対象 設備10% 金34% 討伐19% タップ37% → (a)OK ②改OK
  run47 対象 設備9% 金27% 討伐8% タップ57% → (a)NG ②改OK
hunt(S4 狩猟特化型) 主役=討伐由来≥30%: 28/43周回 合格
  run 0 対象外 設備44% 金17% 討伐3% タップ36%
  run 1 対象外 設備43% 金35% 討伐2% タップ19%
  run 2 対象外 設備5% 金39% 討伐35% タップ20%
  run 3 対象外 設備5% 金50% 討伐34% タップ11%
  run 4 対象 設備5% 金54% 討伐31% タップ9% → (a)OK ②改OK
  run 5 対象 設備40% 金43% 討伐3% タップ14% → (a)NG ②改OK
  run 6 対象 設備47% 金41% 討伐7% タップ6% → (a)NG ②改OK
  run 7 対象 設備9% 金49% 討伐35% タップ7% → (a)OK ②改OK
  run 8 対象 設備11% 金44% 討伐39% タップ6% → (a)OK ②改OK
  run 9 対象 設備8% 金59% 討伐27% タップ6% → (a)NG ②改OK
  run10 対象 設備10% 金54% 討伐30% タップ6% → (a)OK ②改OK
  run11 対象 設備10% 金57% 討伐28% タップ5% → (a)NG ②改OK
  run12 対象 設備11% 金55% 討伐28% タップ6% → (a)NG ②改OK
  run13 対象 設備9% 金59% 討伐27% タップ5% → (a)NG ②改OK
  run14 対象 設備7% 金61% 討伐26% タップ5% → (a)NG ②改OK
  run15 対象 設備10% 金53% 討伐30% タップ7% → (a)OK ②改OK
  run16 対象 設備36% 金9% 討伐39% タップ16% → (a)OK ②改OK
  run17 対象 設備8% 金63% 討伐24% タップ5% → (a)NG ②改OK
  run18 対象 設備11% 金59% 討伐25% タップ6% → (a)NG ②改OK
  run19 対象 設備10% 金62% 討伐23% タップ5% → (a)NG ②改OK
  run20 対象 設備26% 金35% 討伐27% タップ12% → (a)NG ②改OK
  run21 対象 設備7% 金60% 討伐26% タップ7% → (a)NG ②改OK
  run22 対象 設備14% 金51% 討伐29% タップ6% → (a)NG ②改OK
  run23 対象 設備10% 金50% 討伐34% タップ5% → (a)OK ②改OK
  run24 対象 設備12% 金48% 討伐35% タップ6% → (a)OK ②改OK
  run25 対象 設備10% 金44% 討伐41% タップ5% → (a)OK ②改OK
  run26 対象 設備10% 金42% 討伐44% タップ4% → (a)OK ②改OK
  run27 対象 設備29% 金27% 討伐36% タップ8% → (a)OK ②改OK
  run28 対象 設備12% 金30% 討伐54% タップ4% → (a)OK ②改NG
  run29 対象 設備19% 金26% 討伐48% タップ6% → (a)OK ②改OK
  run30 対象 設備18% 金26% 討伐50% タップ6% → (a)OK ②改OK
  run31 対象 設備17% 金24% 討伐53% タップ6% → (a)OK ②改NG
  run32 対象 設備19% 金26% 討伐49% タップ6% → (a)OK ②改OK
  run33 対象 設備3% 金26% 討伐64% タップ8% → (a)OK ②改NG
  run34 対象 設備5% 金23% 討伐36% タップ36% → (a)OK ②改OK
  run35 対象 設備3% 金21% 討伐58% タップ18% → (a)OK ②改NG
  run36 対象 設備6% 金22% 討伐30% タップ43% → (a)NG ②改OK
  run37 対象 設備4% 金20% 討伐63% タップ13% → (a)OK ②改NG
  run38 対象 設備3% 金19% 討伐64% タップ13% → (a)OK ②改NG
  run39 対象 設備6% 金13% 討伐33% タップ47% → (a)OK ②改OK
  run40 対象 設備5% 金21% 討伐35% タップ39% → (a)OK ②改OK
  run41 対象 設備4% 金15% 討伐65% タップ16% → (a)OK ②改NG
  run42 対象 設備4% 金14% 討伐54% タップ28% → (a)OK ②改NG
  run43 対象 設備5% 金13% 討伐40% タップ41% → (a)OK ②改OK
  run44 対象 設備6% 金24% 討伐19% タップ52% → (a)NG ②改OK
  run45 対象 設備5% 金13% 討伐57% タップ25% → (a)OK ②改NG
  run46 対象 設備5% 金18% 討伐64% タップ13% → (a)OK ②改NG
bake(S1 バランス効率型) 主役=設備生産≥30%: 25/47周回 合格
  run 0 対象 設備39% 金13% 討伐5% タップ43% → (a)OK ②改OK
  run 1 対象 設備50% 金23% 討伐3% タップ23% → (a)OK ②改OK
  run 2 対象 設備49% 金31% 討伐4% タップ16% → (a)OK ②改OK
  run 3 対象 設備42% 金42% 討伐3% タップ12% → (a)OK ②改OK
  run 4 対象 設備23% 金55% 討伐8% タップ13% → (a)NG ②改OK
  run 5 対象 設備38% 金41% 討伐9% タップ12% → (a)OK ②改OK
  run 6 対象 設備77% 金12% 討伐0% タップ11% → (a)OK ②改NG
  run 7 対象 設備44% 金32% 討伐9% タップ15% → (a)OK ②改OK
  run 8 対象 設備44% 金37% 討伐7% タップ11% → (a)OK ②改OK
  run 9 対象 設備43% 金38% 討伐7% タップ11% → (a)OK ②改OK
  run10 対象 設備45% 金36% 討伐8% タップ11% → (a)OK ②改OK
  run11 対象 設備50% 金32% 討伐7% タップ11% → (a)OK ②改OK
  run12 対象 設備48% 金33% 討伐8% タップ11% → (a)OK ②改OK
  run13 対象 設備48% 金29% 討伐8% タップ15% → (a)OK ②改OK
  run14 対象 設備48% 金25% 討伐10% タップ17% → (a)OK ②改OK
  run15 対象 設備51% 金23% 討伐10% タップ16% → (a)OK ②改OK
  run16 対象 設備54% 金22% 討伐9% タップ15% → (a)OK ②改NG
  run17 対象 設備51% 金25% 討伐10% タップ14% → (a)OK ②改NG
  run18 対象 設備50% 金28% 討伐9% タップ13% → (a)OK ②改OK
  run19 対象 設備49% 金29% 討伐9% タップ12% → (a)OK ②改OK
  run20 対象 設備52% 金27% 討伐9% タップ11% → (a)OK ②改NG
  run21 対象 設備49% 金25% 討伐15% タップ11% → (a)OK ②改OK
  run22 対象 設備38% 金38% 討伐16% タップ8% → (a)OK ②改OK
  run23 対象 設備46% 金24% 討伐22% タップ8% → (a)OK ②改OK
  run24 対象 設備43% 金23% 討伐26% タップ7% → (a)OK ②改OK
  run25 対象 設備25% 金33% 討伐36% タップ5% → (a)NG ②改OK
  run26 対象 設備31% 金23% 討伐41% タップ6% → (a)OK ②改OK
  run27 対象 設備25% 金39% 討伐28% タップ8% → (a)NG ②改OK
  run28 対象 設備19% 金39% 討伐37% タップ5% → (a)NG ②改OK
  run29 対象 設備20% 金46% 討伐27% タップ7% → (a)NG ②改OK
  run30 対象 設備14% 金40% 討伐41% タップ4% → (a)NG ②改OK
  run31 対象 設備23% 金45% 討伐24% タップ7% → (a)NG ②改OK
  run32 対象 設備12% 金34% 討伐49% タップ4% → (a)NG ②改OK
  run33 対象 設備11% 金30% 討伐39% タップ19% → (a)NG ②改OK
  run34 対象 設備11% 金25% 討伐41% タップ23% → (a)NG ②改OK
  run35 対象 設備11% 金25% 討伐44% タップ20% → (a)NG ②改OK
  run36 対象 設備12% 金27% 討伐33% タップ28% → (a)NG ②改OK
  run37 対象 設備10% 金24% 討伐46% タップ20% → (a)NG ②改OK
  run38 対象 設備10% 金22% 討伐44% タップ23% → (a)NG ②改OK
  run39 対象 設備10% 金23% 討伐46% タップ21% → (a)NG ②改OK
  run40 対象 設備8% 金27% 討伐45% タップ20% → (a)NG ②改OK
  run41 対象 設備13% 金15% 討伐40% タップ33% → (a)NG ②改OK
  run42 対象 設備11% 金18% 討伐45% タップ25% → (a)NG ②改OK
  run43 対象 設備10% 金21% 討伐41% タップ28% → (a)NG ②改OK
  run44 対象 設備12% 金16% 討伐42% タップ30% → (a)NG ②改OK
  run45 対象 設備12% 金17% 討伐40% タップ32% → (a)NG ②改OK
  run46 対象 設備11% 金19% 討伐41% タップ30% → (a)NG ②改OK
㉘合計: 129/231周回
②(改・ジャンル一強禁止 得意ジャンルlift≤±1.5倍) 合計: 137/183周回
