=== ㉘稼ぎ口比率(100h・周回シェア=各tickシェアの周回平均) ===
balanced(S6 早回し転生型) 4つすべて≥10%: 50/50周回 合格
  run 0 対象 設備11% 金42% 討伐14% タップ33% → (a)OK ②改OK
  run 1 対象 設備19% 金40% 討伐15% タップ26% → (a)OK ②改OK
  run 2 対象 設備24% 金29% 討伐18% タップ29% → (a)OK ②改OK
  run 3 対象 設備23% 金19% 討伐20% タップ38% → (a)OK ②改OK
  run 4 対象 設備17% 金32% 討伐17% タップ34% → (a)OK ②改OK
  run 5 対象 設備16% 金29% 討伐21% タップ34% → (a)OK ②改OK
  run 6 対象 設備15% 金26% 討伐22% タップ37% → (a)OK ②改OK
  run 7 対象 設備21% 金15% 討伐23% タップ40% → (a)OK ②改OK
  run 8 対象 設備21% 金20% 討伐22% タップ37% → (a)OK ②改OK
  run 9 対象 設備19% 金22% 討伐22% タップ37% → (a)OK ②改OK
  run10 対象 設備20% 金25% 討伐21% タップ34% → (a)OK ②改OK
  run11 対象 設備17% 金35% 討伐21% タップ27% → (a)OK ②改OK
  run12 対象 設備19% 金33% 討伐22% タップ26% → (a)OK ②改OK
  run13 対象 設備19% 金36% 討伐20% タップ25% → (a)OK ②改OK
  run14 対象 設備21% 金35% 討伐21% タップ24% → (a)OK ②改OK
  run15 対象 設備19% 金34% 討伐22% タップ25% → (a)OK ②改OK
  run16 対象 設備23% 金26% 討伐25% タップ26% → (a)OK ②改OK
  run17 対象 設備25% 金27% 討伐24% タップ24% → (a)OK ②改OK
  run18 対象 設備24% 金30% 討伐23% タップ23% → (a)OK ②改OK
  run19 対象 設備24% 金31% 討伐23% タップ22% → (a)OK ②改OK
  run20 対象 設備24% 金31% 討伐24% タップ20% → (a)OK ②改OK
  run21 対象 設備26% 金33% 討伐21% タップ20% → (a)OK ②改OK
  run22 対象 設備25% 金32% 討伐25% タップ19% → (a)OK ②改OK
  run23 対象 設備28% 金32% 討伐23% タップ17% → (a)OK ②改OK
  run24 対象 設備27% 金22% 討伐34% タップ16% → (a)OK ②改OK
  run25 対象 設備26% 金23% 討伐36% タップ15% → (a)OK ②改OK
  run26 対象 設備24% 金28% 討伐33% タップ15% → (a)OK ②改OK
  run27 対象 設備23% 金26% 討伐36% タップ15% → (a)OK ②改OK
  run28 対象 設備23% 金24% 討伐38% タップ16% → (a)OK ②改OK
  run29 対象 設備23% 金23% 討伐38% タップ16% → (a)OK ②改OK
  run30 対象 設備23% 金30% 討伐31% タップ16% → (a)OK ②改OK
  run31 対象 設備23% 金30% 討伐32% タップ15% → (a)OK ②改OK
  run32 対象 設備23% 金28% 討伐33% タップ16% → (a)OK ②改OK
  run33 対象 設備25% 金35% 討伐24% タップ16% → (a)OK ②改OK
  run34 対象 設備24% 金33% 討伐27% タップ16% → (a)OK ②改OK
  run35 対象 設備26% 金31% 討伐28% タップ14% → (a)OK ②改OK
  run36 対象 設備25% 金29% 討伐30% タップ16% → (a)OK ②改OK
  run37 対象 設備27% 金32% 討伐28% タップ13% → (a)OK ②改OK
  run38 対象 設備27% 金28% 討伐25% タップ20% → (a)OK ②改OK
  run39 対象 設備26% 金28% 討伐29% タップ18% → (a)OK ②改OK
  run40 対象 設備27% 金27% 討伐31% タップ16% → (a)OK ②改OK
  run41 対象 設備27% 金25% 討伐31% タップ18% → (a)OK ②改OK
  run42 対象 設備26% 金26% 討伐31% タップ17% → (a)OK ②改OK
  run43 対象 設備24% 金20% 討伐34% タップ21% → (a)OK ②改OK
  run44 対象 設備24% 金24% 討伐35% タップ17% → (a)OK ②改OK
  run45 対象 設備24% 金22% 討伐36% タップ18% → (a)OK ②改OK
  run46 対象 設備25% 金21% 討伐35% タップ19% → (a)OK ②改OK
  run47 対象 設備26% 金22% 討伐31% タップ20% → (a)OK ②改OK
  run48 対象 設備23% 金21% 討伐37% タップ19% → (a)OK ②改OK
  run49 対象 設備25% 金23% 討伐35% タップ18% → (a)OK ②改OK
click(S2 クリック会心型) 主役=タップ≥30%: 41/50周回 合格
  run 0 対象 設備7% 金29% 討伐16% タップ48% → (a)OK ②改OK
  run 1 対象 設備10% 金31% 討伐17% タップ42% → (a)OK ②改OK
  run 2 対象 設備7% 金11% 討伐22% タップ59% → (a)OK ②改NG
  run 3 対象 設備9% 金14% 討伐21% タップ56% → (a)OK ②改NG
  run 4 対象 設備8% 金17% 討伐20% タップ54% → (a)OK ②改NG
  run 5 対象 設備14% 金13% 討伐25% タップ49% → (a)OK ②改OK
  run 6 対象 設備25% 金12% 討伐22% タップ42% → (a)OK ②改OK
  run 7 対象 設備31% 金10% 討伐21% タップ39% → (a)OK ②改OK
  run 8 対象 設備32% 金11% 討伐19% タップ37% → (a)OK ②改OK
  run 9 対象 設備35% 金14% 討伐18% タップ33% → (a)OK ②改OK
  run10 対象 設備36% 金12% 討伐18% タップ34% → (a)OK ②改OK
  run11 対象 設備38% 金11% 討伐17% タップ33% → (a)OK ②改OK
  run12 対象 設備41% 金9% 討伐17% タップ33% → (a)OK ②改OK
  run13 対象 設備42% 金13% 討伐15% タップ30% → (a)NG ②改OK
  run14 対象 設備44% 金10% 討伐15% タップ30% → (a)OK ②改OK
  run15 対象 設備45% 金11% 討伐14% タップ29% → (a)NG ②改OK
  run16 対象 設備47% 金10% 討伐14% タップ29% → (a)NG ②改OK
  run17 対象 設備51% 金9% 討伐14% タップ26% → (a)NG ②改OK
  run18 対象 設備50% 金8% 討伐14% タップ27% → (a)NG ②改OK
  run19 対象 設備48% 金12% 討伐13% タップ28% → (a)NG ②改OK
  run20 対象 設備50% 金10% 討伐13% タップ27% → (a)NG ②改OK
  run21 対象 設備48% 金10% 討伐14% タップ29% → (a)NG ②改OK
  run22 対象 設備45% 金12% 討伐13% タップ30% → (a)OK ②改OK
  run23 対象 設備48% 金9% 討伐15% タップ27% → (a)NG ②改OK
  run24 対象 設備42% 金10% 討伐12% タップ35% → (a)OK ②改OK
  run25 対象 設備40% 金10% 討伐13% タップ37% → (a)OK ②改OK
  run26 対象 設備38% 金8% 討伐16% タップ37% → (a)OK ②改OK
  run27 対象 設備33% 金9% 討伐15% タップ43% → (a)OK ②改OK
  run28 対象 設備29% 金10% 討伐13% タップ49% → (a)OK ②改OK
  run29 対象 設備31% 金8% 討伐15% タップ47% → (a)OK ②改OK
  run30 対象 設備33% 金6% 討伐16% タップ45% → (a)OK ②改OK
  run31 対象 設備27% 金8% 討伐18% タップ47% → (a)OK ②改OK
  run32 対象 設備27% 金8% 討伐17% タップ48% → (a)OK ②改OK
  run33 対象 設備27% 金8% 討伐17% タップ49% → (a)OK ②改OK
  run34 対象 設備27% 金9% 討伐15% タップ49% → (a)OK ②改OK
  run35 対象 設備23% 金8% 討伐13% タップ56% → (a)OK ②改NG
  run36 対象 設備23% 金8% 討伐13% タップ56% → (a)OK ②改NG
  run37 対象 設備23% 金9% 討伐13% タップ55% → (a)OK ②改NG
  run38 対象 設備23% 金8% 討伐13% タップ56% → (a)OK ②改NG
  run39 対象 設備25% 金8% 討伐14% タップ53% → (a)OK ②改NG
  run40 対象 設備30% 金12% 討伐14% タップ44% → (a)OK ②改OK
  run41 対象 設備25% 金8% 討伐14% タップ52% → (a)OK ②改NG
  run42 対象 設備28% 金9% 討伐15% タップ48% → (a)OK ②改OK
  run43 対象 設備33% 金12% 討伐14% タップ41% → (a)OK ②改OK
  run44 対象 設備34% 金11% 討伐14% タップ40% → (a)OK ②改OK
  run45 対象 設備29% 金8% 討伐14% タップ49% → (a)OK ②改OK
  run46 対象 設備21% 金7% 討伐12% タップ60% → (a)OK ②改NG
  run47 対象 設備21% 金7% 討伐12% タップ60% → (a)OK ②改NG
  run48 対象 設備24% 金7% 討伐13% タップ56% → (a)OK ②改NG
  run49 対象 設備23% 金7% 討伐13% タップ57% → (a)OK ②改NG
golden(S3 金クッキー特化型) 主役=金クッキー≥30%: 38/43周回 合格
  run 0 対象外 設備22% 金30% 討伐16% タップ32%
  run 1 対象外 設備12% 金45% 討伐16% タップ27%
  run 2 対象外 設備19% 金32% 討伐21% タップ29%
  run 3 対象外 設備14% 金48% 討伐15% タップ23%
  run 4 対象 設備11% 金51% 討伐18% タップ20% → (a)OK ②改NG
  run 5 対象 設備15% 金39% 討伐22% タップ24% → (a)OK ②改OK
  run 6 対象 設備16% 金35% 討伐23% タップ26% → (a)OK ②改OK
  run 7 対象 設備15% 金24% 討伐26% タップ34% → (a)NG ②改OK
  run 8 対象 設備13% 金34% 討伐23% タップ30% → (a)OK ②改OK
  run 9 対象 設備13% 金38% 討伐22% タップ27% → (a)OK ②改OK
  run10 対象 設備13% 金39% 討伐21% タップ27% → (a)OK ②改OK
  run11 対象 設備15% 金34% 討伐22% タップ29% → (a)OK ②改OK
  run12 対象 設備17% 金33% 討伐22% タップ28% → (a)OK ②改OK
  run13 対象 設備17% 金32% 討伐23% タップ28% → (a)OK ②改OK
  run14 対象 設備18% 金29% 討伐24% タップ29% → (a)NG ②改OK
  run15 対象 設備19% 金29% 討伐25% タップ27% → (a)NG ②改OK
  run16 対象 設備19% 金32% 討伐24% タップ25% → (a)OK ②改OK
  run17 対象 設備20% 金31% 討伐25% タップ25% → (a)OK ②改OK
  run18 対象 設備20% 金32% 討伐25% タップ23% → (a)OK ②改OK
  run19 対象 設備21% 金35% 討伐21% タップ22% → (a)OK ②改OK
  run20 対象 設備19% 金36% 討伐24% タップ20% → (a)OK ②改OK
  run21 対象 設備23% 金30% 討伐29% タップ18% → (a)OK ②改OK
  run22 対象 設備24% 金26% 討伐34% タップ16% → (a)NG ②改OK
  run23 対象 設備22% 金28% 討伐36% タップ14% → (a)NG ②改OK
  run24 対象 設備23% 金30% 討伐33% タップ13% → (a)OK ②改OK
  run25 対象 設備20% 金34% 討伐34% タップ12% → (a)OK ②改OK
  run26 対象 設備20% 金33% 討伐36% タップ11% → (a)OK ②改OK
  run27 対象 設備25% 金47% 討伐13% タップ15% → (a)OK ②改OK
  run28 対象 設備30% 金46% 討伐7% タップ16% → (a)OK ②改OK
  run29 対象 設備30% 金47% 討伐7% タップ15% → (a)OK ②改OK
  run30 対象 設備31% 金44% 討伐8% タップ17% → (a)OK ②改OK
  run31 対象 設備35% 金41% 討伐6% タップ18% → (a)OK ②改OK
  run32 対象 設備32% 金38% 討伐7% タップ23% → (a)OK ②改OK
  run33 対象 設備35% 金39% 討伐6% タップ21% → (a)OK ②改OK
  run34 対象 設備35% 金39% 討伐6% タップ20% → (a)OK ②改OK
  run35 対象 設備36% 金37% 討伐6% タップ21% → (a)OK ②改OK
  run36 対象 設備38% 金36% 討伐5% タップ20% → (a)OK ②改OK
  run37 対象 設備36% 金38% 討伐5% タップ20% → (a)OK ②改OK
  run38 対象 設備39% 金38% 討伐5% タップ19% → (a)OK ②改OK
  run39 対象 設備39% 金38% 討伐5% タップ18% → (a)OK ②改OK
  run40 対象 設備37% 金38% 討伐5% タップ20% → (a)OK ②改OK
  run41 対象 設備38% 金37% 討伐5% タップ20% → (a)OK ②改OK
  run42 対象 設備38% 金37% 討伐5% タップ20% → (a)OK ②改OK
  run43 対象 設備38% 金36% 討伐5% タップ20% → (a)OK ②改OK
  run44 対象 設備42% 金36% 討伐4% タップ18% → (a)OK ②改OK
  run45 対象 設備33% 金33% 討伐13% タップ21% → (a)OK ②改OK
  run46 対象 設備30% 金31% 討伐17% タップ21% → (a)OK ②改OK
