=== ㉘稼ぎ口比率(100h・周回シェア=各tickシェアの周回平均) ===
balanced(S6 早回し転生型) 4つすべて≥10%: 45/48周回 合格
  run 0 対象 設備38% 金13% 討伐11% タップ38% → (a)OK ②改OK
  run 1 対象 設備45% 金23% 討伐9% タップ23% → (a)NG ②改OK
  run 2 対象 設備39% 金31% 討伐12% タップ17% → (a)OK ②改OK
  run 3 対象 設備33% 金44% 討伐9% タップ13% → (a)NG ②改OK
  run 4 対象 設備29% 金49% 討伐12% タップ10% → (a)OK ②改OK
  run 5 対象 設備34% 金42% 討伐14% タップ10% → (a)OK ②改OK
  run 6 対象 設備36% 金44% 討伐12% タップ8% → (a)NG ②改OK
  run 7 対象 設備36% 金38% 討伐14% タップ12% → (a)OK ②改OK
  run 8 対象 設備33% 金44% 討伐12% タップ10% → (a)OK ②改OK
  run 9 対象 設備34% 金43% 討伐12% タップ11% → (a)OK ②改OK
  run10 対象 設備38% 金37% 討伐14% タップ12% → (a)OK ②改OK
  run11 対象 設備38% 金38% 討伐13% タップ11% → (a)OK ②改OK
  run12 対象 設備39% 金36% 討伐14% タップ12% → (a)OK ②改OK
  run13 対象 設備38% 金31% 討伐15% タップ17% → (a)OK ②改OK
  run14 対象 設備39% 金26% 討伐17% タップ18% → (a)OK ②改OK
  run15 対象 設備41% 金22% 討伐18% タップ19% → (a)OK ②改OK
  run16 対象 設備42% 金21% 討伐18% タップ19% → (a)OK ②改OK
  run17 対象 設備41% 金23% 討伐18% タップ18% → (a)OK ②改OK
  run18 対象 設備40% 金26% 討伐17% タップ17% → (a)OK ②改OK
  run19 対象 設備40% 金26% 討伐18% タップ17% → (a)OK ②改OK
  run20 対象 設備39% 金28% 討伐18% タップ15% → (a)OK ②改OK
  run21 対象 設備36% 金30% 討伐16% タップ18% → (a)OK ②改OK
  run22 対象 設備37% 金20% 討伐29% タップ14% → (a)OK ②改OK
  run23 対象 設備28% 金31% 討伐28% タップ14% → (a)OK ②改OK
  run24 対象 設備29% 金23% 討伐35% タップ13% → (a)OK ②改OK
  run25 対象 設備24% 金30% 討伐33% タップ14% → (a)OK ②改OK
  run26 対象 設備25% 金23% 討伐39% タップ14% → (a)OK ②改OK
  run27 対象 設備23% 金24% 討伐38% タップ14% → (a)OK ②改OK
  run28 対象 設備20% 金34% 討伐31% タップ15% → (a)OK ②改OK
  run29 対象 設備19% 金30% 討伐35% タップ16% → (a)OK ②改OK
  run30 対象 設備19% 金30% 討伐35% タップ16% → (a)OK ②改OK
  run31 対象 設備18% 金35% 討伐32% タップ15% → (a)OK ②改OK
  run32 対象 設備18% 金30% 討伐35% タップ16% → (a)OK ②改OK
  run33 対象 設備19% 金29% 討伐35% タップ17% → (a)OK ②改OK
  run34 対象 設備19% 金29% 討伐30% タップ22% → (a)OK ②改OK
  run35 対象 設備19% 金28% 討伐29% タップ24% → (a)OK ②改OK
  run36 対象 設備18% 金23% 討伐25% タップ33% → (a)OK ②改OK
  run37 対象 設備18% 金29% 討伐30% タップ23% → (a)OK ②改OK
  run38 対象 設備18% 金26% 討伐31% タップ26% → (a)OK ②改OK
  run39 対象 設備18% 金28% 討伐30% タップ23% → (a)OK ②改OK
  run40 対象 設備18% 金25% 討伐30% タップ27% → (a)OK ②改OK
  run41 対象 設備18% 金24% 討伐32% タップ26% → (a)OK ②改OK
  run42 対象 設備16% 金22% 討伐32% タップ30% → (a)OK ②改OK
  run43 対象 設備16% 金24% 討伐34% タップ27% → (a)OK ②改OK
  run44 対象 設備16% 金21% 討伐33% タップ31% → (a)OK ②改OK
  run45 対象 設備16% 金22% 討伐38% タップ25% → (a)OK ②改OK
  run46 対象 設備16% 金19% 討伐33% タップ32% → (a)OK ②改OK
  run47 対象 設備16% 金19% 討伐32% タップ33% → (a)OK ②改OK
click(S2 クリック会心型) 主役=タップ≥30%: 38/48周回 合格
  run 0 対象 設備25% 金8% 討伐7% タップ60% → (a)OK ②改NG
  run 1 対象 設備31% 金21% 討伐7% タップ41% → (a)OK ②改OK
  run 2 対象 設備35% 金28% 討伐7% タップ30% → (a)OK ②改OK
  run 3 対象 設備30% 金39% 討伐5% タップ26% → (a)NG ②改OK
  run 4 対象 設備28% 金45% 討伐8% タップ19% → (a)NG ②改OK
  run 5 対象 設備27% 金39% 討伐15% タップ19% → (a)NG ②改OK
  run 6 対象 設備35% 金35% 討伐14% タップ16% → (a)NG ②改OK
  run 7 対象 設備35% 金25% 討伐16% タップ24% → (a)NG ②改OK
  run 8 対象 設備37% 金24% 討伐16% タップ23% → (a)NG ②改OK
  run 9 対象 設備36% 金24% 討伐16% タップ25% → (a)NG ②改OK
  run10 対象 設備38% 金20% 討伐16% タップ26% → (a)NG ②改OK
  run11 対象 設備37% 金23% 討伐14% タップ26% → (a)NG ②改OK
  run12 対象 設備37% 金22% 討伐14% タップ27% → (a)NG ②改OK
  run13 対象 設備36% 金15% 討伐15% タップ34% → (a)OK ②改OK
  run14 対象 設備36% 金11% 討伐16% タップ36% → (a)OK ②改OK
  run15 対象 設備37% 金13% 討伐16% タップ35% → (a)OK ②改OK
  run16 対象 設備38% 金11% 討伐15% タップ36% → (a)OK ②改OK
  run17 対象 設備37% 金11% 討伐14% タップ37% → (a)OK ②改OK
  run18 対象 設備37% 金12% 討伐15% タップ36% → (a)OK ②改OK
  run19 対象 設備37% 金12% 討伐14% タップ37% → (a)OK ②改OK
  run20 対象 設備35% 金13% 討伐13% タップ39% → (a)OK ②改OK
  run21 対象 設備37% 金12% 討伐15% タップ37% → (a)OK ②改OK
  run22 対象 設備30% 金12% 討伐13% タップ45% → (a)OK ②改OK
  run23 対象 設備33% 金11% 討伐17% タップ40% → (a)OK ②改OK
  run24 対象 設備31% 金10% 討伐17% タップ41% → (a)OK ②改OK
  run25 対象 設備25% 金11% 討伐17% タップ47% → (a)OK ②改OK
  run26 対象 設備20% 金10% 討伐14% タップ56% → (a)OK ②改NG
  run27 対象 設備22% 金10% 討伐16% タップ52% → (a)OK ②改NG
  run28 対象 設備23% 金9% 討伐15% タップ53% → (a)OK ②改NG
  run29 対象 設備17% 金10% 討伐19% タップ54% → (a)OK ②改NG
  run30 対象 設備17% 金10% 討伐19% タップ54% → (a)OK ②改NG
  run31 対象 設備15% 金9% 討伐17% タップ59% → (a)OK ②改NG
  run32 対象 設備18% 金10% 討伐13% タップ60% → (a)OK ②改NG
  run33 対象 設備12% 金13% 討伐21% タップ55% → (a)OK ②改NG
  run34 対象 設備8% 金10% 討伐9% タップ73% → (a)OK ②改NG
  run35 対象 設備8% 金11% 討伐14% タップ66% → (a)OK ②改NG
  run36 対象 設備7% 金9% 討伐12% タップ72% → (a)OK ②改NG
  run37 対象 設備8% 金10% 討伐12% タップ70% → (a)OK ②改NG
  run38 対象 設備9% 金15% 討伐12% タップ63% → (a)OK ②改NG
  run39 対象 設備9% 金14% 討伐12% タップ65% → (a)OK ②改NG
  run40 対象 設備9% 金11% 討伐14% タップ65% → (a)OK ②改NG
  run41 対象 設備10% 金15% 討伐12% タップ63% → (a)OK ②改NG
  run42 対象 設備9% 金11% 討伐15% タップ65% → (a)OK ②改NG
  run43 対象 設備8% 金11% 討伐12% タップ69% → (a)OK ②改NG
  run44 対象 設備7% 金9% 討伐12% タップ73% → (a)OK ②改NG
  run45 対象 設備8% 金11% 討伐13% タップ69% → (a)OK ②改NG
  run46 対象 設備9% 金10% 討伐16% タップ65% → (a)OK ②改NG
  run47 対象 設備7% 金8% 討伐13% タップ72% → (a)OK ②改NG
golden(S3 金クッキー特化型) 主役=金クッキー≥30%: 39/43周回 合格
  run 0 対象外 設備40% 金12% 討伐9% タップ40%
  run 1 対象外 設備48% 金28% 討伐6% タップ17%
  run 2 対象外 設備19% 金50% 討伐13% タップ18%
  run 3 対象外 設備15% 金64% 討伐9% タップ12%
  run 4 対象 設備13% 金65% 討伐11% タップ12% → (a)OK ②改NG
  run 5 対象 設備17% 金60% 討伐12% タップ12% → (a)OK ②改NG
  run 6 対象 設備68% 金18% 討伐0% タップ14% → (a)NG ②改OK
  run 7 対象 設備20% 金55% 討伐13% タップ12% → (a)OK ②改NG
  run 8 対象 設備20% 金58% 討伐12% タップ10% → (a)OK ②改NG
  run 9 対象 設備18% 金63% 討伐10% タップ9% → (a)OK ②改NG
  run10 対象 設備20% 金58% 討伐12% タップ10% → (a)OK ②改NG
  run11 対象 設備21% 金56% 討伐13% タップ10% → (a)OK ②改NG
  run12 対象 設備22% 金54% 討伐14% タップ11% → (a)OK ②改NG
  run13 対象 設備23% 金43% 討伐17% タップ18% → (a)OK ②改OK
  run14 対象 設備25% 金37% 討伐18% タップ20% → (a)OK ②改OK
  run15 対象 設備28% 金32% 討伐20% タップ21% → (a)OK ②改OK
  run16 対象 設備31% 金28% 討伐21% タップ21% → (a)NG ②改OK
  run17 対象 設備29% 金31% 討伐20% タップ19% → (a)OK ②改OK
  run18 対象 設備27% 金37% 討伐18% タップ17% → (a)OK ②改OK
  run19 対象 設備28% 金35% 討伐19% タップ17% → (a)OK ②改OK
  run20 対象 設備30% 金35% 討伐20% タップ15% → (a)OK ②改OK
  run21 対象 設備33% 金29% 討伐23% タップ15% → (a)NG ②改OK
  run22 対象 設備32% 金31% 討伐24% タップ13% → (a)OK ②改OK
  run23 対象 設備31% 金35% 討伐21% タップ13% → (a)OK ②改OK
  run24 対象 設備32% 金29% 討伐27% タップ12% → (a)NG ②改OK
  run25 対象 設備28% 金33% 討伐29% タップ10% → (a)OK ②改OK
  run26 対象 設備28% 金32% 討伐29% タップ10% → (a)OK ②改OK
  run27 対象 設備30% 金43% 討伐14% タップ14% → (a)OK ②改OK
  run28 対象 設備28% 金47% 討伐8% タップ17% → (a)OK ②改OK
  run29 対象 設備29% 金46% 討伐7% タップ18% → (a)OK ②改OK
  run30 対象 設備29% 金46% 討伐7% タップ18% → (a)OK ②改OK
  run31 対象 設備29% 金45% 討伐7% タップ18% → (a)OK ②改OK
  run32 対象 設備29% 金46% 討伐7% タップ18% → (a)OK ②改OK
  run33 対象 設備27% 金41% 討伐6% タップ26% → (a)OK ②改OK
  run34 対象 設備25% 金36% 討伐6% タップ33% → (a)OK ②改OK
  run35 対象 設備27% 金40% 討伐5% タップ28% → (a)OK ②改OK
  run36 対象 設備25% 金37% 討伐5% タップ32% → (a)OK ②改OK
  run37 対象 設備29% 金39% 討伐5% タップ27% → (a)OK ②改OK
  run38 対象 設備27% 金37% 討伐5% タップ31% → (a)OK ②改OK
  run39 対象 設備29% 金40% 討伐5% タップ26% → (a)OK ②改OK
  run40 対象 設備28% 金36% 討伐5% タップ30% → (a)OK ②改OK
  run41 対象 設備27% 金36% 討伐5% タップ32% → (a)OK ②改OK
  run42 対象 設備28% 金37% 討伐6% タップ30% → (a)OK ②改OK
  run43 対象 設備26% 金35% 討伐5% タップ34% → (a)OK ②改OK
  run44 対象 設備30% 金41% 討伐5% タップ24% → (a)OK ②改OK
  run45 対象 設備24% 金30% 討伐13% タップ32% → (a)OK ②改OK
  run46 対象 設備25% 金31% 討伐19% タップ25% → (a)OK ②改OK
hunt(S4 狩猟特化型) 主役=討伐由来≥30%: 34/42周回 合格
  run 0 対象外 設備42% 金17% 討伐5% タップ36%
  run 1 対象外 設備44% 金34% 討伐3% タップ19%
  run 2 対象外 設備5% 金39% 討伐38% タップ18%
  run 3 対象外 設備34% 金53% 討伐5% タップ9%
  run 4 対象外 設備5% 金49% 討伐36% タップ10%
  run 5 対象 設備46% 金37% 討伐5% タップ12% → (a)NG ②改OK
  run 6 対象 設備10% 金49% 討伐34% タップ8% → (a)OK ②改OK
  run 7 対象 設備12% 金41% 討伐40% タップ7% → (a)OK ②改OK
  run 8 対象 設備12% 金49% 討伐32% タップ7% → (a)OK ②改OK
  run 9 対象 設備12% 金48% 討伐35% タップ6% → (a)OK ②改OK
  run10 対象 設備11% 金57% 討伐28% タップ5% → (a)NG ②改OK
  run11 対象 設備14% 金43% 討伐37% タップ6% → (a)OK ②改OK
  run12 対象 設備14% 金51% 討伐30% タップ5% → (a)OK ②改OK
  run13 対象 設備14% 金48% 討伐32% タップ6% → (a)OK ②改OK
  run14 対象 設備13% 金54% 討伐26% タップ7% → (a)NG ②改OK
  run15 対象 設備16% 金42% 討伐34% タップ7% → (a)OK ②改OK
  run16 対象 設備42% 金6% 討伐38% タップ15% → (a)OK ②改OK
  run17 対象 設備15% 金54% 討伐23% タップ8% → (a)NG ②改OK
  run18 対象 設備17% 金48% 討伐28% タップ8% → (a)NG ②改OK
  run19 対象 設備17% 金50% 討伐26% タップ8% → (a)NG ②改OK
  run20 対象 設備36% 金21% 討伐32% タップ12% → (a)OK ②改OK
  run21 対象 設備21% 金42% 討伐27% タップ11% → (a)NG ②改OK
  run22 対象 設備23% 金32% 討伐35% タップ10% → (a)OK ②改OK
  run23 対象 設備19% 金32% 討伐40% タップ10% → (a)OK ②改OK
  run24 対象 設備20% 金29% 討伐41% タップ9% → (a)OK ②改OK
  run25 対象 設備18% 金29% 討伐45% タップ9% → (a)OK ②改OK
  run26 対象 設備17% 金26% 討伐49% タップ8% → (a)OK ②改OK
  run27 対象 設備35% 金19% 討伐36% タップ11% → (a)OK ②改OK
  run28 対象 設備17% 金22% 討伐53% タップ8% → (a)OK ②改NG
  run29 対象 設備27% 金17% 討伐46% タップ10% → (a)OK ②改OK
  run30 対象 設備24% 金17% 討伐50% タップ9% → (a)OK ②改OK
  run31 対象 設備21% 金17% 討伐53% タップ9% → (a)OK ②改NG
  run32 対象 設備25% 金18% 討伐47% タップ10% → (a)OK ②改OK
  run33 対象 設備10% 金20% 討伐64% タップ7% → (a)OK ②改NG
  run34 対象 設備10% 金18% 討伐37% タップ35% → (a)OK ②改OK
  run35 対象 設備9% 金17% 討伐58% タップ17% → (a)OK ②改NG
  run36 対象 設備10% 金24% 討伐52% タップ14% → (a)OK ②改NG
  run37 対象 設備9% 金14% 討伐64% タップ13% → (a)OK ②改NG
  run38 対象 設備8% 金15% 討伐64% タップ12% → (a)OK ②改NG
  run39 対象 設備9% 金11% 討伐36% タップ44% → (a)OK ②改OK
  run40 対象 設備9% 金18% 討伐35% タップ38% → (a)OK ②改OK
  run41 対象 設備8% 金13% 討伐67% タップ12% → (a)OK ②改NG
  run42 対象 設備8% 金12% 討伐53% タップ27% → (a)OK ②改NG
  run43 対象 設備8% 金10% 討伐40% タップ42% → (a)OK ②改OK
  run44 対象 設備10% 金22% 討伐18% タップ51% → (a)NG ②改OK
  run45 対象 設備8% 金12% 討伐61% タップ19% → (a)OK ②改NG
  run46 対象 設備12% 金21% 討伐46% タップ21% → (a)OK ②改OK
bake(S1 バランス効率型) 主役=設備生産≥30%: 46/47周回 合格
  run 0 対象 設備37% 金13% 討伐9% タップ41% → (a)OK ②改OK
  run 1 対象 設備49% 金23% 討伐7% タップ22% → (a)OK ②改OK
  run 2 対象 設備44% 金33% 討伐9% タップ15% → (a)OK ②改OK
  run 3 対象 設備36% 金45% 討伐7% タップ11% → (a)OK ②改OK
  run 4 対象 設備26% 金50% 討伐13% タップ11% → (a)NG ②改OK
  run 5 対象 設備40% 金36% 討伐13% タップ11% → (a)OK ②改OK
  run 6 対象 設備78% 金11% 討伐0% タップ11% → (a)OK ②改NG
  run 7 対象 設備47% 金27% 討伐13% タップ13% → (a)OK ②改OK
  run 8 対象 設備46% 金33% 討伐11% タップ11% → (a)OK ②改OK
  run 9 対象 設備46% 金33% 討伐10% タップ11% → (a)OK ②改OK
  run10 対象 設備48% 金29% 討伐11% タップ11% → (a)OK ②改OK
  run11 対象 設備52% 金28% 討伐10% タップ10% → (a)OK ②改NG
  run12 対象 設備53% 金28% 討伐10% タップ10% → (a)OK ②改NG
  run13 対象 設備51% 金25% 討伐11% タップ13% → (a)OK ②改OK
  run14 対象 設備51% 金22% 討伐13% タップ15% → (a)OK ②改OK
  run15 対象 設備53% 金22% 討伐12% タップ13% → (a)OK ②改NG
  run16 対象 設備57% 金21% 討伐11% タップ12% → (a)OK ②改NG
  run17 対象 設備55% 金22% 討伐11% タップ12% → (a)OK ②改NG
  run18 対象 設備54% 金25% 討伐11% タップ11% → (a)OK ②改NG
  run19 対象 設備54% 金25% 討伐11% タップ11% → (a)OK ②改NG
  run20 対象 設備55% 金25% 討伐10% タップ10% → (a)OK ②改NG
  run21 対象 設備54% 金21% 討伐14% タップ10% → (a)OK ②改NG
  run22 対象 設備52% 金21% 討伐18% タップ9% → (a)OK ②改NG
  run23 対象 設備52% 金20% 討伐19% タップ9% → (a)OK ②改NG
  run24 対象 設備48% 金19% 討伐25% タップ8% → (a)OK ②改OK
  run25 対象 設備44% 金18% 討伐30% タップ8% → (a)OK ②改OK
  run26 対象 設備44% 金18% 討伐30% タップ8% → (a)OK ②改OK
  run27 対象 設備49% 金22% 討伐19% タップ11% → (a)OK ②改OK
  run28 対象 設備47% 金20% 討伐22% タップ11% → (a)OK ②改OK
  run29 対象 設備45% 金24% 討伐20% タップ11% → (a)OK ②改OK
  run30 対象 設備49% 金20% 討伐20% タップ11% → (a)OK ②改OK
  run31 対象 設備47% 金20% 討伐23% タップ11% → (a)OK ②改OK
  run32 対象 設備42% 金19% 討伐29% タップ10% → (a)OK ②改OK
  run33 対象 設備40% 金17% 討伐26% タップ17% → (a)OK ②改OK
  run34 対象 設備39% 金15% 討伐30% タップ16% → (a)OK ②改OK
  run35 対象 設備39% 金15% 討伐29% タップ17% → (a)OK ②改OK
  run36 対象 設備34% 金11% 討伐26% タップ30% → (a)OK ②改OK
  run37 対象 設備39% 金16% 討伐28% タップ16% → (a)OK ②改OK
  run38 対象 設備38% 金13% 討伐30% タップ19% → (a)OK ②改OK
  run39 対象 設備40% 金16% 討伐28% タップ16% → (a)OK ②改OK
  run40 対象 設備38% 金14% 討伐29% タップ19% → (a)OK ②改OK
  run41 対象 設備35% 金14% 討伐33% タップ18% → (a)OK ②改OK
  run42 対象 設備34% 金11% 討伐31% タップ23% → (a)OK ②改OK
  run43 対象 設備34% 金11% 討伐31% タップ24% → (a)OK ②改OK
  run44 対象 設備35% 金13% 討伐30% タップ23% → (a)OK ②改OK
  run45 対象 設備33% 金10% 討伐31% タップ27% → (a)OK ②改OK
  run46 対象 設備33% 金10% 討伐31% タップ26% → (a)OK ②改OK
㉘合計: 202/228周回
②(改・ジャンル一強禁止 得意ジャンルlift≤±1.5倍) 合計: 127/180周回
