=== ㉘稼ぎ口比率(24h・周回シェア=各tickシェアの周回平均) ===
balanced(S6 早回し転生型) 4つすべて≥10%: 16/33周回 合格
  run 0 対象 設備44% 金14% 討伐6% タップ36% → (a)NG ②改OK
  run 1 対象 設備43% 金26% 討伐6% タップ26% → (a)NG ②改OK
  run 2 対象 設備43% 金29% 討伐8% タップ20% → (a)NG ②改OK
  run 3 対象 設備36% 金43% 討伐6% タップ15% → (a)NG ②改OK
  run 4 対象 設備25% 金54% 討伐9% タップ13% → (a)NG ②改OK
  run 5 対象 設備34% 金43% 討伐11% タップ13% → (a)OK ②改OK
  run 6 対象 設備38% 金42% 討伐11% タップ10% → (a)NG ②改OK
  run 7 対象 設備35% 金39% 討伐11% タップ15% → (a)OK ②改OK
  run 8 対象 設備32% 金45% 討伐10% タップ13% → (a)NG ②改OK
  run 9 対象 設備30% 金49% 討伐9% タップ13% → (a)NG ②改OK
  run10 対象 設備34% 金41% 討伐11% タップ14% → (a)OK ②改OK
  run11 対象 設備32% 金45% 討伐10% タップ13% → (a)OK ②改OK
  run12 対象 設備34% 金40% 討伐11% タップ14% → (a)OK ②改OK
  run13 対象 設備31% 金35% 討伐12% タップ21% → (a)OK ②改OK
  run14 対象 設備30% 金30% 討伐14% タップ25% → (a)OK ②改OK
  run15 対象 設備32% 金29% 討伐15% タップ24% → (a)OK ②改OK
  run16 対象 設備32% 金30% 討伐15% タップ23% → (a)OK ②改OK
  run17 対象 設備33% 金32% 討伐14% タップ21% → (a)OK ②改OK
  run18 対象 設備29% 金36% 討伐15% タップ20% → (a)OK ②改OK
  run19 対象 設備25% 金41% 討伐16% タップ18% → (a)OK ②改OK
  run20 対象 設備26% 金39% 討伐18% タップ17% → (a)OK ②改OK
  run21 対象 設備25% 金37% 討伐24% タップ14% → (a)OK ②改OK
  run22 対象 設備25% 金35% 討伐27% タップ13% → (a)OK ②改OK
  run23 対象 設備21% 金35% 討伐33% タップ11% → (a)OK ②改OK
  run24 対象 設備19% 金43% 討伐28% タップ10% → (a)NG ②改OK
  run25 対象 設備16% 金34% 討伐42% タップ8% → (a)NG ②改OK
  run26 対象 設備12% 金40% 討伐41% タップ7% → (a)NG ②改OK
  run27 対象 設備11% 金37% 討伐46% タップ6% → (a)NG ②改OK
  run28 対象 設備7% 金43% 討伐44% タップ5% → (a)NG ②改OK
  run29 対象 設備8% 金36% 討伐50% タップ6% → (a)NG ②改OK
  run30 対象 設備7% 金36% 討伐51% タップ5% → (a)NG ②改OK
  run31 対象 設備5% 金36% 討伐54% タップ4% → (a)NG ②改OK
  run32 対象 設備7% 金34% 討伐53% タップ5% → (a)NG ②改OK
click(S2 クリック会心型) 主役=タップ≥30%: 9/15周回 合格
  run 0 対象 設備27% 金9% 討伐4% タップ61% → (a)OK ②改NG
  run 1 対象 設備37% 金24% 討伐2% タップ37% → (a)OK ②改OK
  run 2 対象 設備32% 金23% 討伐3% タップ43% → (a)OK ②改OK
  run 3 対象 設備27% 金35% 討伐2% タップ35% → (a)OK ②改OK
  run 4 対象 設備23% 金45% 討伐3% タップ29% → (a)NG ②改OK
  run 5 対象 設備21% 金42% 討伐11% タップ26% → (a)NG ②改OK
  run 6 対象 設備27% 金40% 討伐10% タップ22% → (a)NG ②改OK
  run 7 対象 設備25% 金26% 討伐13% タップ36% → (a)OK ②改OK
  run 8 対象 設備27% 金29% 討伐12% タップ31% → (a)OK ②改OK
  run 9 対象 設備22% 金36% 討伐11% タップ30% → (a)OK ②改OK
  run10 対象 設備26% 金32% 討伐12% タップ30% → (a)NG ②改OK
  run11 対象 設備29% 金31% 討伐12% タップ28% → (a)NG ②改OK
  run12 対象 設備29% 金29% 討伐12% タップ30% → (a)NG ②改OK
  run13 対象 設備23% 金23% 討伐13% タップ41% → (a)OK ②改OK
  run14 対象 設備22% 金20% 討伐14% タップ44% → (a)OK ②改OK
golden(S3 金クッキー特化型) 主役=金クッキー≥30%: 35/44周回 合格
  run 0 対象外 設備47% 金14% 討伐5% タップ35%
  run 1 対象外 設備49% 金31% 討伐3% タップ16%
  run 2 対象外 設備32% 金49% 討伐5% タップ14%
  run 3 対象 設備34% 金51% 討伐3% タップ11% → (a)OK ②改OK
  run 4 対象 設備14% 金62% 討伐9% タップ16% → (a)OK ②改NG
  run 5 対象 設備19% 金57% 討伐9% タップ15% → (a)OK ②改NG
  run 6 対象 設備64% 金21% 討伐0% タップ15% → (a)NG ②改OK
  run 7 対象 設備22% 金53% 討伐10% タップ15% → (a)OK ②改NG
  run 8 対象 設備53% 金23% 討伐3% タップ21% → (a)NG ②改OK
  run 9 対象 設備20% 金58% 討伐9% タップ12% → (a)OK ②改NG
  run10 対象 設備21% 金58% 討伐9% タップ12% → (a)OK ②改NG
  run11 対象 設備23% 金53% 討伐11% タップ13% → (a)OK ②改NG
  run12 対象 設備23% 金51% 討伐12% タップ14% → (a)OK ②改OK
  run13 対象 設備24% 金35% 討伐16% タップ25% → (a)OK ②改OK
  run14 対象 設備27% 金30% 討伐17% タップ26% → (a)NG ②改OK
  run15 対象 設備27% 金30% 討伐18% タップ26% → (a)NG ②改OK
  run16 対象 設備28% 金27% 討伐20% タップ25% → (a)NG ②改OK
  run17 対象 設備29% 金26% 討伐20% タップ25% → (a)NG ②改OK
  run18 対象 設備25% 金36% 討伐18% タップ21% → (a)OK ②改OK
  run19 対象 設備25% 金33% 討伐19% タップ22% → (a)OK ②改OK
  run20 対象 設備25% 金34% 討伐20% タップ20% → (a)OK ②改OK
  run21 対象 設備29% 金26% 討伐25% タップ19% → (a)NG ②改OK
  run22 対象 設備28% 金29% 討伐26% タップ17% → (a)NG ②改OK
  run23 対象 設備29% 金28% 討伐27% タップ16% → (a)NG ②改OK
  run24 対象 設備26% 金32% 討伐27% タップ15% → (a)OK ②改OK
  run25 対象 設備26% 金31% 討伐30% タップ14% → (a)OK ②改OK
  run26 対象 設備20% 金42% 討伐27% タップ12% → (a)OK ②改OK
  run27 対象 設備20% 金56% 討伐13% タップ11% → (a)OK ②改NG
  run28 対象 設備16% 金63% 討伐10% タップ11% → (a)OK ②改NG
  run29 対象 設備17% 金62% 討伐11% タップ10% → (a)OK ②改NG
  run30 対象 設備14% 金67% 討伐8% タップ10% → (a)OK ②改NG
  run31 対象 設備17% 金62% 討伐11% タップ10% → (a)OK ②改NG
  run32 対象 設備15% 金67% 討伐9% タップ10% → (a)OK ②改NG
  run33 対象 設備8% 金42% 討伐5% タップ44% → (a)OK ②改OK
  run34 対象 設備8% 金37% 討伐5% タップ50% → (a)OK ②改OK
  run35 対象 設備8% 金35% 討伐5% タップ52% → (a)OK ②改OK
  run36 対象 設備8% 金41% 討伐4% タップ47% → (a)OK ②改OK
  run37 対象 設備8% 金34% 討伐4% タップ53% → (a)OK ②改OK
  run38 対象 設備7% 金42% 討伐4% タップ47% → (a)OK ②改OK
  run39 対象 設備7% 金42% 討伐4% タップ47% → (a)OK ②改OK
  run40 対象 設備7% 金42% 討伐4% タップ47% → (a)OK ②改OK
  run41 対象 設備8% 金40% 討伐4% タップ48% → (a)OK ②改OK
  run42 対象 設備7% 金44% 討伐4% タップ45% → (a)OK ②改OK
  run43 対象 設備8% 金34% 討伐4% タップ54% → (a)OK ②改OK
  run44 対象 設備7% 金37% 討伐4% タップ52% → (a)OK ②改OK
  run45 対象 設備8% 金35% 討伐11% タップ47% → (a)OK ②改OK
  run46 対象 設備7% 金38% 討伐16% タップ39% → (a)OK ②改OK
hunt(S4 狩猟特化型) 主役=討伐由来≥30%: 35/43周回 合格
  run 0 対象外 設備45% 金18% 討伐3% タップ34%
  run 1 対象外 設備35% 金45% 討伐3% タップ17%
  run 2 対象外 設備8% 金32% 討伐36% タップ24%
  run 3 対象外 設備6% 金45% 討伐34% タップ14%
  run 4 対象 設備6% 金48% 討伐34% タップ12% → (a)OK ②改OK
  run 5 対象 設備39% 金36% 討伐11% タップ15% → (a)NG ②改OK
  run 6 対象 設備24% 金39% 討伐30% タップ7% → (a)OK ②改OK
  run 7 対象 設備15% 金44% 討伐32% タップ9% → (a)OK ②改OK
  run 8 対象 設備12% 金45% 討伐35% タップ7% → (a)OK ②改OK
  run 9 対象 設備14% 金53% 討伐26% タップ7% → (a)NG ②改OK
  run10 対象 設備8% 金55% 討伐31% タップ7% → (a)OK ②改OK
  run11 対象 設備11% 金49% 討伐34% タップ6% → (a)OK ②改OK
  run12 対象 設備9% 金57% 討伐28% タップ6% → (a)NG ②改OK
  run13 対象 設備10% 金47% 討伐35% タップ8% → (a)OK ②改OK
  run14 対象 設備8% 金53% 討伐31% タップ8% → (a)OK ②改OK
  run15 対象 設備11% 金45% 討伐35% タップ9% → (a)OK ②改OK
  run16 対象 設備26% 金31% 討伐28% タップ16% → (a)NG ②改OK
  run17 対象 設備8% 金55% 討伐28% タップ8% → (a)NG ②改OK
  run18 対象 設備11% 金51% 討伐31% タップ8% → (a)OK ②改OK
  run19 対象 設備10% 金56% 討伐28% タップ7% → (a)NG ②改OK
  run20 対象 設備24% 金37% 討伐27% タップ13% → (a)NG ②改OK
  run21 対象 設備10% 金51% 討伐31% タップ8% → (a)OK ②改OK
  run22 対象 設備13% 金45% 討伐34% タップ8% → (a)OK ②改OK
  run23 対象 設備13% 金43% 討伐37% タップ7% → (a)OK ②改OK
  run24 対象 設備12% 金40% 討伐41% タップ7% → (a)OK ②改OK
  run25 対象 設備10% 金38% 討伐47% タップ6% → (a)OK ②改OK
  run26 対象 設備9% 金35% 討伐51% タップ5% → (a)OK ②改OK
  run27 対象 設備21% 金25% 討伐45% タップ9% → (a)OK ②改OK
  run28 対象 設備13% 金25% 討伐56% タップ6% → (a)OK ②改NG
  run29 対象 設備18% 金20% 討伐54% タップ8% → (a)OK ②改NG
  run30 対象 設備16% 金19% 討伐58% タップ7% → (a)OK ②改NG
  run31 対象 設備14% 金21% 討伐58% タップ7% → (a)OK ②改NG
  run32 対象 設備15% 金21% 討伐58% タップ7% → (a)OK ②改NG
  run33 対象 設備3% 金20% 討伐63% タップ14% → (a)OK ②改NG
  run34 対象 設備4% 金16% 討伐40% タップ39% → (a)OK ②改OK
  run35 対象 設備4% 金16% 討伐52% タップ27% → (a)OK ②改NG
  run36 対象 設備4% 金20% 討伐55% タップ21% → (a)OK ②改NG
  run37 対象 設備4% 金16% 討伐54% タップ26% → (a)OK ②改NG
  run38 対象 設備4% 金16% 討伐53% タップ28% → (a)OK ②改NG
  run39 対象 設備5% 金14% 討伐32% タップ49% → (a)OK ②改OK
  run40 対象 設備5% 金16% 討伐34% タップ45% → (a)OK ②改OK
  run41 対象 設備5% 金12% 討伐52% タップ31% → (a)OK ②改NG
  run42 対象 設備5% 金11% 討伐39% タップ44% → (a)OK ②改OK
  run43 対象 設備5% 金11% 討伐32% タップ52% → (a)OK ②改OK
  run44 対象 設備5% 金19% 討伐21% タップ55% → (a)NG ②改OK
  run45 対象 設備5% 金13% 討伐39% タップ43% → (a)OK ②改OK
  run46 対象 設備5% 金12% 討伐57% タップ27% → (a)OK ②改NG
bake(S1 バランス効率型) 主役=設備生産≥30%: 25/34周回 合格
  run 0 対象 設備42% 金14% 討伐5% タップ39% → (a)OK ②改OK
  run 1 対象 設備50% 金24% 討伐4% タップ22% → (a)OK ②改OK
  run 2 対象 設備48% 金30% 討伐5% タップ17% → (a)OK ②改OK
  run 3 対象 設備32% 金47% 討伐6% タップ15% → (a)OK ②改OK
  run 4 対象 設備24% 金54% 討伐9% タップ13% → (a)NG ②改OK
  run 5 対象 設備39% 金38% 討伐9% タップ14% → (a)OK ②改OK
  run 6 対象 設備75% 金13% 討伐0% タップ12% → (a)OK ②改NG
  run 7 対象 設備46% 金29% 討伐10% タップ15% → (a)OK ②改OK
  run 8 対象 設備47% 金33% 討伐8% タップ12% → (a)OK ②改OK
  run 9 対象 設備44% 金36% 討伐8% タップ12% → (a)OK ②改OK
  run10 対象 設備47% 金31% 討伐9% タップ12% → (a)OK ②改OK
  run11 対象 設備51% 金30% 討伐8% タップ11% → (a)OK ②改OK
  run12 対象 設備50% 金30% 討伐8% タップ12% → (a)OK ②改OK
  run13 対象 設備49% 金26% 討伐9% タップ15% → (a)OK ②改OK
  run14 対象 設備47% 金24% 討伐11% タップ18% → (a)OK ②改OK
  run15 対象 設備51% 金19% 討伐11% タップ18% → (a)OK ②改NG
  run16 対象 設備55% 金18% 討伐11% タップ16% → (a)OK ②改NG
  run17 対象 設備52% 金21% 討伐11% タップ15% → (a)OK ②改NG
  run18 対象 設備51% 金24% 討伐11% タップ14% → (a)OK ②改OK
  run19 対象 設備50% 金26% 討伐11% タップ14% → (a)OK ②改OK
  run20 対象 設備53% 金23% 討伐11% タップ13% → (a)OK ②改NG
  run21 対象 設備38% 金38% 討伐13% タップ11% → (a)OK ②改OK
  run22 対象 設備49% 金21% 討伐19% タップ10% → (a)OK ②改OK
  run23 対象 設備45% 金25% 討伐21% タップ9% → (a)OK ②改OK
  run24 対象 設備43% 金24% 討伐24% タップ9% → (a)OK ②改OK
  run25 対象 設備34% 金25% 討伐34% タップ7% → (a)OK ②改OK
  run26 対象 設備25% 金34% 討伐35% タップ6% → (a)NG ②改OK
  run27 対象 設備20% 金37% 討伐36% タップ7% → (a)NG ②改OK
  run28 対象 設備20% 金37% 討伐38% タップ6% → (a)NG ②改OK
  run29 対象 設備19% 金35% 討伐40% タップ6% → (a)NG ②改OK
  run30 対象 設備20% 金34% 討伐41% タップ6% → (a)NG ②改OK
  run31 対象 設備11% 金37% 討伐47% タップ5% → (a)NG ②改OK
  run32 対象 設備14% 金33% 討伐49% タップ5% → (a)NG ②改OK
  run33 対象 設備11% 金27% 討伐38% タップ25% → (a)NG ②改OK
㉘合計: 120/169周回
②(改・ジャンル一強禁止 得意ジャンルlift≤±1.5倍) 合計: 106/136周回
