=== ㉘稼ぎ口比率(24h・周回シェア=各tickシェアの周回平均) ===
balanced(S6 早回し転生型) 4つすべて≥10%: 18/28周回 合格
  run 0 対象 設備34% 金12% 討伐5% タップ49% → (a)NG ②改OK
  run 1 対象 設備38% 金21% 討伐5% タップ35% → (a)NG ②改OK
  run 2 対象 設備36% 金25% 討伐10% タップ30% → (a)NG ②改OK
  run 3 対象 設備34% 金40% 討伐6% タップ19% → (a)NG ②改OK
  run 4 対象 設備26% 金49% 討伐9% タップ16% → (a)NG ②改OK
  run 5 対象 設備32% 金43% 討伐11% タップ15% → (a)OK ②改OK
  run 6 対象 設備37% 金42% 討伐10% タップ11% → (a)OK ②改OK
  run 7 対象 設備32% 金40% 討伐11% タップ17% → (a)OK ②改OK
  run 8 対象 設備33% 金43% 討伐10% タップ14% → (a)NG ②改OK
  run 9 対象 設備29% 金47% 討伐9% タップ14% → (a)NG ②改OK
  run10 対象 設備32% 金44% 討伐10% タップ14% → (a)OK ②改OK
  run11 対象 設備32% 金45% 討伐10% タップ13% → (a)NG ②改OK
  run12 対象 設備35% 金39% 討伐11% タップ15% → (a)OK ②改OK
  run13 対象 設備30% 金38% 討伐12% タップ21% → (a)OK ②改OK
  run14 対象 設備32% 金32% 討伐13% タップ22% → (a)OK ②改OK
  run15 対象 設備33% 金32% 討伐14% タップ21% → (a)OK ②改OK
  run16 対象 設備33% 金33% 討伐14% タップ20% → (a)OK ②改OK
  run17 対象 設備33% 金34% 討伐14% タップ19% → (a)OK ②改OK
  run18 対象 設備31% 金37% 討伐14% タップ18% → (a)OK ②改OK
  run19 対象 設備31% 金37% 討伐14% タップ18% → (a)OK ②改OK
  run20 対象 設備31% 金39% 討伐14% タップ16% → (a)OK ②改OK
  run21 対象 設備25% 金45% 討伐16% タップ15% → (a)OK ②改OK
  run22 対象 設備23% 金44% 討伐21% タップ13% → (a)OK ②改OK
  run23 対象 設備28% 金33% 討伐26% タップ14% → (a)OK ②改OK
  run24 対象 設備21% 金42% 討伐26% タップ11% → (a)OK ②改OK
  run25 対象 設備19% 金32% 討伐38% タップ10% → (a)OK ②改OK
  run26 対象 設備19% 金31% 討伐41% タップ9% → (a)NG ②改OK
  run27 対象 設備18% 金29% 討伐44% タップ9% → (a)NG ②改OK
click(S2 クリック会心型) 主役=タップ≥30%: 14/22周回 合格
  run 0 対象 設備21% 金7% 討伐3% タップ68% → (a)OK ②改NG
  run 1 対象 設備26% 金19% 討伐4% タップ51% → (a)OK ②改OK
  run 2 対象 設備34% 金26% 討伐4% タップ36% → (a)OK ②改OK
  run 3 対象 設備29% 金37% 討伐3% タップ30% → (a)OK ②改OK
  run 4 対象 設備16% 金48% 討伐9% タップ27% → (a)NG ②改OK
  run 5 対象 設備22% 金38% 討伐11% タップ28% → (a)NG ②改OK
  run 6 対象 設備28% 金39% 討伐11% タップ23% → (a)NG ②改OK
  run 7 対象 設備26% 金26% 討伐13% タップ35% → (a)OK ②改OK
  run 8 対象 設備31% 金26% 討伐12% タップ31% → (a)OK ②改OK
  run 9 対象 設備25% 金34% 討伐11% タップ30% → (a)NG ②改OK
  run10 対象 設備27% 金32% 討伐12% タップ29% → (a)NG ②改OK
  run11 対象 設備31% 金29% 討伐12% タップ29% → (a)NG ②改OK
  run12 対象 設備29% 金32% 討伐11% タップ28% → (a)NG ②改OK
  run13 対象 設備27% 金26% 討伐12% タップ35% → (a)OK ②改OK
  run14 対象 設備28% 金23% 討伐13% タップ36% → (a)OK ②改OK
  run15 対象 設備30% 金23% 討伐13% タップ34% → (a)OK ②改OK
  run16 対象 設備32% 金20% 討伐14% タップ35% → (a)OK ②改OK
  run17 対象 設備31% 金23% 討伐13% タップ33% → (a)OK ②改OK
  run18 対象 設備31% 金24% 討伐13% タップ32% → (a)OK ②改OK
  run19 対象 設備29% 金27% 討伐13% タップ31% → (a)OK ②改OK
  run20 対象 設備29% 金27% 討伐13% タップ31% → (a)OK ②改OK
  run21 対象 設備29% 金36% 討伐14% タップ21% → (a)NG ②改OK
golden(S3 金クッキー特化型) 主役=金クッキー≥30%: 41/44周回 合格
  run 0 対象外 設備34% 金10% 討伐4% タップ52%
  run 1 対象外 設備35% 金30% 討伐4% タップ31%
  run 2 対象外 設備23% 金39% 討伐9% タップ29%
  run 3 対象 設備16% 金57% 討伐6% タップ20% → (a)OK ②改NG
  run 4 対象 設備12% 金60% 討伐8% タップ19% → (a)OK ②改NG
  run 5 対象 設備15% 金59% 討伐8% タップ17% → (a)OK ②改NG
  run 6 対象 設備16% 金62% 討伐8% タップ14% → (a)OK ②改NG
  run 7 対象 設備21% 金56% 討伐9% タップ14% → (a)OK ②改NG
  run 8 対象 設備21% 金57% 討伐9% タップ14% → (a)OK ②改NG
  run 9 対象 設備22% 金56% 討伐9% タップ13% → (a)OK ②改NG
  run10 対象 設備23% 金55% 討伐9% タップ12% → (a)OK ②改NG
  run11 対象 設備27% 金50% 討伐11% タップ13% → (a)OK ②改OK
  run12 対象 設備27% 金50% 討伐11% タップ13% → (a)OK ②改OK
  run13 対象 設備26% 金42% 討伐13% タップ20% → (a)OK ②改OK
  run14 対象 設備28% 金35% 討伐14% タップ22% → (a)OK ②改OK
  run15 対象 設備33% 金28% 討伐17% タップ23% → (a)NG ②改OK
  run16 対象 設備31% 金31% 討伐17% タップ22% → (a)OK ②改OK
  run17 対象 設備31% 金31% 討伐17% タップ21% → (a)OK ②改OK
  run18 対象 設備27% 金39% 討伐15% タップ18% → (a)OK ②改OK
  run19 対象 設備28% 金39% 討伐16% タップ18% → (a)OK ②改OK
  run20 対象 設備28% 金38% 討伐17% タップ17% → (a)OK ②改OK
  run21 対象 設備33% 金25% 討伐23% タップ20% → (a)NG ②改OK
  run22 対象 設備29% 金31% 討伐23% タップ17% → (a)OK ②改OK
  run23 対象 設備31% 金28% 討伐24% タップ17% → (a)NG ②改OK
  run24 対象 設備29% 金30% 討伐25% タップ16% → (a)OK ②改OK
  run25 対象 設備23% 金41% 討伐24% タップ13% → (a)OK ②改OK
  run26 対象 設備27% 金32% 討伐28% タップ14% → (a)OK ②改OK
  run27 対象 設備21% 金56% 討伐12% タップ12% → (a)OK ②改NG
  run28 対象 設備16% 金65% 討伐8% タップ11% → (a)OK ②改NG
  run29 対象 設備16% 金65% 討伐9% タップ10% → (a)OK ②改NG
  run30 対象 設備17% 金63% 討伐9% タップ11% → (a)OK ②改NG
  run31 対象 設備16% 金65% 討伐9% タップ10% → (a)OK ②改NG
  run32 対象 設備15% 金68% 討伐8% タップ10% → (a)OK ②改NG
  run33 対象 設備8% 金43% 討伐5% タップ44% → (a)OK ②改OK
  run34 対象 設備8% 金36% 討伐5% タップ51% → (a)OK ②改OK
  run35 対象 設備7% 金41% 討伐4% タップ48% → (a)OK ②改OK
  run36 対象 設備8% 金44% 討伐4% タップ44% → (a)OK ②改OK
  run37 対象 設備8% 金34% 討伐4% タップ54% → (a)OK ②改OK
  run38 対象 設備7% 金37% 討伐4% タップ52% → (a)OK ②改OK
  run39 対象 設備7% 金42% 討伐4% タップ48% → (a)OK ②改OK
  run40 対象 設備7% 金38% 討伐4% タップ51% → (a)OK ②改OK
  run41 対象 設備7% 金35% 討伐4% タップ54% → (a)OK ②改OK
  run42 対象 設備7% 金37% 討伐4% タップ52% → (a)OK ②改OK
  run43 対象 設備7% 金38% 討伐4% タップ51% → (a)OK ②改OK
  run44 対象 設備6% 金42% 討伐3% タップ48% → (a)OK ②改OK
  run45 対象 設備7% 金35% 討伐10% タップ48% → (a)OK ②改OK
  run46 対象 設備7% 金34% 討伐10% タップ49% → (a)OK ②改OK
hunt(S4 狩猟特化型) 主役=討伐由来≥30%: 23/43周回 合格
  run 0 対象外 設備34% 金14% 討伐3% タップ49%
  run 1 対象外 設備38% 金31% 討伐3% タップ29%
  run 2 対象外 設備9% 金31% 討伐30% タップ30%
  run 3 対象外 設備32% 金52% 討伐4% タップ13%
  run 4 対象 設備7% 金52% 討伐27% タップ14% → (a)NG ②改OK
  run 5 対象 設備7% 金53% 討伐29% タップ11% → (a)NG ②改OK
  run 6 対象 設備8% 金50% 討伐29% タップ13% → (a)NG ②改OK
  run 7 対象 設備10% 金49% 討伐33% タップ9% → (a)OK ②改OK
  run 8 対象 設備9% 金53% 討伐27% タップ11% → (a)NG ②改OK
  run 9 対象 設備10% 金52% 討伐30% タップ8% → (a)OK ②改OK
  run10 対象 設備12% 金53% 討伐27% タップ8% → (a)NG ②改OK
  run11 対象 設備13% 金51% 討伐29% タップ7% → (a)NG ②改OK
  run12 対象 設備12% 金56% 討伐25% タップ7% → (a)NG ②改OK
  run13 対象 設備13% 金48% 討伐30% タップ9% → (a)NG ②改OK
  run14 対象 設備12% 金51% 討伐27% タップ10% → (a)NG ②改OK
  run15 対象 設備16% 金41% 討伐30% タップ13% → (a)OK ②改OK
  run16 対象 設備15% 金46% 討伐28% タップ11% → (a)NG ②改OK
  run17 対象 設備15% 金47% 討伐27% タップ11% → (a)NG ②改OK
  run18 対象 設備14% 金51% 討伐24% タップ11% → (a)NG ②改OK
  run19 対象 設備15% 金49% 討伐24% タップ11% → (a)NG ②改OK
  run20 対象 設備15% 金50% 討伐24% タップ10% → (a)NG ②改OK
  run21 対象 設備14% 金48% 討伐27% タップ12% → (a)NG ②改OK
  run22 対象 設備16% 金45% 討伐30% タップ9% → (a)NG ②改OK
  run23 対象 設備15% 金42% 討伐34% タップ9% → (a)OK ②改OK
  run24 対象 設備15% 金38% 討伐38% タップ9% → (a)OK ②改OK
  run25 対象 設備12% 金36% 討伐44% タップ7% → (a)OK ②改OK
  run26 対象 設備12% 金34% 討伐47% タップ7% → (a)OK ②改OK
  run27 対象 設備25% 金21% 討伐43% タップ11% → (a)OK ②改OK
  run28 対象 設備16% 金21% 討伐55% タップ8% → (a)OK ②改NG
  run29 対象 設備22% 金17% 討伐51% タップ10% → (a)OK ②改OK
  run30 対象 設備19% 金16% 討伐56% タップ9% → (a)OK ②改NG
  run31 対象 設備18% 金17% 討伐57% タップ8% → (a)OK ②改NG
  run32 対象 設備17% 金16% 討伐58% タップ8% → (a)OK ②改NG
  run33 対象 設備5% 金17% 討伐58% タップ20% → (a)OK ②改NG
  run34 対象 設備5% 金15% 討伐33% タップ46% → (a)OK ②改OK
  run35 対象 設備5% 金15% 討伐50% タップ31% → (a)OK ②改OK
  run36 対象 設備5% 金13% 討伐32% タップ49% → (a)OK ②改OK
  run37 対象 設備5% 金17% 討伐52% タップ26% → (a)OK ②改NG
  run38 対象 設備4% 金16% 討伐45% タップ35% → (a)OK ②改OK
  run39 対象 設備6% 金12% 討伐31% タップ51% → (a)OK ②改OK
  run40 対象 設備5% 金12% 討伐36% タップ47% → (a)OK ②改OK
  run41 対象 設備5% 金12% 討伐46% タップ37% → (a)OK ②改OK
  run42 対象 設備6% 金12% 討伐34% タップ48% → (a)OK ②改OK
  run43 対象 設備6% 金10% 討伐24% タップ59% → (a)NG ②改OK
  run44 対象 設備6% 金9% 討伐29% タップ56% → (a)NG ②改OK
  run45 対象 設備6% 金10% 討伐29% タップ55% → (a)NG ②改OK
  run46 対象 設備13% 金24% 討伐19% タップ44% → (a)NG ②改OK
bake(S1 バランス効率型) 主役=設備生産≥30%: 25/30周回 合格
  run 0 対象 設備34% 金12% 討伐4% タップ50% → (a)OK ②改OK
  run 1 対象 設備42% 金22% 討伐4% タップ33% → (a)OK ②改OK
  run 2 対象 設備35% 金28% 討伐9% タップ28% → (a)OK ②改OK
  run 3 対象 設備35% 金41% 討伐5% タップ18% → (a)OK ②改OK
  run 4 対象 設備22% 金52% 討伐9% タップ17% → (a)NG ②改OK
  run 5 対象 設備37% 金38% 討伐10% タップ15% → (a)OK ②改OK
  run 6 対象 設備44% 金36% 討伐9% タップ11% → (a)OK ②改OK
  run 7 対象 設備46% 金31% 討伐9% タップ14% → (a)OK ②改OK
  run 8 対象 設備46% 金33% 討伐8% タップ12% → (a)OK ②改OK
  run 9 対象 設備43% 金38% 討伐8% タップ11% → (a)OK ②改OK
  run10 対象 設備46% 金34% 討伐8% タップ11% → (a)OK ②改OK
  run11 対象 設備51% 金31% 討伐8% タップ10% → (a)OK ②改OK
  run12 対象 設備49% 金32% 討伐9% タップ11% → (a)OK ②改OK
  run13 対象 設備49% 金28% 討伐8% タップ14% → (a)OK ②改OK
  run14 対象 設備49% 金24% 討伐10% タップ17% → (a)OK ②改OK
  run15 対象 設備52% 金22% 討伐11% タップ16% → (a)OK ②改NG
  run16 対象 設備54% 金21% 討伐11% タップ15% → (a)OK ②改NG
  run17 対象 設備54% 金21% 討伐11% タップ14% → (a)OK ②改NG
  run18 対象 設備50% 金27% 討伐10% タップ13% → (a)OK ②改OK
  run19 対象 設備51% 金25% 討伐10% タップ13% → (a)OK ②改OK
  run20 対象 設備51% 金26% 討伐11% タップ12% → (a)OK ②改OK
  run21 対象 設備38% 金39% 討伐12% タップ11% → (a)OK ②改OK
  run22 対象 設備47% 金26% 討伐17% タップ10% → (a)OK ②改OK
  run23 対象 設備46% 金26% 討伐19% タップ9% → (a)OK ②改OK
  run24 対象 設備43% 金24% 討伐24% タップ9% → (a)OK ②改OK
  run25 対象 設備34% 金26% 討伐34% タップ7% → (a)OK ②改OK
  run26 対象 設備26% 金34% 討伐34% タップ6% → (a)NG ②改OK
  run27 対象 設備20% 金39% 討伐35% タップ7% → (a)NG ②改OK
  run28 対象 設備15% 金43% 討伐36% タップ5% → (a)NG ②改OK
  run29 対象 設備19% 金38% 討伐37% タップ6% → (a)NG ②改OK
㉘合計: 121/167周回
②(改・ジャンル一強禁止 得意ジャンルlift≤±1.5倍) 合計: 115/139周回
