=== ㉘稼ぎ口比率(24h・周回シェア=各tickシェアの周回平均) ===
balanced(S6 早回し転生型) 4つすべて≥10%: 17/30周回 合格
  run 0 対象 設備34% 金12% 討伐5% タップ49% → (a)NG ②改OK
  run 1 対象 設備38% 金21% 討伐5% タップ35% → (a)NG ②改OK
  run 2 対象 設備36% 金25% 討伐10% タップ30% → (a)NG ②改OK
  run 3 対象 設備34% 金40% 討伐6% タップ19% → (a)NG ②改OK
  run 4 対象 設備26% 金49% 討伐9% タップ16% → (a)NG ②改OK
  run 5 対象 設備32% 金43% 討伐11% タップ15% → (a)OK ②改OK
  run 6 対象 設備37% 金42% 討伐10% タップ11% → (a)OK ②改OK
  run 7 対象 設備32% 金40% 討伐11% タップ17% → (a)OK ②改OK
  run 8 対象 設備33% 金43% 討伐10% タップ14% → (a)NG ②改OK
  run 9 対象 設備29% 金47% 討伐9% タップ14% → (a)NG ②改OK
  run10 対象 設備32% 金44% 討伐10% タップ14% → (a)OK ②改OK
  run11 対象 設備32% 金45% 討伐10% タップ13% → (a)NG ②改OK
  run12 対象 設備35% 金39% 討伐11% タップ15% → (a)OK ②改OK
  run13 対象 設備30% 金38% 討伐12% タップ21% → (a)OK ②改OK
  run14 対象 設備32% 金32% 討伐14% タップ23% → (a)OK ②改OK
  run15 対象 設備32% 金30% 討伐14% タップ24% → (a)OK ②改OK
  run16 対象 設備33% 金29% 討伐15% タップ23% → (a)OK ②改OK
  run17 対象 設備31% 金34% 討伐14% タップ21% → (a)OK ②改OK
  run18 対象 設備30% 金36% 討伐14% タップ20% → (a)OK ②改OK
  run19 対象 設備25% 金43% 討伐16% タップ16% → (a)OK ②改OK
  run20 対象 設備26% 金42% 討伐17% タップ15% → (a)OK ②改OK
  run21 対象 設備24% 金38% 討伐23% タップ14% → (a)OK ②改OK
  run22 対象 設備19% 金45% 討伐25% タップ11% → (a)OK ②改OK
  run23 対象 設備18% 金46% 討伐26% タップ10% → (a)OK ②改OK
  run24 対象 設備22% 金34% 討伐33% タップ11% → (a)OK ②改OK
  run25 対象 設備13% 金41% 討伐39% タップ7% → (a)NG ②改OK
  run26 対象 設備13% 金39% 討伐41% タップ7% → (a)NG ②改OK
  run27 対象 設備14% 金30% 討伐49% タップ7% → (a)NG ②改OK
  run28 対象 設備8% 金41% 討伐45% タップ6% → (a)NG ②改OK
  run29 対象 設備9% 金36% 討伐48% タップ6% → (a)NG ②改OK
click(S2 クリック会心型) 主役=タップ≥30%: 14/25周回 合格
  run 0 対象 設備21% 金7% 討伐3% タップ68% → (a)OK ②改NG
  run 1 対象 設備26% 金19% 討伐4% タップ51% → (a)OK ②改OK
  run 2 対象 設備34% 金26% 討伐4% タップ36% → (a)OK ②改OK
  run 3 対象 設備29% 金37% 討伐3% タップ30% → (a)OK ②改OK
  run 4 対象 設備16% 金48% 討伐9% タップ27% → (a)NG ②改OK
  run 5 対象 設備22% 金38% 討伐11% タップ28% → (a)NG ②改OK
  run 6 対象 設備28% 金39% 討伐11% タップ23% → (a)NG ②改OK
  run 7 対象 設備26% 金26% 討伐13% タップ35% → (a)OK ②改OK
  run 8 対象 設備31% 金26% 討伐12% タップ31% → (a)OK ②改OK
  run 9 対象 設備25% 金34% 討伐11% タップ30% → (a)NG ②改OK
  run10 対象 設備27% 金32% 討伐12% タップ29% → (a)NG ②改OK
  run11 対象 設備31% 金29% 討伐12% タップ29% → (a)NG ②改OK
  run12 対象 設備30% 金30% 討伐12% タップ29% → (a)NG ②改OK
  run13 対象 設備24% 金23% 討伐13% タップ40% → (a)OK ②改OK
  run14 対象 設備25% 金20% 討伐14% タップ41% → (a)OK ②改OK
  run15 対象 設備30% 金17% 討伐14% タップ38% → (a)OK ②改OK
  run16 対象 設備29% 金21% 討伐14% タップ36% → (a)OK ②改OK
  run17 対象 設備30% 金19% 討伐14% タップ37% → (a)OK ②改OK
  run18 対象 設備31% 金20% 討伐14% タップ35% → (a)OK ②改OK
  run19 対象 設備28% 金23% 討伐14% タップ35% → (a)OK ②改OK
  run20 対象 設備29% 金22% 討伐14% タップ35% → (a)OK ②改OK
  run21 対象 設備33% 金27% 討伐16% タップ23% → (a)NG ②改OK
  run22 対象 設備32% 金25% 討伐19% タップ23% → (a)NG ②改OK
  run23 対象 設備31% 金25% 討伐20% タップ24% → (a)NG ②改OK
  run24 対象 設備26% 金34% 討伐20% タップ20% → (a)NG ②改OK
golden(S3 金クッキー特化型) 主役=金クッキー≥30%: 37/44周回 合格
  run 0 対象外 設備34% 金10% 討伐4% タップ52%
  run 1 対象外 設備35% 金30% 討伐4% タップ31%
  run 2 対象外 設備23% 金39% 討伐9% タップ29%
  run 3 対象 設備16% 金57% 討伐6% タップ20% → (a)OK ②改NG
  run 4 対象 設備13% 金58% 討伐9% タップ20% → (a)OK ②改NG
  run 5 対象 設備17% 金58% 討伐8% タップ17% → (a)OK ②改NG
  run 6 対象 設備62% 金20% 討伐0% タップ17% → (a)NG ②改OK
  run 7 対象 設備21% 金53% 討伐10% タップ17% → (a)OK ②改NG
  run 8 対象 設備53% 金22% 討伐3% タップ23% → (a)NG ②改OK
  run 9 対象 設備19% 金58% 討伐8% タップ14% → (a)OK ②改NG
  run10 対象 設備21% 金57% 討伐9% タップ13% → (a)OK ②改NG
  run11 対象 設備23% 金54% 討伐9% タップ13% → (a)OK ②改NG
  run12 対象 設備26% 金49% 討伐11% タップ14% → (a)OK ②改OK
  run13 対象 設備24% 金40% 討伐13% タップ23% → (a)OK ②改OK
  run14 対象 設備25% 金38% 討伐14% タップ23% → (a)OK ②改OK
  run15 対象 設備29% 金30% 討伐16% タップ24% → (a)OK ②改OK
  run16 対象 設備30% 金30% 討伐17% タップ23% → (a)NG ②改OK
  run17 対象 設備29% 金32% 討伐17% タップ22% → (a)OK ②改OK
  run18 対象 設備26% 金39% 討伐15% タップ20% → (a)OK ②改OK
  run19 対象 設備26% 金39% 討伐16% タップ19% → (a)OK ②改OK
  run20 対象 設備26% 金39% 討伐17% タップ18% → (a)OK ②改OK
  run21 対象 設備30% 金26% 討伐24% タップ20% → (a)NG ②改OK
  run22 対象 設備29% 金30% 討伐24% タップ17% → (a)NG ②改OK
  run23 対象 設備30% 金28% 討伐25% タップ17% → (a)NG ②改OK
  run24 対象 設備28% 金30% 討伐26% タップ16% → (a)NG ②改OK
  run25 対象 設備27% 金30% 討伐29% タップ14% → (a)OK ②改OK
  run26 対象 設備24% 金34% 討伐29% タップ13% → (a)OK ②改OK
  run27 対象 設備22% 金50% 討伐15% タップ12% → (a)OK ②改OK
  run28 対象 設備16% 金63% 討伐10% タップ11% → (a)OK ②改NG
  run29 対象 設備15% 金66% 討伐9% タップ10% → (a)OK ②改NG
  run30 対象 設備15% 金65% 討伐9% タップ10% → (a)OK ②改NG
  run31 対象 設備17% 金63% 討伐11% タップ10% → (a)OK ②改NG
  run32 対象 設備8% 金42% 討伐5% タップ45% → (a)OK ②改OK
  run33 対象 設備8% 金36% 討伐5% タップ51% → (a)OK ②改OK
  run34 対象 設備8% 金38% 討伐5% タップ50% → (a)OK ②改OK
  run35 対象 設備8% 金39% 討伐4% タップ49% → (a)OK ②改OK
  run36 対象 設備7% 金47% 討伐4% タップ42% → (a)OK ②改OK
  run37 対象 設備7% 金36% 討伐4% タップ52% → (a)OK ②改OK
  run38 対象 設備7% 金38% 討伐4% タップ51% → (a)OK ②改OK
  run39 対象 設備7% 金38% 討伐4% タップ50% → (a)OK ②改OK
  run40 対象 設備7% 金38% 討伐4% タップ51% → (a)OK ②改OK
  run41 対象 設備7% 金34% 討伐4% タップ54% → (a)OK ②改OK
  run42 対象 設備7% 金38% 討伐4% タップ51% → (a)OK ②改OK
  run43 対象 設備7% 金40% 討伐4% タップ49% → (a)OK ②改OK
  run44 対象 設備7% 金38% 討伐4% タップ52% → (a)OK ②改OK
  run45 対象 設備7% 金36% 討伐11% タップ46% → (a)OK ②改OK
  run46 対象 設備7% 金37% 討伐17% タップ39% → (a)OK ②改OK
hunt(S4 狩猟特化型) 主役=討伐由来≥30%: 23/38周回 合格
  run 0 対象外 設備34% 金14% 討伐3% タップ49%
  run 1 対象外 設備38% 金31% 討伐3% タップ29%
  run 2 対象外 設備9% 金29% 討伐32% タップ30%
  run 3 対象外 設備32% 金52% 討伐4% タップ13%
  run 4 対象 設備7% 金48% 討伐31% タップ15% → (a)OK ②改OK
  run 5 対象 設備29% 金38% 討伐21% タップ12% → (a)NG ②改OK
  run 6 対象 設備59% 金27% 討伐1% タップ14% → (a)NG ②改OK
  run 7 対象 設備14% 金40% 討伐33% タップ13% → (a)OK ②改OK
  run 8 対象 設備14% 金42% 討伐34% タップ10% → (a)OK ②改OK
  run 9 対象 設備19% 金47% 討伐22% タップ12% → (a)NG ②改OK
  run10 対象 設備13% 金49% 討伐27% タップ11% → (a)NG ②改OK
  run11 対象 設備12% 金48% 討伐32% タップ8% → (a)OK ②改OK
  run12 対象 設備57% 金8% 討伐10% タップ24% → (a)NG ②改OK
  run13 対象 設備9% 金51% 討伐31% タップ9% → (a)OK ②改OK
  run14 対象 設備33% 金17% 討伐31% タップ19% → (a)OK ②改OK
  run15 対象 設備10% 金47% 討伐31% タップ12% → (a)OK ②改OK
  run16 対象 設備27% 金27% 討伐30% タップ16% → (a)NG ②改OK
  run17 対象 設備11% 金48% 討伐30% タップ11% → (a)NG ②改OK
  run18 対象 設備25% 金33% 討伐26% タップ16% → (a)NG ②改OK
  run19 対象 設備11% 金52% 討伐27% タップ11% → (a)NG ②改OK
  run20 対象 設備27% 金31% 討伐27% タップ15% → (a)NG ②改OK
  run21 対象 設備12% 金49% 討伐30% タップ9% → (a)NG ②改OK
  run22 対象 設備14% 金46% 討伐32% タップ8% → (a)OK ②改OK
  run23 対象 設備14% 金41% 討伐37% タップ8% → (a)OK ②改OK
  run24 対象 設備13% 金41% 討伐38% タップ8% → (a)OK ②改OK
  run25 対象 設備12% 金36% 討伐45% タップ7% → (a)OK ②改OK
  run26 対象 設備11% 金35% 討伐47% タップ7% → (a)OK ②改OK
  run27 対象 設備23% 金22% 討伐46% タップ10% → (a)OK ②改OK
  run28 対象 設備16% 金21% 討伐56% タップ8% → (a)OK ②改NG
  run29 対象 設備19% 金17% 討伐56% タップ8% → (a)OK ②改NG
  run30 対象 設備20% 金17% 討伐54% タップ9% → (a)OK ②改NG
  run31 対象 設備14% 金18% 討伐61% タップ7% → (a)OK ②改NG
  run32 対象 設備19% 金21% 討伐51% タップ9% → (a)OK ②改OK
  run33 対象 設備4% 金18% 討伐59% タップ19% → (a)OK ②改NG
  run34 対象 設備5% 金22% 討伐22% タップ51% → (a)NG ②改OK
  run35 対象 設備4% 金17% 討伐56% タップ24% → (a)OK ②改NG
  run36 対象 設備5% 金19% 討伐24% タップ52% → (a)NG ②改OK
  run37 対象 設備4% 金16% 討伐55% タップ24% → (a)OK ②改NG
  run38 対象 設備5% 金22% 討伐25% タップ49% → (a)NG ②改OK
  run39 対象 設備5% 金13% 討伐40% タップ42% → (a)OK ②改OK
  run40 対象 設備5% 金21% 討伐24% タップ51% → (a)NG ②改OK
  run41 対象 設備5% 金11% 討伐53% タップ31% → (a)OK ②改NG
bake(S1 バランス効率型) 主役=設備生産≥30%: 25/32周回 合格
  run 0 対象 設備34% 金12% 討伐4% タップ50% → (a)OK ②改OK
  run 1 対象 設備42% 金22% 討伐4% タップ33% → (a)OK ②改OK
  run 2 対象 設備35% 金28% 討伐9% タップ28% → (a)OK ②改OK
  run 3 対象 設備35% 金41% 討伐5% タップ18% → (a)OK ②改OK
  run 4 対象 設備22% 金50% 討伐10% タップ18% → (a)NG ②改OK
  run 5 対象 設備38% 金38% 討伐9% タップ15% → (a)OK ②改OK
  run 6 対象 設備73% 金12% 討伐0% タップ14% → (a)OK ②改NG
  run 7 対象 設備44% 金29% 討伐10% タップ17% → (a)OK ②改OK
  run 8 対象 設備45% 金33% 討伐8% タップ14% → (a)OK ②改OK
  run 9 対象 設備45% 金33% 討伐8% タップ15% → (a)OK ②改OK
  run10 対象 設備48% 金29% 討伐9% タップ14% → (a)OK ②改OK
  run11 対象 設備50% 金30% 討伐8% タップ12% → (a)OK ②改OK
  run12 対象 設備54% 金26% 討伐7% タップ13% → (a)OK ②改NG
  run13 対象 設備50% 金25% 討伐9% タップ17% → (a)OK ②改OK
  run14 対象 設備54% 金21% 討伐7% タップ18% → (a)OK ②改NG
  run15 対象 設備50% 金22% 討伐11% タップ18% → (a)OK ②改OK
  run16 対象 設備57% 金17% 討伐9% タップ17% → (a)OK ②改NG
  run17 対象 設備50% 金23% 討伐10% タップ16% → (a)OK ②改OK
  run18 対象 設備53% 金23% 討伐9% タップ15% → (a)OK ②改NG
  run19 対象 設備50% 金24% 討伐11% タップ15% → (a)OK ②改OK
  run20 対象 設備54% 金23% 討伐10% タップ13% → (a)OK ②改NG
  run21 対象 設備46% 金25% 討伐16% タップ12% → (a)OK ②改OK
  run22 対象 設備49% 金23% 討伐18% タップ11% → (a)OK ②改OK
  run23 対象 設備47% 金24% 討伐20% タップ10% → (a)OK ②改OK
  run24 対象 設備43% 金23% 討伐24% タップ9% → (a)OK ②改OK
  run25 対象 設備33% 金26% 討伐34% タップ7% → (a)OK ②改OK
  run26 対象 設備26% 金34% 討伐34% タップ6% → (a)NG ②改OK
  run27 対象 設備20% 金38% 討伐36% タップ7% → (a)NG ②改OK
  run28 対象 設備15% 金45% 討伐35% タップ6% → (a)NG ②改OK
  run29 対象 設備21% 金35% 討伐38% タップ6% → (a)NG ②改OK
  run30 対象 設備19% 金36% 討伐39% タップ6% → (a)NG ②改OK
  run31 対象 設備13% 金35% 討伐47% タップ5% → (a)NG ②改OK
㉘合計: 116/169周回
②(改・ジャンル一強禁止 得意ジャンルlift≤±1.5倍) 合計: 113/139周回
