=== ㉘稼ぎ口比率(100h・周回シェア=各tickシェアの周回平均) ===
balanced(S6 早回し転生型) 4つすべて≥10%: 43/48周回 合格
  run 0 対象 設備38% 金13% 討伐11% タップ39% → (a)OK ②改OK
  run 1 対象 設備45% 金22% 討伐9% タップ24% → (a)NG ②改OK
  run 2 対象 設備43% 金29% 討伐11% タップ17% → (a)OK ②改OK
  run 3 対象 設備35% 金44% 討伐8% タップ13% → (a)NG ②改OK
  run 4 対象 設備30% 金51% 討伐10% タップ10% → (a)NG ②改OK
  run 5 対象 設備35% 金42% 討伐13% タップ9% → (a)NG ②改OK
  run 6 対象 設備34% 金47% 討伐12% タップ7% → (a)NG ②改OK
  run 7 対象 設備34% 金42% 討伐13% タップ11% → (a)OK ②改OK
  run 8 対象 設備35% 金42% 討伐13% タップ10% → (a)OK ②改OK
  run 9 対象 設備34% 金44% 討伐12% タップ10% → (a)OK ②改OK
  run10 対象 設備36% 金40% 討伐13% タップ11% → (a)OK ②改OK
  run11 対象 設備37% 金39% 討伐13% タップ11% → (a)OK ②改OK
  run12 対象 設備39% 金36% 討伐14% タップ12% → (a)OK ②改OK
  run13 対象 設備37% 金32% 討伐15% タップ17% → (a)OK ②改OK
  run14 対象 設備40% 金26% 討伐17% タップ18% → (a)OK ②改OK
  run15 対象 設備40% 金21% 討伐18% タップ21% → (a)OK ②改OK
  run16 対象 設備40% 金22% 討伐17% タップ20% → (a)OK ②改OK
  run17 対象 設備39% 金26% 討伐17% タップ18% → (a)OK ②改OK
  run18 対象 設備38% 金28% 討伐17% タップ17% → (a)OK ②改OK
  run19 対象 設備34% 金31% 討伐19% タップ16% → (a)OK ②改OK
  run20 対象 設備35% 金31% 討伐19% タップ14% → (a)OK ②改OK
  run21 対象 設備34% 金27% 討伐24% タップ15% → (a)OK ②改OK
  run22 対象 設備33% 金22% 討伐30% タップ15% → (a)OK ②改OK
  run23 対象 設備28% 金25% 討伐32% タップ14% → (a)OK ②改OK
  run24 対象 設備29% 金23% 討伐35% タップ13% → (a)OK ②改OK
  run25 対象 設備25% 金24% 討伐37% タップ14% → (a)OK ②改OK
  run26 対象 設備23% 金25% 討伐38% タップ13% → (a)OK ②改OK
  run27 対象 設備23% 金25% 討伐39% タップ14% → (a)OK ②改OK
  run28 対象 設備19% 金35% 討伐31% タップ15% → (a)OK ②改OK
  run29 対象 設備20% 金33% 討伐33% タップ15% → (a)OK ②改OK
  run30 対象 設備19% 金33% 討伐33% タップ15% → (a)OK ②改OK
  run31 対象 設備17% 金37% 討伐32% タップ15% → (a)OK ②改OK
  run32 対象 設備20% 金39% 討伐25% タップ15% → (a)OK ②改OK
  run33 対象 設備19% 金38% 討伐26% タップ17% → (a)OK ②改OK
  run34 対象 設備19% 金31% 討伐29% タップ21% → (a)OK ②改OK
  run35 対象 設備19% 金28% 討伐30% タップ23% → (a)OK ②改OK
  run36 対象 設備18% 金25% 討伐27% タップ30% → (a)OK ②改OK
  run37 対象 設備18% 金29% 討伐31% タップ22% → (a)OK ②改OK
  run38 対象 設備18% 金26% 討伐31% タップ26% → (a)OK ②改OK
  run39 対象 設備19% 金30% 討伐30% タップ22% → (a)OK ②改OK
  run40 対象 設備18% 金26% 討伐31% タップ26% → (a)OK ②改OK
  run41 対象 設備15% 金21% 討伐36% タップ27% → (a)OK ②改OK
  run42 対象 設備16% 金21% 討伐34% タップ30% → (a)OK ②改OK
  run43 対象 設備16% 金21% 討伐35% タップ28% → (a)OK ②改OK
  run44 対象 設備16% 金21% 討伐35% タップ28% → (a)OK ②改OK
  run45 対象 設備17% 金23% 討伐33% タップ27% → (a)OK ②改OK
  run46 対象 設備16% 金21% 討伐35% タップ28% → (a)OK ②改OK
  run47 対象 設備16% 金20% 討伐34% タップ30% → (a)OK ②改OK
click(S2 クリック会心型) 主役=タップ≥30%: 37/48周回 合格
  run 0 対象 設備25% 金8% 討伐6% タップ60% → (a)OK ②改NG
  run 1 対象 設備31% 金20% 討伐7% タップ42% → (a)OK ②改OK
  run 2 対象 設備40% 金26% 討伐6% タップ29% → (a)NG ②改OK
  run 3 対象 設備30% 金39% 討伐5% タップ26% → (a)NG ②改OK
  run 4 対象 設備28% 金44% 討伐8% タップ20% → (a)NG ②改OK
  run 5 対象 設備29% 金37% 討伐15% タップ19% → (a)NG ②改OK
  run 6 対象 設備31% 金38% 討伐14% タップ16% → (a)NG ②改OK
  run 7 対象 設備36% 金24% 討伐16% タップ24% → (a)NG ②改OK
  run 8 対象 設備36% 金26% 討伐16% タップ23% → (a)NG ②改OK
  run 9 対象 設備34% 金29% 討伐14% タップ23% → (a)NG ②改OK
  run10 対象 設備35% 金26% 討伐14% タップ25% → (a)NG ②改OK
  run11 対象 設備38% 金21% 討伐14% タップ26% → (a)NG ②改OK
  run12 対象 設備37% 金21% 討伐15% タップ27% → (a)NG ②改OK
  run13 対象 設備35% 金15% 討伐16% タップ34% → (a)OK ②改OK
  run14 対象 設備35% 金13% 討伐16% タップ36% → (a)OK ②改OK
  run15 対象 設備37% 金12% 討伐16% タップ36% → (a)OK ②改OK
  run16 対象 設備37% 金12% 討伐15% タップ37% → (a)OK ②改OK
  run17 対象 設備38% 金11% 討伐15% タップ36% → (a)OK ②改OK
  run18 対象 設備37% 金13% 討伐14% タップ36% → (a)OK ②改OK
  run19 対象 設備37% 金13% 討伐14% タップ36% → (a)OK ②改OK
  run20 対象 設備35% 金13% 討伐13% タップ39% → (a)OK ②改OK
  run21 対象 設備33% 金11% 討伐12% タップ44% → (a)OK ②改OK
  run22 対象 設備30% 金12% 討伐14% タップ44% → (a)OK ②改OK
  run23 対象 設備32% 金10% 討伐18% タップ41% → (a)OK ②改OK
  run24 対象 設備27% 金11% 討伐15% タップ47% → (a)OK ②改OK
  run25 対象 設備24% 金12% 討伐16% タップ48% → (a)OK ②改OK
  run26 対象 設備19% 金12% 討伐14% タップ56% → (a)OK ②改NG
  run27 対象 設備22% 金10% 討伐16% タップ52% → (a)OK ②改NG
  run28 対象 設備23% 金9% 討伐15% タップ53% → (a)OK ②改NG
  run29 対象 設備17% 金11% 討伐18% タップ54% → (a)OK ②改NG
  run30 対象 設備18% 金9% 討伐19% タップ54% → (a)OK ②改NG
  run31 対象 設備24% 金8% 討伐17% タップ51% → (a)OK ②改OK
  run32 対象 設備15% 金10% 討伐17% タップ58% → (a)OK ②改NG
  run33 対象 設備13% 金18% 討伐22% タップ46% → (a)OK ②改OK
  run34 対象 設備13% 金19% 討伐20% タップ48% → (a)OK ②改OK
  run35 対象 設備11% 金18% 討伐19% タップ51% → (a)OK ②改OK
  run36 対象 設備11% 金16% 討伐16% タップ56% → (a)OK ②改NG
  run37 対象 設備9% 金11% 討伐15% タップ65% → (a)OK ②改NG
  run38 対象 設備10% 金16% 討伐14% タップ60% → (a)OK ②改NG
  run39 対象 設備8% 金10% 討伐13% タップ69% → (a)OK ②改NG
  run40 対象 設備9% 金10% 討伐14% タップ66% → (a)OK ②改NG
  run41 対象 設備10% 金15% 討伐14% タップ61% → (a)OK ②改NG
  run42 対象 設備9% 金11% 討伐15% タップ65% → (a)OK ②改NG
  run43 対象 設備8% 金10% 討伐14% タップ67% → (a)OK ②改NG
  run44 対象 設備7% 金8% 討伐12% タップ74% → (a)OK ②改NG
  run45 対象 設備8% 金13% 討伐12% タップ66% → (a)OK ②改NG
  run46 対象 設備7% 金10% 討伐13% タップ70% → (a)OK ②改NG
  run47 対象 設備8% 金10% 討伐13% タップ69% → (a)OK ②改NG
golden(S3 金クッキー特化型) 主役=金クッキー≥30%: 41/43周回 合格
  run 0 対象外 設備37% 金11% 討伐9% タップ42%
  run 1 対象外 設備47% 金28% 討伐6% タップ19%
  run 2 対象外 設備19% 金52% 討伐13% タップ17%
  run 3 対象外 設備15% 金63% 討伐9% タップ13%
  run 4 対象 設備13% 金66% 討伐11% タップ10% → (a)OK ②改NG
  run 5 対象 設備17% 金61% 討伐11% タップ11% → (a)OK ②改NG
  run 6 対象 設備69% 金18% 討伐0% タップ13% → (a)NG ②改OK
  run 7 対象 設備20% 金56% 討伐12% タップ11% → (a)OK ②改NG
  run 8 対象 設備18% 金63% 討伐10% タップ9% → (a)OK ②改NG
  run 9 対象 設備18% 金64% 討伐10% タップ8% → (a)OK ②改NG
  run10 対象 設備19% 金61% 討伐11% タップ9% → (a)OK ②改NG
  run11 対象 設備21% 金58% 討伐12% タップ9% → (a)OK ②改NG
  run12 対象 設備20% 金57% 討伐13% タップ10% → (a)OK ②改NG
  run13 対象 設備22% 金45% 討伐16% タップ17% → (a)OK ②改OK
  run14 対象 設備25% 金39% 討伐18% タップ19% → (a)OK ②改OK
  run15 対象 設備24% 金42% 討伐17% タップ18% → (a)OK ②改OK
  run16 対象 設備27% 金36% 討伐18% タップ19% → (a)OK ②改OK
  run17 対象 設備27% 金38% 討伐18% タップ17% → (a)OK ②改OK
  run18 対象 設備26% 金41% 討伐17% タップ16% → (a)OK ②改OK
  run19 対象 設備26% 金42% 討伐17% タップ16% → (a)OK ②改OK
  run20 対象 設備27% 金40% 討伐19% タップ15% → (a)OK ②改OK
  run21 対象 設備31% 金31% 討伐23% タップ15% → (a)OK ②改OK
  run22 対象 設備30% 金28% 討伐27% タップ14% → (a)NG ②改OK
  run23 対象 設備29% 金34% 討伐24% タップ13% → (a)OK ②改OK
  run24 対象 設備30% 金32% 討伐27% タップ12% → (a)OK ②改OK
  run25 対象 設備27% 金35% 討伐28% タップ10% → (a)OK ②改OK
  run26 対象 設備27% 金34% 討伐29% タップ10% → (a)OK ②改OK
  run27 対象 設備29% 金43% 討伐14% タップ14% → (a)OK ②改OK
  run28 対象 設備27% 金51% 討伐7% タップ15% → (a)OK ②改OK
  run29 対象 設備28% 金47% 討伐7% タップ18% → (a)OK ②改OK
  run30 対象 設備28% 金48% 討伐6% タップ18% → (a)OK ②改OK
  run31 対象 設備28% 金47% 討伐6% タップ18% → (a)OK ②改OK
  run32 対象 設備28% 金47% 討伐6% タップ19% → (a)OK ②改OK
  run33 対象 設備26% 金43% 討伐6% タップ25% → (a)OK ②改OK
  run34 対象 設備27% 金39% 討伐6% タップ28% → (a)OK ②改OK
  run35 対象 設備26% 金40% 討伐5% タップ29% → (a)OK ②改OK
  run36 対象 設備29% 金43% 討伐5% タップ23% → (a)OK ②改OK
  run37 対象 設備27% 金41% 討伐5% タップ28% → (a)OK ②改OK
  run38 対象 設備28% 金39% 討伐5% タップ29% → (a)OK ②改OK
  run39 対象 設備28% 金41% 討伐4% タップ26% → (a)OK ②改OK
  run40 対象 設備28% 金38% 討伐5% タップ29% → (a)OK ②改OK
  run41 対象 設備27% 金37% 討伐5% タップ31% → (a)OK ②改OK
  run42 対象 設備29% 金41% 討伐4% タップ26% → (a)OK ②改OK
  run43 対象 設備30% 金39% 討伐4% タップ27% → (a)OK ②改OK
  run44 対象 設備29% 金36% 討伐5% タップ30% → (a)OK ②改OK
  run45 対象 設備25% 金33% 討伐17% タップ25% → (a)OK ②改OK
  run46 対象 設備23% 金30% 討伐19% タップ28% → (a)OK ②改OK
hunt(S4 狩猟特化型) 主役=討伐由来≥30%: 31/42周回 合格
  run 0 対象外 設備37% 金16% 討伐6% タップ41%
  run 1 対象外 設備44% 金33% 討伐3% タップ20%
  run 2 対象外 設備5% 金39% 討伐38% タップ18%
  run 3 対象外 設備6% 金42% 討伐36% タップ16%
  run 4 対象外 設備4% 金51% 討伐35% タップ9%
  run 5 対象 設備49% 金34% 討伐4% タップ13% → (a)NG ②改OK
  run 6 対象 設備10% 金49% 討伐33% タップ8% → (a)OK ②改OK
  run 7 対象 設備12% 金46% 討伐35% タップ7% → (a)OK ②改OK
  run 8 対象 設備11% 金54% 討伐29% タップ6% → (a)NG ②改OK
  run 9 対象 設備12% 金49% 討伐33% タップ6% → (a)OK ②改OK
  run10 対象 設備11% 金53% 討伐30% タップ5% → (a)OK ②改OK
  run11 対象 設備14% 金48% 討伐33% タップ5% → (a)OK ②改OK
  run12 対象 設備14% 金49% 討伐31% タップ5% → (a)OK ②改OK
  run13 対象 設備15% 金47% 討伐32% タップ6% → (a)OK ②改OK
  run14 対象 設備12% 金56% 討伐25% タップ6% → (a)NG ②改OK
  run15 対象 設備14% 金52% 討伐27% タップ7% → (a)NG ②改OK
  run16 対象 設備44% 金6% 討伐36% タップ14% → (a)OK ②改OK
  run17 対象 設備15% 金54% 討伐23% タップ8% → (a)NG ②改OK
  run18 対象 設備15% 金59% 討伐19% タップ7% → (a)NG ②改OK
  run19 対象 設備15% 金56% 討伐21% タップ8% → (a)NG ②改OK
  run20 対象 設備37% 金23% 討伐29% タップ12% → (a)NG ②改OK
  run21 対象 設備20% 金44% 討伐25% タップ11% → (a)NG ②改OK
  run22 対象 設備17% 金36% 討伐37% タップ10% → (a)OK ②改OK
  run23 対象 設備18% 金31% 討伐42% タップ9% → (a)OK ②改OK
  run24 対象 設備19% 金29% 討伐44% タップ9% → (a)OK ②改OK
  run25 対象 設備17% 金28% 討伐48% タップ8% → (a)OK ②改OK
  run26 対象 設備16% 金26% 討伐51% タップ8% → (a)OK ②改OK
  run27 対象 設備37% 金19% 討伐34% タップ11% → (a)OK ②改OK
  run28 対象 設備32% 金20% 討伐38% タップ11% → (a)OK ②改OK
  run29 対象 設備29% 金18% 討伐43% タップ10% → (a)OK ②改OK
  run30 対象 設備29% 金16% 討伐45% タップ10% → (a)OK ②改OK
  run31 対象 設備26% 金17% 討伐48% タップ10% → (a)OK ②改OK
  run32 対象 設備26% 金19% 討伐45% タップ10% → (a)OK ②改OK
  run33 対象 設備10% 金22% 討伐63% タップ5% → (a)OK ②改NG
  run34 対象 設備10% 金22% 討伐64% タップ5% → (a)OK ②改NG
  run35 対象 設備9% 金20% 討伐66% タップ5% → (a)OK ②改NG
  run36 対象 設備10% 金28% 討伐48% タップ14% → (a)OK ②改OK
  run37 対象 設備8% 金18% 討伐62% タップ11% → (a)OK ②改NG
  run38 対象 設備9% 金18% 討伐63% タップ11% → (a)OK ②改NG
  run39 対象 設備9% 金12% 討伐34% タップ45% → (a)OK ②改OK
  run40 対象 設備9% 金17% 討伐26% タップ47% → (a)NG ②改OK
  run41 対象 設備8% 金11% 討伐57% タップ24% → (a)OK ②改NG
  run42 対象 設備8% 金12% 討伐66% タップ14% → (a)OK ②改NG
  run43 対象 設備7% 金13% 討伐57% タップ23% → (a)OK ②改NG
  run44 対象 設備9% 金22% 討伐25% タップ44% → (a)NG ②改OK
  run45 対象 設備8% 金11% 討伐56% タップ25% → (a)OK ②改NG
  run46 対象 設備14% 金26% 討伐38% タップ22% → (a)OK ②改OK
bake(S1 バランス効率型) 主役=設備生産≥30%: 46/47周回 合格
  run 0 対象 設備36% 金12% 討伐9% タップ42% → (a)OK ②改OK
  run 1 対象 設備48% 金23% 討伐7% タップ22% → (a)OK ②改OK
  run 2 対象 設備41% 金33% 討伐10% タップ16% → (a)OK ②改OK
  run 3 対象 設備36% 金45% 討伐7% タップ12% → (a)OK ②改OK
  run 4 対象 設備28% 金52% 討伐10% タップ10% → (a)NG ②改OK
  run 5 対象 設備38% 金40% 討伐12% タップ10% → (a)OK ②改OK
  run 6 対象 設備78% 金11% 討伐0% タップ10% → (a)OK ②改NG
  run 7 対象 設備46% 金31% 討伐12% タップ11% → (a)OK ②改OK
  run 8 対象 設備43% 金37% 討伐10% タップ10% → (a)OK ②改OK
  run 9 対象 設備46% 金34% 討伐10% タップ10% → (a)OK ②改OK
  run10 対象 設備47% 金33% 討伐10% タップ9% → (a)OK ②改OK
  run11 対象 設備49% 金32% 討伐9% タップ9% → (a)OK ②改OK
  run12 対象 設備51% 金30% 討伐10% タップ10% → (a)OK ②改OK
  run13 対象 設備50% 金26% 討伐10% タップ13% → (a)OK ②改OK
  run14 対象 設備50% 金23% 討伐12% タップ14% → (a)OK ②改OK
  run15 対象 設備53% 金23% 討伐12% タップ13% → (a)OK ②改NG
  run16 対象 設備55% 金23% 討伐10% タップ12% → (a)OK ②改NG
  run17 対象 設備53% 金25% 討伐11% タップ12% → (a)OK ②改NG
  run18 対象 設備52% 金26% 討伐11% タップ11% → (a)OK ②改NG
  run19 対象 設備54% 金25% 討伐11% タップ10% → (a)OK ②改NG
  run20 対象 設備55% 金27% 討伐9% タップ9% → (a)OK ②改NG
  run21 対象 設備53% 金22% 討伐14% タップ10% → (a)OK ②改NG
  run22 対象 設備54% 金20% 討伐17% タップ10% → (a)OK ②改NG
  run23 対象 設備49% 金20% 討伐21% タップ9% → (a)OK ②改OK
  run24 対象 設備48% 金20% 討伐24% タップ8% → (a)OK ②改OK
  run25 対象 設備43% 金18% 討伐30% タップ8% → (a)OK ②改OK
  run26 対象 設備44% 金18% 討伐30% タップ8% → (a)OK ②改OK
  run27 対象 設備48% 金23% 討伐18% タップ11% → (a)OK ②改OK
  run28 対象 設備46% 金26% 討伐17% タップ11% → (a)OK ②改OK
  run29 対象 設備47% 金24% 討伐18% タップ11% → (a)OK ②改OK
  run30 対象 設備46% 金25% 討伐18% タップ11% → (a)OK ②改OK
  run31 対象 設備43% 金18% 討伐29% タップ10% → (a)OK ②改OK
  run32 対象 設備44% 金23% 討伐23% タップ10% → (a)OK ②改OK
  run33 対象 設備40% 金18% 討伐25% タップ17% → (a)OK ②改OK
  run34 対象 設備39% 金16% 討伐31% タップ14% → (a)OK ②改OK
  run35 対象 設備38% 金14% 討伐31% タップ18% → (a)OK ②改OK
  run36 対象 設備36% 金17% 討伐32% タップ15% → (a)OK ②改OK
  run37 対象 設備38% 金17% 討伐31% タップ14% → (a)OK ②改OK
  run38 対象 設備38% 金16% 討伐32% タップ15% → (a)OK ②改OK
  run39 対象 設備37% 金14% 討伐32% タップ16% → (a)OK ②改OK
  run40 対象 設備38% 金16% 討伐30% タップ16% → (a)OK ②改OK
  run41 対象 設備34% 金13% 討伐34% タップ18% → (a)OK ②改OK
  run42 対象 設備35% 金11% 討伐33% タップ21% → (a)OK ②改OK
  run43 対象 設備35% 金11% 討伐34% タップ21% → (a)OK ②改OK
  run44 対象 設備34% 金15% 討伐29% タップ21% → (a)OK ②改OK
  run45 対象 設備33% 金10% 討伐32% タップ25% → (a)OK ②改OK
  run46 対象 設備33% 金10% 討伐32% タップ26% → (a)OK ②改OK
㉘合計: 198/228周回
②(改・ジャンル一強禁止 得意ジャンルlift≤±1.5倍) 合計: 135/180周回
