=== ㉘稼ぎ口比率(24h・周回シェア=各tickシェアの周回平均) ===
balanced(S6 早回し転生型) 4つすべて≥10%: 17/28周回 合格
  run 0 対象 設備34% 金12% 討伐5% タップ49% → (a)NG ②改OK
  run 1 対象 設備38% 金21% 討伐5% タップ35% → (a)NG ②改OK
  run 2 対象 設備36% 金25% 討伐10% タップ30% → (a)NG ②改OK
  run 3 対象 設備34% 金40% 討伐6% タップ19% → (a)NG ②改OK
  run 4 対象 設備26% 金49% 討伐9% タップ16% → (a)NG ②改OK
  run 5 対象 設備29% 金46% 討伐11% タップ15% → (a)OK ②改OK
  run 6 対象 設備32% 金47% 討伐11% タップ11% → (a)OK ②改OK
  run 7 対象 設備29% 金43% 討伐11% タップ17% → (a)OK ②改OK
  run 8 対象 設備27% 金49% 討伐10% タップ14% → (a)OK ②改OK
  run 9 対象 設備24% 金52% 討伐10% タップ14% → (a)NG ②改OK
  run10 対象 設備25% 金52% 討伐10% タップ14% → (a)NG ②改OK
  run11 対象 設備22% 金57% 討伐9% タップ12% → (a)NG ②改OK
  run12 対象 設備26% 金49% 討伐11% タップ14% → (a)OK ②改OK
  run13 対象 設備19% 金49% 討伐11% タップ20% → (a)OK ②改OK
  run14 対象 設備24% 金38% 討伐14% タップ24% → (a)OK ②改OK
  run15 対象 設備24% 金41% 討伐14% タップ22% → (a)OK ②改OK
  run16 対象 設備26% 金39% 討伐14% タップ21% → (a)OK ②改OK
  run17 対象 設備28% 金40% 討伐13% タップ19% → (a)OK ②改OK
  run18 対象 設備29% 金40% 討伐12% タップ18% → (a)OK ②改OK
  run19 対象 設備31% 金40% 討伐12% タップ17% → (a)OK ②改OK
  run20 対象 設備36% 金39% 討伐11% タップ14% → (a)OK ②改OK
  run21 対象 設備36% 金31% 討伐17% タップ16% → (a)OK ②改OK
  run22 対象 設備28% 金39% 討伐21% タップ12% → (a)OK ②改OK
  run23 対象 設備34% 金36% 討伐20% タップ10% → (a)OK ②改OK
  run24 対象 設備39% 金23% 討伐28% タップ11% → (a)OK ②改OK
  run25 対象 設備21% 金34% 討伐37% タップ8% → (a)NG ②改OK
  run26 対象 設備29% 金22% 討伐41% タップ8% → (a)NG ②改OK
  run27 対象 設備26% 金23% 討伐43% タップ8% → (a)NG ②改OK
click(S2 クリック会心型) 主役=タップ≥30%: 15/21周回 合格
  run 0 対象 設備21% 金7% 討伐3% タップ68% → (a)OK ②改NG
  run 1 対象 設備26% 金19% 討伐4% タップ51% → (a)OK ②改OK
  run 2 対象 設備34% 金26% 討伐4% タップ36% → (a)OK ②改OK
  run 3 対象 設備29% 金37% 討伐3% タップ30% → (a)OK ②改OK
  run 4 対象 設備16% 金48% 討伐9% タップ27% → (a)NG ②改OK
  run 5 対象 設備20% 金40% 討伐11% タップ28% → (a)NG ②改OK
  run 6 対象 設備27% 金38% 討伐11% タップ24% → (a)NG ②改OK
  run 7 対象 設備22% 金28% 討伐13% タップ36% → (a)OK ②改OK
  run 8 対象 設備26% 金30% 討伐13% タップ32% → (a)OK ②改OK
  run 9 対象 設備21% 金34% 討伐12% タップ32% → (a)OK ②改OK
  run10 対象 設備24% 金30% 討伐13% タップ32% → (a)OK ②改OK
  run11 対象 設備22% 金41% 討伐11% タップ27% → (a)NG ②改OK
  run12 対象 設備23% 金38% 討伐11% タップ28% → (a)NG ②改OK
  run13 対象 設備19% 金31% 討伐13% タップ37% → (a)OK ②改OK
  run14 対象 設備22% 金26% 討伐14% タップ38% → (a)OK ②改OK
  run15 対象 設備24% 金26% 討伐14% タップ36% → (a)OK ②改OK
  run16 対象 設備27% 金22% 討伐15% タップ36% → (a)OK ②改OK
  run17 対象 設備29% 金24% 討伐13% タップ33% → (a)OK ②改OK
  run18 対象 設備30% 金26% 討伐13% タップ31% → (a)OK ②改OK
  run19 対象 設備30% 金27% 討伐12% タップ30% → (a)OK ②改OK
  run20 対象 設備34% 金26% 討伐12% タップ28% → (a)NG ②改OK
golden(S3 金クッキー特化型) 主役=金クッキー≥30%: 38/44周回 合格
  run 0 対象外 設備34% 金10% 討伐4% タップ52%
  run 1 対象外 設備35% 金30% 討伐4% タップ31%
  run 2 対象外 設備23% 金39% 討伐9% タップ29%
  run 3 対象 設備16% 金57% 討伐6% タップ20% → (a)OK ②改NG
  run 4 対象 設備12% 金60% 討伐8% タップ19% → (a)OK ②改NG
  run 5 対象 設備14% 金61% 討伐8% タップ17% → (a)OK ②改NG
  run 6 対象 設備18% 金60% 討伐9% タップ14% → (a)OK ②改NG
  run 7 対象 設備18% 金59% 討伐9% タップ14% → (a)OK ②改NG
  run 8 対象 設備19% 金59% 討伐9% タップ13% → (a)OK ②改NG
  run 9 対象 設備17% 金62% 討伐8% タップ13% → (a)OK ②改NG
  run10 対象 設備21% 金57% 討伐9% タップ12% → (a)OK ②改NG
  run11 対象 設備21% 金57% 討伐10% タップ12% → (a)OK ②改NG
  run12 対象 設備24% 金51% 討伐12% タップ13% → (a)OK ②改OK
  run13 対象 設備20% 金48% 討伐12% タップ20% → (a)OK ②改OK
  run14 対象 設備26% 金34% 討伐16% タップ24% → (a)OK ②改OK
  run15 対象 設備26% 金35% 討伐16% タップ23% → (a)OK ②改OK
  run16 対象 設備31% 金27% 討伐19% タップ24% → (a)NG ②改OK
  run17 対象 設備29% 金34% 討伐16% タップ21% → (a)OK ②改OK
  run18 対象 設備28% 金38% 討伐15% タップ19% → (a)OK ②改OK
  run19 対象 設備31% 金35% 討伐15% タップ19% → (a)OK ②改OK
  run20 対象 設備32% 金37% 討伐15% タップ17% → (a)OK ②改OK
  run21 対象 設備35% 金24% 討伐22% タップ20% → (a)NG ②改OK
  run22 対象 設備39% 金23% 討伐21% タップ16% → (a)NG ②改OK
  run23 対象 設備34% 金34% 討伐18% タップ14% → (a)OK ②改OK
  run24 対象 設備35% 金30% 討伐21% タップ13% → (a)OK ②改OK
  run25 対象 設備31% 金33% 討伐25% タップ11% → (a)OK ②改OK
  run26 対象 設備35% 金29% 討伐25% タップ11% → (a)NG ②改OK
  run27 対象 設備33% 金47% 討伐10% タップ10% → (a)OK ②改OK
  run28 対象 設備21% 金61% 討伐8% タップ11% → (a)OK ②改NG
  run29 対象 設備30% 金51% 討伐9% タップ10% → (a)OK ②改OK
  run30 対象 設備24% 金59% 討伐7% タップ10% → (a)OK ②改NG
  run31 対象 設備24% 金58% 討伐8% タップ10% → (a)OK ②改NG
  run32 対象 設備27% 金57% 討伐7% タップ9% → (a)OK ②改NG
  run33 対象 設備13% 金44% 討伐5% タップ38% → (a)OK ②改OK
  run34 対象 設備16% 金37% 討伐5% タップ43% → (a)OK ②改OK
  run35 対象 設備16% 金39% 討伐4% タップ41% → (a)OK ②改OK
  run36 対象 設備17% 金35% 討伐4% タップ44% → (a)OK ②改OK
  run37 対象 設備14% 金44% 討伐4% タップ38% → (a)OK ②改OK
  run38 対象 設備16% 金38% 討伐4% タップ42% → (a)OK ②改OK
  run39 対象 設備16% 金37% 討伐4% タップ42% → (a)OK ②改OK
  run40 対象 設備17% 金37% 討伐4% タップ43% → (a)OK ②改OK
  run41 対象 設備16% 金41% 討伐4% タップ39% → (a)OK ②改OK
  run42 対象 設備15% 金40% 討伐4% タップ40% → (a)OK ②改OK
  run43 対象 設備17% 金37% 討伐4% タップ42% → (a)OK ②改OK
  run44 対象 設備17% 金38% 討伐4% タップ42% → (a)OK ②改OK
  run45 対象 設備14% 金27% 討伐21% タップ38% → (a)NG ②改OK
  run46 対象 設備15% 金26% 討伐19% タップ40% → (a)NG ②改OK
hunt(S4 狩猟特化型) 主役=討伐由来≥30%: 31/43周回 合格
  run 0 対象外 設備34% 金14% 討伐3% タップ49%
  run 1 対象外 設備38% 金31% 討伐3% タップ29%
  run 2 対象外 設備9% 金26% 討伐36% タップ30%
  run 3 対象外 設備32% 金52% 討伐4% タップ13%
  run 4 対象 設備7% 金46% 討伐33% タップ14% → (a)OK ②改OK
  run 5 対象 設備5% 金44% 討伐40% タップ11% → (a)OK ②改OK
  run 6 対象 設備7% 金42% 討伐37% タップ13% → (a)OK ②改OK
  run 7 対象 設備7% 金38% 討伐46% タップ9% → (a)OK ②改OK
  run 8 対象 設備7% 金45% 討伐36% タップ12% → (a)OK ②改OK
  run 9 対象 設備6% 金48% 討伐40% タップ7% → (a)OK ②改OK
  run10 対象 設備8% 金50% 討伐33% タップ8% → (a)OK ②改OK
  run11 対象 設備8% 金53% 討伐33% タップ5% → (a)OK ②改OK
  run12 対象 設備10% 金51% 討伐31% タップ7% → (a)OK ②改OK
  run13 対象 設備6% 金60% 討伐27% タップ7% → (a)NG ②改OK
  run14 対象 設備9% 金49% 討伐31% タップ10% → (a)OK ②改OK
  run15 対象 設備11% 金46% 討伐32% タップ11% → (a)OK ②改OK
  run16 対象 設備10% 金51% 討伐28% タップ10% → (a)NG ②改OK
  run17 対象 設備12% 金50% 討伐28% タップ10% → (a)NG ②改OK
  run18 対象 設備10% 金57% 討伐24% タップ9% → (a)NG ②改OK
  run19 対象 設備14% 金51% 討伐25% タップ10% → (a)NG ②改OK
  run20 対象 設備16% 金50% 討伐24% タップ9% → (a)NG ②改OK
  run21 対象 設備15% 金47% 討伐29% タップ10% → (a)NG ②改OK
  run22 対象 設備23% 金44% 討伐26% タップ8% → (a)NG ②改OK
  run23 対象 設備25% 金38% 討伐30% タップ8% → (a)NG ②改OK
  run24 対象 設備24% 金40% 討伐30% タップ6% → (a)NG ②改OK
  run25 対象 設備21% 金39% 討伐34% タップ6% → (a)OK ②改OK
  run26 対象 設備21% 金38% 討伐36% タップ5% → (a)OK ②改OK
  run27 対象 設備45% 金19% 討伐32% タップ4% → (a)OK ②改OK
  run28 対象 設備29% 金18% 討伐49% タップ4% → (a)OK ②改OK
  run29 対象 設備38% 金15% 討伐44% タップ4% → (a)OK ②改OK
  run30 対象 設備38% 金13% 討伐45% タップ4% → (a)OK ②改OK
  run31 対象 設備32% 金14% 討伐51% タップ4% → (a)OK ②改OK
  run32 対象 設備30% 金14% 討伐52% タップ4% → (a)OK ②改NG
  run33 対象 設備7% 金16% 討伐61% タップ16% → (a)OK ②改NG
  run34 対象 設備22% 金14% 討伐33% タップ31% → (a)OK ②改OK
  run35 対象 設備12% 金13% 討伐53% タップ23% → (a)OK ②改NG
  run36 対象 設備20% 金12% 討伐36% タップ31% → (a)OK ②改OK
  run37 対象 設備9% 金16% 討伐55% タップ20% → (a)OK ②改NG
  run38 対象 設備13% 金15% 討伐48% タップ24% → (a)OK ②改OK
  run39 対象 設備23% 金11% 討伐31% タップ35% → (a)OK ②改OK
  run40 対象 設備20% 金11% 討伐37% タップ32% → (a)OK ②改OK
  run41 対象 設備13% 金10% 討伐48% タップ29% → (a)OK ②改OK
  run42 対象 設備18% 金10% 討伐35% タップ37% → (a)OK ②改OK
  run43 対象 設備21% 金9% 討伐28% タップ42% → (a)NG ②改OK
  run44 対象 設備22% 金10% 討伐26% タップ42% → (a)NG ②改OK
  run45 対象 設備19% 金9% 討伐32% タップ40% → (a)OK ②改OK
  run46 対象 設備8% 金14% 討伐54% タップ24% → (a)OK ②改NG
bake(S1 バランス効率型) 主役=設備生産≥30%: 12/26周回 合格
  run 0 対象 設備34% 金12% 討伐4% タップ50% → (a)OK ②改OK
  run 1 対象 設備42% 金22% 討伐4% タップ33% → (a)OK ②改OK
  run 2 対象 設備35% 金28% 討伐9% タップ28% → (a)OK ②改OK
  run 3 対象 設備35% 金41% 討伐5% タップ18% → (a)OK ②改OK
  run 4 対象 設備22% 金52% 討伐9% タップ17% → (a)NG ②改OK
  run 5 対象 設備27% 金50% 討伐10% タップ13% → (a)NG ②改OK
  run 6 対象 設備28% 金53% 討伐9% タップ10% → (a)NG ②改OK
  run 7 対象 設備27% 金48% 討伐10% タップ14% → (a)NG ②改OK
  run 8 対象 設備25% 金53% 討伐9% タップ13% → (a)NG ②改OK
  run 9 対象 設備22% 金57% 討伐9% タップ12% → (a)NG ②改OK
  run10 対象 設備24% 金54% 討伐9% タップ12% → (a)NG ②改OK
  run11 対象 設備22% 金59% 討伐9% タップ11% → (a)NG ②改OK
  run12 対象 設備27% 金50% 討伐10% タップ13% → (a)NG ②改OK
  run13 対象 設備19% 金54% 討伐10% タップ17% → (a)NG ②改OK
  run14 対象 設備24% 金42% 討伐13% タップ21% → (a)NG ②改OK
  run15 対象 設備25% 金40% 討伐14% タップ21% → (a)NG ②改OK
  run16 対象 設備29% 金38% 討伐14% タップ19% → (a)NG ②改OK
  run17 対象 設備30% 金38% 討伐13% タップ19% → (a)OK ②改OK
  run18 対象 設備31% 金40% 討伐12% タップ17% → (a)OK ②改OK
  run19 対象 設備33% 金38% 討伐13% タップ17% → (a)OK ②改OK
  run20 対象 設備36% 金39% 討伐11% タップ14% → (a)OK ②改OK
  run21 対象 設備36% 金29% 討伐20% タップ16% → (a)OK ②改OK
  run22 対象 設備41% 金27% 討伐21% タップ12% → (a)OK ②改OK
  run23 対象 設備41% 金24% 討伐23% タップ11% → (a)OK ②改OK
  run24 対象 設備37% 金24% 討伐29% タップ10% → (a)OK ②改OK
  run25 対象 設備21% 金33% 討伐38% タップ8% → (a)NG ②改OK
㉘合計: 113/162周回
②(改・ジャンル一強禁止 得意ジャンルlift≤±1.5倍) 合計: 115/134周回
