=== ㉘稼ぎ口比率(100h・周回シェア=各tickシェアの周回平均) ===
balanced(S6 早回し転生型) 4つすべて≥10%: 44/48周回 合格
  run 0 対象 設備40% 金13% 討伐10% タップ36% → (a)OK ②改OK
  run 1 対象 設備46% 金23% 討伐8% タップ22% → (a)NG ②改OK
  run 2 対象 設備41% 金32% 討伐10% タップ17% → (a)OK ②改OK
  run 3 対象 設備35% 金45% 討伐7% タップ13% → (a)NG ②改OK
  run 4 対象 設備25% 金51% 討伐13% タップ11% → (a)OK ②改OK
  run 5 対象 設備34% 金43% 討伐13% タップ9% → (a)NG ②改OK
  run 6 対象 設備35% 金45% 討伐12% タップ8% → (a)NG ②改OK
  run 7 対象 設備34% 金41% 討伐13% タップ11% → (a)OK ②改OK
  run 8 対象 設備35% 金41% 討伐13% タップ11% → (a)OK ②改OK
  run 9 対象 設備33% 金44% 討伐12% タップ10% → (a)OK ②改OK
  run10 対象 設備37% 金39% 討伐13% タップ11% → (a)OK ②改OK
  run11 対象 設備37% 金39% 討伐13% タップ11% → (a)OK ②改OK
  run12 対象 設備39% 金35% 討伐14% タップ12% → (a)OK ②改OK
  run13 対象 設備38% 金30% 討伐15% タップ17% → (a)OK ②改OK
  run14 対象 設備39% 金26% 討伐17% タップ18% → (a)OK ②改OK
  run15 対象 設備39% 金24% 討伐17% タップ20% → (a)OK ②改OK
  run16 対象 設備42% 金20% 討伐18% タップ19% → (a)OK ②改OK
  run17 対象 設備40% 金24% 討伐18% タップ18% → (a)OK ②改OK
  run18 対象 設備40% 金25% 討伐18% タップ17% → (a)OK ②改OK
  run19 対象 設備34% 金33% 討伐18% タップ16% → (a)OK ②改OK
  run20 対象 設備36% 金30% 討伐20% タップ14% → (a)OK ②改OK
  run21 対象 設備34% 金27% 討伐24% タップ15% → (a)OK ②改OK
  run22 対象 設備33% 金23% 討伐30% タップ13% → (a)OK ②改OK
  run23 対象 設備29% 金24% 討伐33% タップ14% → (a)OK ②改OK
  run24 対象 設備30% 金23% 討伐34% タップ13% → (a)OK ②改OK
  run25 対象 設備24% 金29% 討伐32% タップ14% → (a)OK ②改OK
  run26 対象 設備24% 金25% 討伐37% タップ14% → (a)OK ②改OK
  run27 対象 設備22% 金27% 討伐35% タップ15% → (a)OK ②改OK
  run28 対象 設備20% 金34% 討伐31% タップ16% → (a)OK ②改OK
  run29 対象 設備19% 金31% 討伐34% タップ16% → (a)OK ②改OK
  run30 対象 設備18% 金31% 討伐35% タップ16% → (a)OK ②改OK
  run31 対象 設備21% 金30% 討伐32% タップ17% → (a)OK ②改OK
  run32 対象 設備22% 金34% 討伐28% タップ16% → (a)OK ②改OK
  run33 対象 設備19% 金29% 討伐28% タップ25% → (a)OK ②改OK
  run34 対象 設備18% 金32% 討伐27% タップ23% → (a)OK ②改OK
  run35 対象 設備19% 金27% 討伐29% タップ25% → (a)OK ②改OK
  run36 対象 設備18% 金25% 討伐23% タップ34% → (a)OK ②改OK
  run37 対象 設備18% 金27% 討伐30% タップ25% → (a)OK ②改OK
  run38 対象 設備18% 金27% 討伐28% タップ27% → (a)OK ②改OK
  run39 対象 設備18% 金33% 討伐29% タップ20% → (a)OK ②改OK
  run40 対象 設備17% 金25% 討伐21% タップ36% → (a)OK ②改OK
  run41 対象 設備17% 金20% 討伐32% タップ31% → (a)OK ②改OK
  run42 対象 設備16% 金19% 討伐32% タップ33% → (a)OK ②改OK
  run43 対象 設備16% 金23% 討伐32% タップ29% → (a)OK ②改OK
  run44 対象 設備16% 金20% 討伐32% タップ33% → (a)OK ②改OK
  run45 対象 設備16% 金23% 討伐34% タップ27% → (a)OK ②改OK
  run46 対象 設備16% 金19% 討伐32% タップ33% → (a)OK ②改OK
  run47 対象 設備17% 金22% 討伐37% タップ24% → (a)OK ②改OK
click(S2 クリック会心型) 主役=タップ≥30%: 38/48周回 合格
  run 0 対象 設備26% 金8% 討伐6% タップ59% → (a)OK ②改NG
  run 1 対象 設備31% 金21% 討伐7% タップ41% → (a)OK ②改OK
  run 2 対象 設備35% 金28% 討伐7% タップ31% → (a)OK ②改OK
  run 3 対象 設備30% 金38% 討伐5% タップ26% → (a)NG ②改OK
  run 4 対象 設備28% 金44% 討伐8% タップ21% → (a)NG ②改OK
  run 5 対象 設備29% 金35% 討伐16% タップ20% → (a)NG ②改OK
  run 6 対象 設備35% 金34% 討伐14% タップ17% → (a)NG ②改OK
  run 7 対象 設備35% 金24% 討伐17% タップ25% → (a)NG ②改OK
  run 8 対象 設備37% 金24% 討伐16% タップ23% → (a)NG ②改OK
  run 9 対象 設備36% 金24% 討伐15% タップ25% → (a)NG ②改OK
  run10 対象 設備38% 金21% 討伐16% タップ26% → (a)NG ②改OK
  run11 対象 設備38% 金20% 討伐15% タップ27% → (a)NG ②改OK
  run12 対象 設備38% 金19% 討伐15% タップ28% → (a)NG ②改OK
  run13 対象 設備34% 金14% 討伐15% タップ36% → (a)OK ②改OK
  run14 対象 設備35% 金13% 討伐15% タップ37% → (a)OK ②改OK
  run15 対象 設備38% 金11% 討伐16% タップ35% → (a)OK ②改OK
  run16 対象 設備38% 金11% 討伐15% タップ36% → (a)OK ②改OK
  run17 対象 設備38% 金11% 討伐15% タップ36% → (a)OK ②改OK
  run18 対象 設備37% 金11% 討伐15% タップ38% → (a)OK ②改OK
  run19 対象 設備36% 金13% 討伐14% タップ37% → (a)OK ②改OK
  run20 対象 設備36% 金11% 討伐14% タップ39% → (a)OK ②改OK
  run21 対象 設備31% 金13% 討伐12% タップ44% → (a)OK ②改OK
  run22 対象 設備35% 金11% 討伐17% タップ36% → (a)OK ②改OK
  run23 対象 設備33% 金11% 討伐17% タップ39% → (a)OK ②改OK
  run24 対象 設備30% 金11% 討伐18% タップ41% → (a)OK ②改OK
  run25 対象 設備22% 金12% 討伐14% タップ52% → (a)OK ②改NG
  run26 対象 設備23% 金11% 討伐16% タップ50% → (a)OK ②改OK
  run27 対象 設備22% 金10% 討伐16% タップ52% → (a)OK ②改NG
  run28 対象 設備26% 金7% 討伐18% タップ49% → (a)OK ②改OK
  run29 対象 設備19% 金10% 討伐19% タップ52% → (a)OK ②改NG
  run30 対象 設備19% 金10% 討伐18% タップ53% → (a)OK ②改NG
  run31 対象 設備21% 金9% 討伐16% タップ55% → (a)OK ②改NG
  run32 対象 設備16% 金10% 討伐17% タップ57% → (a)OK ②改NG
  run33 対象 設備11% 金14% 討伐18% タップ56% → (a)OK ②改NG
  run34 対象 設備7% 金8% 討伐7% タップ77% → (a)OK ②改NG
  run35 対象 設備9% 金12% 討伐14% タップ65% → (a)OK ②改NG
  run36 対象 設備8% 金11% 討伐11% タップ70% → (a)OK ②改NG
  run37 対象 設備8% 金10% 討伐12% タップ70% → (a)OK ②改NG
  run38 対象 設備8% 金10% 討伐11% タップ71% → (a)OK ②改NG
  run39 対象 設備8% 金11% 討伐13% タップ68% → (a)OK ②改NG
  run40 対象 設備9% 金11% 討伐13% タップ67% → (a)OK ②改NG
  run41 対象 設備8% 金11% 討伐12% タップ69% → (a)OK ②改NG
  run42 対象 設備9% 金11% 討伐15% タップ65% → (a)OK ②改NG
  run43 対象 設備10% 金15% 討伐12% タップ64% → (a)OK ②改NG
  run44 対象 設備7% 金8% 討伐11% タップ74% → (a)OK ②改NG
  run45 対象 設備9% 金13% 討伐13% タップ65% → (a)OK ②改NG
  run46 対象 設備8% 金9% 討伐13% タップ70% → (a)OK ②改NG
  run47 対象 設備9% 金14% 討伐13% タップ64% → (a)OK ②改NG
golden(S3 金クッキー特化型) 主役=金クッキー≥30%: 40/43周回 合格
  run 0 対象外 設備43% 金12% 討伐8% タップ37%
  run 1 対象外 設備49% 金28% 討伐6% タップ17%
  run 2 対象外 設備23% 金56% 討伐8% タップ13%
  run 3 対象外 設備31% 金54% 討伐5% タップ9%
  run 4 対象 設備12% 金64% 討伐12% タップ12% → (a)OK ②改NG
  run 5 対象 設備16% 金62% 討伐11% タップ11% → (a)OK ②改NG
  run 6 対象 設備68% 金18% 討伐0% タップ14% → (a)NG ②改OK
  run 7 対象 設備20% 金55% 討伐13% タップ12% → (a)OK ②改NG
  run 8 対象 設備18% 金61% 討伐11% タップ10% → (a)OK ②改NG
  run 9 対象 設備19% 金59% 討伐12% タップ10% → (a)OK ②改NG
  run10 対象 設備19% 金59% 討伐12% タップ10% → (a)OK ②改NG
  run11 対象 設備20% 金58% 討伐12% タップ10% → (a)OK ②改NG
  run12 対象 設備23% 金52% 討伐14% タップ11% → (a)OK ②改NG
  run13 対象 設備24% 金41% 討伐17% タップ18% → (a)OK ②改OK
  run14 対象 設備25% 金37% 討伐18% タップ20% → (a)OK ②改OK
  run15 対象 設備28% 金32% 討伐19% タップ20% → (a)OK ②改OK
  run16 対象 設備32% 金27% 討伐21% タップ20% → (a)NG ②改OK
  run17 対象 設備29% 金33% 討伐20% タップ19% → (a)OK ②改OK
  run18 対象 設備27% 金37% 討伐19% タップ17% → (a)OK ②改OK
  run19 対象 設備26% 金41% 討伐18% タップ16% → (a)OK ②改OK
  run20 対象 設備27% 金38% 討伐20% タップ15% → (a)OK ②改OK
  run21 対象 設備32% 金30% 討伐23% タップ15% → (a)NG ②改OK
  run22 対象 設備31% 金35% 討伐20% タップ13% → (a)OK ②改OK
  run23 対象 設備32% 金33% 討伐22% タップ13% → (a)OK ②改OK
  run24 対象 設備30% 金33% 討伐26% タップ11% → (a)OK ②改OK
  run25 対象 設備27% 金36% 討伐25% タップ11% → (a)OK ②改OK
  run26 対象 設備27% 金37% 討伐26% タップ10% → (a)OK ②改OK
  run27 対象 設備30% 金45% 討伐11% タップ14% → (a)OK ②改OK
  run28 対象 設備28% 金47% 討伐9% タップ17% → (a)OK ②改OK
  run29 対象 設備28% 金47% 討伐7% タップ17% → (a)OK ②改OK
  run30 対象 設備29% 金47% 討伐7% タップ18% → (a)OK ②改OK
  run31 対象 設備29% 金47% 討伐7% タップ18% → (a)OK ②改OK
  run32 対象 設備28% 金47% 討伐7% タップ18% → (a)OK ②改OK
  run33 対象 設備27% 金43% 討伐6% タップ25% → (a)OK ②改OK
  run34 対象 設備26% 金40% 討伐5% タップ30% → (a)OK ②改OK
  run35 対象 設備27% 金40% 討伐5% タップ28% → (a)OK ②改OK
  run36 対象 設備25% 金36% 討伐5% タップ34% → (a)OK ②改OK
  run37 対象 設備28% 金41% 討伐6% タップ26% → (a)OK ②改OK
  run38 対象 設備24% 金37% 討伐5% タップ34% → (a)OK ②改OK
  run39 対象 設備28% 金39% 討伐5% タップ27% → (a)OK ②改OK
  run40 対象 設備27% 金37% 討伐5% タップ31% → (a)OK ②改OK
  run41 対象 設備30% 金43% 討伐4% タップ23% → (a)OK ②改OK
  run42 対象 設備26% 金37% 討伐4% タップ32% → (a)OK ②改OK
  run43 対象 設備29% 金39% 討伐5% タップ28% → (a)OK ②改OK
  run44 対象 設備28% 金38% 討伐4% タップ30% → (a)OK ②改OK
  run45 対象 設備25% 金36% 討伐15% タップ24% → (a)OK ②改OK
  run46 対象 設備24% 金30% 討伐16% タップ29% → (a)OK ②改OK
hunt(S4 狩猟特化型) 主役=討伐由来≥30%: 33/42周回 合格
  run 0 対象外 設備44% 金17% 討伐5% タップ34%
  run 1 対象外 設備43% 金35% 討伐3% タップ18%
  run 2 対象外 設備5% 金39% 討伐38% タップ18%
  run 3 対象外 設備6% 金49% 討伐36% タップ10%
  run 4 対象外 設備5% 金54% 討伐32% タップ8%
  run 5 対象 設備49% 金34% 討伐4% タップ13% → (a)NG ②改OK
  run 6 対象 設備50% 金36% 討伐8% タップ5% → (a)NG ②改OK
  run 7 対象 設備10% 金47% 討伐36% タップ7% → (a)OK ②改OK
  run 8 対象 設備13% 金38% 討伐43% タップ6% → (a)OK ②改OK
  run 9 対象 設備10% 金55% 討伐29% タップ6% → (a)NG ②改OK
  run10 対象 設備13% 金46% 討伐35% タップ6% → (a)OK ②改OK
  run11 対象 設備14% 金49% 討伐32% タップ5% → (a)OK ②改OK
  run12 対象 設備15% 金48% 討伐31% タップ6% → (a)OK ②改OK
  run13 対象 設備15% 金47% 討伐32% タップ6% → (a)OK ②改OK
  run14 対象 設備13% 金55% 討伐26% タップ6% → (a)NG ②改OK
  run15 対象 設備16% 金43% 討伐34% タップ7% → (a)OK ②改OK
  run16 対象 設備38% 金17% 討伐32% タップ13% → (a)OK ②改OK
  run17 対象 設備15% 金52% 討伐24% タップ8% → (a)NG ②改OK
  run18 対象 設備17% 金48% 討伐28% タップ8% → (a)NG ②改OK
  run19 対象 設備17% 金47% 討伐28% タップ8% → (a)NG ②改OK
  run20 対象 設備33% 金24% 討伐31% タップ11% → (a)OK ②改OK
  run21 対象 設備21% 金42% 討伐27% タップ11% → (a)NG ②改OK
  run22 対象 設備23% 金32% 討伐35% タップ10% → (a)OK ②改OK
  run23 対象 設備20% 金33% 討伐37% タップ10% → (a)OK ②改OK
  run24 対象 設備21% 金31% 討伐39% タップ10% → (a)OK ②改OK
  run25 対象 設備18% 金30% 討伐44% タップ9% → (a)OK ②改OK
  run26 対象 設備17% 金27% 討伐48% タップ8% → (a)OK ②改OK
  run27 対象 設備34% 金20% 討伐36% タップ11% → (a)OK ②改OK
  run28 対象 設備18% 金22% 討伐51% タップ9% → (a)OK ②改OK
  run29 対象 設備25% 金19% 討伐46% タップ10% → (a)OK ②改OK
  run30 対象 設備23% 金18% 討伐49% タップ9% → (a)OK ②改OK
  run31 対象 設備23% 金18% 討伐50% タップ9% → (a)OK ②改OK
  run32 対象 設備24% 金20% 討伐46% タップ9% → (a)OK ②改OK
  run33 対象 設備10% 金20% 討伐62% タップ7% → (a)OK ②改NG
  run34 対象 設備10% 金19% 討伐37% タップ35% → (a)OK ②改OK
  run35 対象 設備9% 金17% 討伐56% タップ19% → (a)OK ②改NG
  run36 対象 設備9% 金18% 討伐31% タップ42% → (a)OK ②改OK
  run37 対象 設備9% 金17% 討伐60% タップ13% → (a)OK ②改NG
  run38 対象 設備8% 金15% 討伐64% タップ13% → (a)OK ②改NG
  run39 対象 設備9% 金12% 討伐30% タップ49% → (a)OK ②改OK
  run40 対象 設備9% 金19% 討伐34% タップ38% → (a)OK ②改OK
  run41 対象 設備8% 金12% 討伐65% タップ15% → (a)OK ②改NG
  run42 対象 設備8% 金12% 討伐50% タップ30% → (a)OK ②改OK
  run43 対象 設備8% 金10% 討伐39% タップ43% → (a)OK ②改OK
  run44 対象 設備9% 金21% 討伐22% タップ48% → (a)NG ②改OK
  run45 対象 設備8% 金12% 討伐53% タップ26% → (a)OK ②改NG
  run46 対象 設備15% 金31% 討伐30% タップ24% → (a)OK ②改OK
bake(S1 バランス効率型) 主役=設備生産≥30%: 46/47周回 合格
  run 0 対象 設備39% 金13% 討伐9% タップ39% → (a)OK ②改OK
  run 1 対象 設備50% 金23% 討伐6% タップ21% → (a)OK ②改OK
  run 2 対象 設備48% 金30% 討伐7% タップ15% → (a)OK ②改OK
  run 3 対象 設備44% 金40% 討伐5% タップ11% → (a)OK ②改OK
  run 4 対象 設備25% 金49% 討伐13% タップ12% → (a)NG ②改OK
  run 5 対象 設備39% 金38% 討伐12% タップ11% → (a)OK ②改OK
  run 6 対象 設備78% 金11% 討伐0% タップ11% → (a)OK ②改NG
  run 7 対象 設備46% 金28% 討伐13% タップ13% → (a)OK ②改OK
  run 8 対象 設備46% 金33% 討伐11% タップ11% → (a)OK ②改OK
  run 9 対象 設備45% 金34% 討伐10% タップ11% → (a)OK ②改OK
  run10 対象 設備47% 金31% 討伐11% タップ10% → (a)OK ②改OK
  run11 対象 設備51% 金30% 討伐10% タップ9% → (a)OK ②改OK
  run12 対象 設備50% 金30% 討伐10% タップ10% → (a)OK ②改OK
  run13 対象 設備51% 金26% 討伐10% タップ13% → (a)OK ②改OK
  run14 対象 設備50% 金23% 討伐12% タップ15% → (a)OK ②改OK
  run15 対象 設備53% 金21% 討伐12% タップ14% → (a)OK ②改NG
  run16 対象 設備55% 金21% 討伐11% タップ13% → (a)OK ②改NG
  run17 対象 設備53% 金23% 討伐12% タップ12% → (a)OK ②改NG
  run18 対象 設備52% 金26% 討伐11% タップ11% → (a)OK ②改NG
  run19 対象 設備53% 金24% 討伐11% タップ11% → (a)OK ②改NG
  run20 対象 設備55% 金25% 討伐10% タップ10% → (a)OK ②改NG
  run21 対象 設備53% 金21% 討伐15% タップ10% → (a)OK ②改NG
  run22 対象 設備52% 金20% 討伐19% タップ9% → (a)OK ②改NG
  run23 対象 設備50% 金20% 討伐22% タップ8% → (a)OK ②改OK
  run24 対象 設備49% 金18% 討伐25% タップ8% → (a)OK ②改OK
  run25 対象 設備44% 金17% 討伐30% タップ9% → (a)OK ②改OK
  run26 対象 設備42% 金18% 討伐31% タップ8% → (a)OK ②改OK
  run27 対象 設備48% 金21% 討伐20% タップ11% → (a)OK ②改OK
  run28 対象 設備46% 金20% 討伐22% タップ11% → (a)OK ②改OK
  run29 対象 設備49% 金22% 討伐17% タップ11% → (a)OK ②改OK
  run30 対象 設備49% 金20% 討伐19% タップ12% → (a)OK ②改OK
  run31 対象 設備40% 金25% 討伐25% タップ9% → (a)OK ②改OK
  run32 対象 設備45% 金19% 討伐25% タップ11% → (a)OK ②改OK
  run33 対象 設備40% 金17% 討伐26% タップ17% → (a)OK ②改OK
  run34 対象 設備39% 金17% 討伐28% タップ15% → (a)OK ②改OK
  run35 対象 設備39% 金14% 討伐29% タップ19% → (a)OK ②改OK
  run36 対象 設備40% 金15% 討伐22% タップ24% → (a)OK ②改OK
  run37 対象 設備38% 金15% 討伐30% タップ18% → (a)OK ②改OK
  run38 対象 設備37% 金14% 討伐30% タップ18% → (a)OK ②改OK
  run39 対象 設備38% 金13% 討伐31% タップ18% → (a)OK ②改OK
  run40 対象 設備38% 金14% 討伐30% タップ19% → (a)OK ②改OK
  run41 対象 設備33% 金9% 討伐30% タップ29% → (a)OK ②改OK
  run42 対象 設備35% 金10% 討伐33% タップ22% → (a)OK ②改OK
  run43 対象 設備33% 金11% 討伐31% タップ24% → (a)OK ②改OK
  run44 対象 設備34% 金11% 討伐29% タップ26% → (a)OK ②改OK
  run45 対象 設備34% 金12% 討伐29% タップ26% → (a)OK ②改OK
  run46 対象 設備32% 金10% 討伐29% タップ29% → (a)OK ②改OK
㉘合計: 201/228周回
②(改・ジャンル一強禁止 得意ジャンルlift≤±1.5倍) 合計: 135/180周回
