=== ㉘稼ぎ口比率(100h・周回シェア=各tickシェアの周回平均) ===
balanced(S6 早回し転生型) 4つすべて≥10%: 45/48周回 合格
  run 0 対象 設備38% 金13% 討伐11% タップ38% → (a)OK ②改OK
  run 1 対象 設備45% 金23% 討伐9% タップ23% → (a)NG ②改OK
  run 2 対象 設備39% 金31% 討伐12% タップ17% → (a)OK ②改OK
  run 3 対象 設備33% 金44% 討伐9% タップ13% → (a)NG ②改OK
  run 4 対象 設備29% 金49% 討伐12% タップ10% → (a)OK ②改OK
  run 5 対象 設備34% 金42% 討伐14% タップ10% → (a)OK ②改OK
  run 6 対象 設備36% 金44% 討伐12% タップ8% → (a)NG ②改OK
  run 7 対象 設備36% 金38% 討伐14% タップ12% → (a)OK ②改OK
  run 8 対象 設備33% 金44% 討伐12% タップ10% → (a)OK ②改OK
  run 9 対象 設備34% 金43% 討伐12% タップ11% → (a)OK ②改OK
  run10 対象 設備38% 金37% 討伐14% タップ12% → (a)OK ②改OK
  run11 対象 設備38% 金38% 討伐13% タップ11% → (a)OK ②改OK
  run12 対象 設備39% 金36% 討伐14% タップ12% → (a)OK ②改OK
  run13 対象 設備38% 金31% 討伐15% タップ17% → (a)OK ②改OK
  run14 対象 設備39% 金26% 討伐17% タップ18% → (a)OK ②改OK
  run15 対象 設備41% 金22% 討伐18% タップ19% → (a)OK ②改OK
  run16 対象 設備42% 金21% 討伐18% タップ19% → (a)OK ②改OK
  run17 対象 設備41% 金23% 討伐18% タップ18% → (a)OK ②改OK
  run18 対象 設備40% 金26% 討伐17% タップ17% → (a)OK ②改OK
  run19 対象 設備40% 金26% 討伐18% タップ17% → (a)OK ②改OK
  run20 対象 設備39% 金28% 討伐18% タップ15% → (a)OK ②改OK
  run21 対象 設備36% 金30% 討伐16% タップ18% → (a)OK ②改OK
  run22 対象 設備37% 金20% 討伐29% タップ14% → (a)OK ②改OK
  run23 対象 設備28% 金31% 討伐28% タップ14% → (a)OK ②改OK
  run24 対象 設備29% 金23% 討伐35% タップ13% → (a)OK ②改OK
  run25 対象 設備24% 金30% 討伐33% タップ14% → (a)OK ②改OK
  run26 対象 設備25% 金23% 討伐39% タップ14% → (a)OK ②改OK
  run27 対象 設備23% 金24% 討伐38% タップ14% → (a)OK ②改OK
  run28 対象 設備20% 金34% 討伐31% タップ15% → (a)OK ②改OK
  run29 対象 設備19% 金30% 討伐35% タップ16% → (a)OK ②改OK
  run30 対象 設備19% 金30% 討伐35% タップ16% → (a)OK ②改OK
  run31 対象 設備18% 金35% 討伐32% タップ15% → (a)OK ②改OK
  run32 対象 設備18% 金30% 討伐35% タップ16% → (a)OK ②改OK
  run33 対象 設備19% 金29% 討伐35% タップ17% → (a)OK ②改OK
  run34 対象 設備19% 金29% 討伐30% タップ22% → (a)OK ②改OK
  run35 対象 設備19% 金28% 討伐29% タップ24% → (a)OK ②改OK
  run36 対象 設備18% 金23% 討伐25% タップ33% → (a)OK ②改OK
  run37 対象 設備18% 金29% 討伐30% タップ23% → (a)OK ②改OK
  run38 対象 設備18% 金26% 討伐31% タップ26% → (a)OK ②改OK
  run39 対象 設備18% 金28% 討伐30% タップ23% → (a)OK ②改OK
  run40 対象 設備18% 金25% 討伐30% タップ27% → (a)OK ②改OK
  run41 対象 設備18% 金24% 討伐32% タップ26% → (a)OK ②改OK
  run42 対象 設備16% 金22% 討伐32% タップ30% → (a)OK ②改OK
  run43 対象 設備16% 金24% 討伐34% タップ27% → (a)OK ②改OK
  run44 対象 設備16% 金21% 討伐33% タップ31% → (a)OK ②改OK
  run45 対象 設備16% 金22% 討伐38% タップ25% → (a)OK ②改OK
  run46 対象 設備16% 金19% 討伐33% タップ32% → (a)OK ②改OK
  run47 対象 設備16% 金19% 討伐32% タップ33% → (a)OK ②改OK
