=== ㉘稼ぎ口比率(24h・周回シェア=各tickシェアの周回平均) ===
balanced(S6 早回し転生型) 4つすべて≥10%: 4/17周回 合格
  run 0 対象 設備45% 金15% 討伐5% タップ36% → (a)NG ②改OK
  run 1 対象 設備50% 金24% 討伐4% タップ22% → (a)NG ②改OK
  run 2 対象 設備49% 金31% 討伐4% タップ17% → (a)NG ②改OK
  run 3 対象 設備42% 金42% 討伐3% タップ13% → (a)NG ②改OK
  run 4 対象 設備25% 金56% 討伐7% タップ11% → (a)NG ②改OK
  run 5 対象 設備29% 金50% 討伐9% タップ11% → (a)NG ②改OK
  run 6 対象 設備34% 金48% 討伐9% タップ9% → (a)NG ②改OK
  run 7 対象 設備30% 金47% 討伐10% タップ13% → (a)NG ②改OK
  run 8 対象 設備28% 金52% 討伐9% タップ11% → (a)NG ②改OK
  run 9 対象 設備26% 金55% 討伐8% タップ11% → (a)NG ②改OK
  run10 対象 設備29% 金50% 討伐9% タップ12% → (a)NG ②改OK
  run11 対象 設備28% 金51% 討伐9% タップ12% → (a)NG ②改OK
  run12 対象 設備30% 金48% 討伐10% タップ12% → (a)NG ②改OK
  run13 対象 設備26% 金45% 討伐11% タップ18% → (a)OK ②改OK
  run14 対象 設備29% 金38% 討伐13% タップ20% → (a)OK ②改OK
  run15 対象 設備28% 金38% 討伐13% タップ20% → (a)OK ②改OK
  run16 対象 設備28% 金36% 討伐14% タップ22% → (a)OK ②改OK
click(S2 クリック会心型) 主役=タップ≥30%: 5/15周回 合格
  run 0 対象 設備26% 金8% 討伐4% タップ62% → (a)OK ②改NG
  run 1 対象 設備31% 金21% 討伐4% タップ43% → (a)OK ②改OK
  run 2 対象 設備35% 金28% 討伐4% タップ33% → (a)OK ②改OK
  run 3 対象 設備30% 金39% 討伐3% タップ28% → (a)NG ②改OK
  run 4 対象 設備22% 金51% 討伐5% タップ22% → (a)NG ②改OK
  run 5 対象 設備25% 金41% 討伐11% タップ23% → (a)NG ②改OK
  run 6 対象 設備30% 金40% 討伐10% タップ20% → (a)NG ②改OK
  run 7 対象 設備28% 金30% 討伐12% タップ30% → (a)NG ②改OK
  run 8 対象 設備28% 金34% 討伐11% タップ27% → (a)NG ②改OK
  run 9 対象 設備28% 金34% 討伐11% タップ27% → (a)NG ②改OK
  run10 対象 設備29% 金33% 討伐12% タップ26% → (a)NG ②改OK
  run11 対象 設備29% 金35% 討伐11% タップ25% → (a)NG ②改OK
  run12 対象 設備29% 金35% 討伐11% タップ25% → (a)NG ②改OK
  run13 対象 設備25% 金30% 討伐12% タップ32% → (a)OK ②改OK
  run14 対象 設備24% 金28% 討伐13% タップ35% → (a)OK ②改OK
golden(S3 金クッキー特化型) 主役=金クッキー≥30%: 25/27周回 合格
  run 0 対象外 設備49% 金14% 討伐4% タップ33%
  run 1 対象外 設備52% 金29% 討伐3% タップ16%
  run 2 対象外 設備42% 金43% 討伐3% タップ12%
  run 3 対象 設備27% 金60% 討伐3% タップ10% → (a)OK ②改NG
  run 4 対象 設備13% 金64% 討伐8% タップ14% → (a)OK ②改NG
  run 5 対象 設備16% 金62% 討伐8% タップ13% → (a)OK ②改NG
  run 6 対象 設備64% 金20% 討伐0% タップ16% → (a)NG ②改OK
  run 7 対象 設備19% 金59% 討伐9% タップ13% → (a)OK ②改NG
  run 8 対象 設備55% 金22% 討伐0% タップ23% → (a)NG ②改OK
  run 9 対象 設備17% 金64% 討伐8% タップ11% → (a)OK ②改NG
  run10 対象 設備18% 金62% 討伐9% タップ11% → (a)OK ②改NG
  run11 対象 設備19% 金60% 討伐10% タップ11% → (a)OK ②改NG
  run12 対象 設備20% 金59% 討伐10% タップ12% → (a)OK ②改NG
  run13 対象 設備19% 金49% 討伐13% タップ19% → (a)OK ②改OK
  run14 対象 設備19% 金45% 討伐14% タップ22% → (a)OK ②改OK
  run15 対象 設備21% 金39% 討伐16% タップ24% → (a)OK ②改OK
  run16 対象 設備23% 金35% 討伐18% タップ23% → (a)OK ②改OK
  run17 対象 設備23% 金36% 討伐18% タップ22% → (a)OK ②改OK
  run18 対象 設備20% 金43% 討伐16% タップ20% → (a)OK ②改OK
  run19 対象 設備21% 金42% 討伐17% タップ20% → (a)OK ②改OK
  run20 対象 設備22% 金40% 討伐19% タップ20% → (a)OK ②改OK
  run21 対象 設備22% 金42% 討伐19% タップ17% → (a)OK ②改OK
  run22 対象 設備27% 金31% 討伐25% タップ16% → (a)OK ②改OK
  run23 対象 設備25% 金36% 討伐25% タップ15% → (a)OK ②改OK
  run24 対象 設備21% 金42% 討伐24% タップ13% → (a)OK ②改OK
  run25 対象 設備19% 金44% 討伐26% タップ11% → (a)OK ②改OK
  run26 対象 設備22% 金36% 討伐31% タップ12% → (a)OK ②改OK
  run27 対象 設備21% 金53% 討伐14% タップ13% → (a)OK ②改NG
  run28 対象 設備14% 金67% 討伐9% タップ9% → (a)OK ②改NG
  run29 対象 設備12% 金73% 討伐7% タップ9% → (a)OK ②改NG
hunt(S4 狩猟特化型) 主役=討伐由来≥30%: 16/28周回 合格
  run 0 対象外 設備48% 金18% 討伐3% タップ32%
  run 1 対象外 設備48% 金32% 討伐2% タップ18%
  run 2 対象外 設備7% 金38% 討伐34% タップ21%
  run 3 対象外 設備26% 金61% 討伐4% タップ9%
  run 4 対象 設備6% 金53% 討伐31% タップ10% → (a)OK ②改OK
  run 5 対象 設備42% 金40% 討伐2% タップ15% → (a)NG ②改OK
  run 6 対象 設備51% 金38% 討伐3% タップ8% → (a)NG ②改OK
  run 7 対象 設備9% 金49% 討伐34% タップ8% → (a)OK ②改OK
  run 8 対象 設備11% 金41% 討伐41% タップ7% → (a)OK ②改OK
  run 9 対象 設備9% 金57% 討伐27% タップ7% → (a)NG ②改OK
  run10 対象 設備9% 金54% 討伐31% タップ6% → (a)OK ②改OK
  run11 対象 設備9% 金56% 討伐29% タップ5% → (a)NG ②改OK
  run12 対象 設備11% 金55% 討伐29% タップ6% → (a)NG ②改OK
  run13 対象 設備8% 金59% 討伐27% タップ6% → (a)NG ②改OK
  run14 対象 設備6% 金61% 討伐28% タップ5% → (a)NG ②改OK
  run15 対象 設備10% 金50% 討伐33% タップ8% → (a)OK ②改OK
  run16 対象 設備33% 金8% 討伐42% タップ17% → (a)OK ②改OK
  run17 対象 設備7% 金64% 討伐24% タップ5% → (a)NG ②改OK
  run18 対象 設備9% 金58% 討伐26% タップ7% → (a)NG ②改OK
  run19 対象 設備9% 金58% 討伐26% タップ7% → (a)NG ②改OK
  run20 対象 設備24% 金36% 討伐28% タップ13% → (a)NG ②改OK
  run21 対象 設備6% 金59% 討伐27% タップ7% → (a)NG ②改OK
  run22 対象 設備12% 金51% 討伐31% タップ7% → (a)OK ②改OK
  run23 対象 設備9% 金49% 討伐36% タップ6% → (a)OK ②改OK
  run24 対象 設備10% 金48% 討伐36% タップ6% → (a)OK ②改OK
  run25 対象 設備8% 金44% 討伐43% タップ5% → (a)OK ②改OK
  run26 対象 設備7% 金42% 討伐46% タップ4% → (a)OK ②改OK
  run27 対象 設備23% 金28% 討伐40% タップ9% → (a)OK ②改OK
  run28 対象 設備10% 金29% 討伐56% タップ5% → (a)OK ②改NG
  run29 対象 設備16% 金26% 討伐51% タップ7% → (a)OK ②改OK
  run30 対象 設備14% 金25% 討伐54% タップ7% → (a)OK ②改NG
  run31 対象 設備15% 金24% 討伐55% タップ7% → (a)OK ②改NG
bake(S1 バランス効率型) 主役=設備生産≥30%: 17/18周回 合格
  run 0 対象 設備43% 金14% 討伐4% タップ38% → (a)OK ②改OK
  run 1 対象 設備52% 金24% 討伐3% タップ21% → (a)OK ②改NG
  run 2 対象 設備47% 金33% 討伐3% タップ16% → (a)OK ②改OK
  run 3 対象 設備43% 金43% 討伐2% タップ12% → (a)OK ②改OK
  run 4 対象 設備23% 金57% 討伐8% タップ12% → (a)NG ②改OK
  run 5 対象 設備35% 金44% 討伐9% タップ13% → (a)OK ②改OK
  run 6 対象 設備76% 金12% 討伐0% タップ12% → (a)OK ②改NG
  run 7 対象 設備40% 金37% 討伐9% タップ14% → (a)OK ②改OK
  run 8 対象 設備40% 金40% 討伐8% タップ12% → (a)OK ②改OK
  run 9 対象 設備39% 金42% 討伐7% タップ12% → (a)OK ②改OK
  run10 対象 設備42% 金38% 討伐8% タップ12% → (a)OK ②改OK
  run11 対象 設備45% 金36% 討伐8% タップ11% → (a)OK ②改OK
  run12 対象 設備44% 金36% 討伐8% タップ12% → (a)OK ②改OK
  run13 対象 設備43% 金33% 討伐9% タップ15% → (a)OK ②改OK
  run14 対象 設備43% 金29% 討伐11% タップ18% → (a)OK ②改OK
  run15 対象 設備45% 金27% 討伐11% タップ17% → (a)OK ②改OK
  run16 対象 設備49% 金25% 討伐10% タップ16% → (a)OK ②改OK
  run17 対象 設備45% 金29% 討伐11% タップ15% → (a)OK ②改OK
㉘合計: 67/105周回
②(改・ジャンル一強禁止 得意ジャンルlift≤±1.5倍) 合計: 71/88周回
