=== ㉘稼ぎ口比率(24h・周回シェア=各tickシェアの周回平均) ===
balanced(S6 早回し転生型) 4つすべて≥10%: 18/28周回 合格
  run 0 対象 設備35% 金11% 討伐5% タップ49% → (a)NG ②改OK
  run 1 対象 設備39% 金20% 討伐5% タップ36% → (a)NG ②改OK
  run 2 対象 設備36% 金25% 討伐10% タップ30% → (a)NG ②改OK
  run 3 対象 設備36% 金38% 討伐6% タップ20% → (a)NG ②改OK
  run 4 対象 設備28% 金47% 討伐10% タップ16% → (a)NG ②改OK
  run 5 対象 設備31% 金43% 討伐11% タップ15% → (a)OK ②改OK
  run 6 対象 設備33% 金45% 討伐11% タップ11% → (a)OK ②改OK
  run 7 対象 設備30% 金40% 討伐12% タップ18% → (a)OK ②改OK
  run 8 対象 設備28% 金46% 討伐11% タップ15% → (a)OK ②改OK
  run 9 対象 設備25% 金50% 討伐10% タップ15% → (a)OK ②改OK
  run10 対象 設備25% 金50% 討伐10% タップ14% → (a)OK ②改OK
  run11 対象 設備23% 金55% 討伐9% タップ12% → (a)NG ②改OK
  run12 対象 設備27% 金48% 討伐11% タップ14% → (a)OK ②改OK
  run13 対象 設備20% 金48% 討伐11% タップ21% → (a)OK ②改OK
  run14 対象 設備24% 金37% 討伐14% タップ25% → (a)OK ②改OK
  run15 対象 設備24% 金40% 討伐14% タップ22% → (a)OK ②改OK
  run16 対象 設備27% 金37% 討伐14% タップ21% → (a)OK ②改OK
  run17 対象 設備28% 金39% 討伐13% タップ20% → (a)OK ②改OK
  run18 対象 設備30% 金39% 討伐13% タップ18% → (a)OK ②改OK
  run19 対象 設備31% 金38% 討伐13% タップ18% → (a)OK ②改OK
  run20 対象 設備37% 金38% 討伐11% タップ15% → (a)OK ②改OK
  run21 対象 設備40% 金25% 討伐19% タップ16% → (a)OK ②改OK
  run22 対象 設備41% 金25% 討伐22% タップ13% → (a)OK ②改OK
  run23 対象 設備49% 金21% 討伐19% タップ12% → (a)OK ②改OK
  run24 対象 設備43% 金25% 討伐22% タップ10% → (a)NG ②改OK
  run25 対象 設備40% 金24% 討伐27% タップ10% → (a)NG ②改OK
  run26 対象 設備41% 金25% 討伐26% タップ9% → (a)NG ②改OK
  run27 対象 設備35% 金29% 討伐28% タップ8% → (a)NG ②改OK
click(S2 クリック会心型) 主役=タップ≥30%: 15/21周回 合格
  run 0 対象 設備21% 金7% 討伐3% タップ69% → (a)OK ②改NG
  run 1 対象 設備27% 金18% 討伐4% タップ51% → (a)OK ②改OK
  run 2 対象 設備34% 金25% 討伐4% タップ36% → (a)OK ②改OK
  run 3 対象 設備30% 金36% 討伐3% タップ31% → (a)OK ②改OK
  run 4 対象 設備18% 金45% 討伐9% タップ28% → (a)NG ②改OK
  run 5 対象 設備21% 金37% 討伐12% タップ29% → (a)NG ②改OK
  run 6 対象 設備28% 金35% 討伐12% タップ25% → (a)NG ②改OK
  run 7 対象 設備23% 金26% 討伐14% タップ37% → (a)OK ②改OK
  run 8 対象 設備27% 金28% 討伐13% タップ32% → (a)OK ②改OK
  run 9 対象 設備21% 金33% 討伐13% タップ33% → (a)OK ②改OK
  run10 対象 設備25% 金29% 討伐13% タップ33% → (a)OK ②改OK
  run11 対象 設備22% 金40% 討伐11% タップ27% → (a)NG ②改OK
  run12 対象 設備23% 金37% 討伐12% タップ28% → (a)NG ②改OK
  run13 対象 設備20% 金30% 討伐13% タップ37% → (a)OK ②改OK
  run14 対象 設備23% 金24% 討伐14% タップ39% → (a)OK ②改OK
  run15 対象 設備24% 金24% 討伐15% タップ37% → (a)OK ②改OK
  run16 対象 設備28% 金20% 討伐15% タップ37% → (a)OK ②改OK
  run17 対象 設備30% 金23% 討伐14% タップ34% → (a)OK ②改OK
  run18 対象 設備30% 金25% 討伐13% タップ32% → (a)OK ②改OK
  run19 対象 設備31% 金26% 討伐13% タップ31% → (a)OK ②改OK
  run20 対象 設備35% 金24% 討伐12% タップ29% → (a)NG ②改OK
golden(S3 金クッキー特化型) 主役=金クッキー≥30%: 26/44周回 合格
  run 0 対象外 設備34% 金9% 討伐4% タップ52%
  run 1 対象外 設備35% 金29% 討伐4% タップ31%
  run 2 対象外 設備24% 金38% 討伐9% タップ29%
  run 3 対象 設備18% 金56% 討伐6% タップ20% → (a)OK ②改NG
  run 4 対象 設備13% 金58% 討伐9% タップ20% → (a)OK ②改NG
  run 5 対象 設備16% 金59% 討伐9% タップ17% → (a)OK ②改NG
  run 6 対象 設備19% 金58% 討伐9% タップ14% → (a)OK ②改NG
  run 7 対象 設備20% 金56% 討伐9% タップ14% → (a)OK ②改NG
  run 8 対象 設備21% 金56% 討伐10% タップ14% → (a)OK ②改NG
  run 9 対象 設備19% 金58% 討伐9% タップ13% → (a)OK ②改NG
  run10 対象 設備23% 金54% 討伐10% タップ13% → (a)OK ②改NG
  run11 対象 設備23% 金55% 討伐10% タップ12% → (a)OK ②改NG
  run12 対象 設備26% 金48% 討伐12% タップ14% → (a)OK ②改OK
  run13 対象 設備21% 金45% 討伐13% タップ21% → (a)OK ②改OK
  run14 対象 設備26% 金32% 討伐17% タップ25% → (a)OK ②改OK
  run15 対象 設備27% 金32% 討伐17% タップ24% → (a)OK ②改OK
  run16 対象 設備32% 金24% 討伐20% タップ24% → (a)NG ②改OK
  run17 対象 設備30% 金32% 討伐17% タップ22% → (a)OK ②改OK
  run18 対象 設備29% 金36% 討伐15% タップ19% → (a)OK ②改OK
  run19 対象 設備32% 金33% 討伐16% タップ19% → (a)OK ②改OK
  run20 対象 設備33% 金35% 討伐15% タップ17% → (a)OK ②改OK
  run21 対象 設備34% 金22% 討伐23% タップ21% → (a)NG ②改OK
  run22 対象 設備45% 金15% 討伐22% タップ17% → (a)NG ②改OK
  run23 対象 設備46% 金18% 討伐20% タップ16% → (a)NG ②改OK
  run24 対象 設備47% 金15% 討伐23% タップ15% → (a)NG ②改OK
  run25 対象 設備44% 金18% 討伐25% タップ13% → (a)NG ②改OK
  run26 対象 設備43% 金24% 討伐23% タップ11% → (a)NG ②改OK
  run27 対象 設備40% 金37% 討伐12% タップ11% → (a)OK ②改OK
  run28 対象 設備36% 金39% 討伐12% タップ13% → (a)OK ②改OK
  run29 対象 設備44% 金33% 討伐12% タップ12% → (a)OK ②改OK
  run30 対象 設備42% 金34% 討伐12% タップ12% → (a)OK ②改OK
  run31 対象 設備44% 金34% 討伐12% タップ11% → (a)OK ②改OK
  run32 対象 設備40% 金36% 討伐12% タップ12% → (a)OK ②改OK
  run33 対象 設備18% 金25% 討伐6% タップ51% → (a)NG ②改OK
  run34 対象 設備17% 金32% 討伐5% タップ46% → (a)OK ②改OK
  run35 対象 設備18% 金29% 討伐5% タップ48% → (a)NG ②改OK
  run36 対象 設備18% 金29% 討伐5% タップ49% → (a)NG ②改OK
  run37 対象 設備21% 金21% 討伐5% タップ53% → (a)NG ②改OK
  run38 対象 設備18% 金31% 討伐4% タップ47% → (a)OK ②改OK
  run39 対象 設備20% 金24% 討伐5% タップ51% → (a)NG ②改OK
  run40 対象 設備19% 金30% 討伐4% タップ47% → (a)OK ②改OK
  run41 対象 設備19% 金27% 討伐5% タップ50% → (a)NG ②改OK
  run42 対象 設備21% 金18% 討伐5% タップ56% → (a)NG ②改OK
  run43 対象 設備21% 金24% 討伐4% タップ51% → (a)NG ②改OK
  run44 対象 設備22% 金19% 討伐5% タップ54% → (a)NG ②改OK
  run45 対象 設備17% 金11% 討伐27% タップ45% → (a)NG ②改OK
  run46 対象 設備19% 金10% 討伐23% タップ49% → (a)NG ②改OK
hunt(S4 狩猟特化型) 主役=討伐由来≥30%: 32/43周回 合格
  run 0 対象外 設備35% 金13% 討伐3% タップ49%
  run 1 対象外 設備38% 金30% 討伐3% タップ29%
  run 2 対象外 設備9% 金23% 討伐39% タップ30%
  run 3 対象外 設備34% 金49% 討伐4% タップ13%
  run 4 対象 設備8% 金40% 討伐38% タップ14% → (a)OK ②改OK
  run 5 対象 設備6% 金37% 討伐46% タップ11% → (a)OK ②改OK
  run 6 対象 設備8% 金37% 討伐42% タップ13% → (a)OK ②改OK
  run 7 対象 設備8% 金32% 討伐52% タップ9% → (a)OK ②改NG
  run 8 対象 設備8% 金38% 討伐42% タップ12% → (a)OK ②改OK
  run 9 対象 設備6% 金41% 討伐46% タップ7% → (a)OK ②改OK
  run10 対象 設備9% 金44% 討伐38% タップ9% → (a)OK ②改OK
  run11 対象 設備9% 金48% 討伐37% タップ6% → (a)OK ②改OK
  run12 対象 設備11% 金46% 討伐35% タップ7% → (a)OK ②改OK
  run13 対象 設備6% 金57% 討伐30% タップ7% → (a)NG ②改OK
  run14 対象 設備10% 金45% 討伐35% タップ10% → (a)OK ②改OK
  run15 対象 設備11% 金43% 討伐34% タップ12% → (a)OK ②改OK
  run16 対象 設備11% 金48% 討伐31% タップ10% → (a)OK ②改OK
  run17 対象 設備13% 金47% 討伐30% タップ10% → (a)OK ②改OK
  run18 対象 設備11% 金55% 討伐25% タップ9% → (a)NG ②改OK
  run19 対象 設備14% 金51% 討伐26% タップ10% → (a)NG ②改OK
  run20 対象 設備17% 金48% 討伐25% タップ9% → (a)NG ②改OK
  run21 対象 設備21% 金38% 討伐31% タップ10% → (a)OK ②改OK
  run22 対象 設備32% 金33% 討伐26% タップ8% → (a)NG ②改OK
  run23 対象 設備33% 金37% 討伐22% タップ7% → (a)NG ②改OK
  run24 対象 設備33% 金41% 討伐20% タップ6% → (a)NG ②改OK
  run25 対象 設備31% 金35% 討伐27% タップ6% → (a)NG ②改OK
  run26 対象 設備29% 金36% 討伐29% タップ6% → (a)NG ②改OK
  run27 対象 設備66% 金4% 討伐26% タップ5% → (a)NG ②改OK
  run28 対象 設備27% 金3% 討伐65% タップ4% → (a)OK ②改NG
  run29 対象 設備30% 金3% 討伐63% タップ4% → (a)OK ②改NG
  run30 対象 設備28% 金2% 討伐66% タップ4% → (a)OK ②改NG
  run31 対象 設備25% 金2% 討伐69% タップ4% → (a)OK ②改NG
  run32 対象 設備23% 金2% 討伐71% タップ4% → (a)OK ②改NG
  run33 対象 設備7% 金14% 討伐63% タップ16% → (a)OK ②改NG
  run34 対象 設備20% 金13% 討伐39% タップ28% → (a)OK ②改OK
  run35 対象 設備11% 金13% 討伐55% タップ21% → (a)OK ②改NG
  run36 対象 設備20% 金13% 討伐35% タップ33% → (a)OK ②改OK
  run37 対象 設備20% 金11% 討伐36% タップ33% → (a)OK ②改OK
  run38 対象 設備18% 金10% 討伐39% タップ32% → (a)OK ②改OK
  run39 対象 設備23% 金11% 討伐31% タップ35% → (a)OK ②改OK
  run40 対象 設備18% 金11% 討伐42% タップ29% → (a)OK ②改OK
  run41 対象 設備12% 金9% 討伐51% タップ27% → (a)OK ②改NG
  run42 対象 設備17% 金8% 討伐39% タップ36% → (a)OK ②改OK
  run43 対象 設備21% 金9% 討伐30% タップ40% → (a)OK ②改OK
  run44 対象 設備20% 金8% 討伐33% タップ40% → (a)OK ②改OK
  run45 対象 設備18% 金9% 討伐35% タップ38% → (a)OK ②改OK
  run46 対象 設備14% 金23% 討伐19% タップ43% → (a)NG ②改OK
bake(S1 バランス効率型) 主役=設備生産≥30%: 13/26周回 合格
  run 0 対象 設備34% 金11% 討伐4% タップ50% → (a)OK ②改OK
  run 1 対象 設備42% 金21% 討伐4% タップ33% → (a)OK ②改OK
  run 2 対象 設備36% 金27% 討伐9% タップ28% → (a)OK ②改OK
  run 3 対象 設備37% 金40% 討伐5% タップ18% → (a)OK ②改OK
  run 4 対象 設備24% 金50% 討伐10% タップ17% → (a)NG ②改OK
  run 5 対象 設備29% 金48% 討伐10% タップ13% → (a)NG ②改OK
  run 6 対象 設備30% 金50% 討伐10% タップ11% → (a)NG ②改OK
  run 7 対象 設備29% 金45% 討伐11% タップ15% → (a)NG ②改OK
  run 8 対象 設備26% 金51% 討伐10% タップ13% → (a)NG ②改OK
  run 9 対象 設備23% 金55% 討伐9% タップ12% → (a)NG ②改OK
  run10 対象 設備25% 金53% 討伐10% タップ12% → (a)NG ②改OK
  run11 対象 設備23% 金58% 討伐9% タップ11% → (a)NG ②改OK
  run12 対象 設備28% 金49% 討伐11% タップ13% → (a)NG ②改OK
  run13 対象 設備19% 金52% 討伐10% タップ18% → (a)NG ②改OK
  run14 対象 設備24% 金41% 討伐13% タップ22% → (a)NG ②改OK
  run15 対象 設備26% 金39% 討伐14% タップ21% → (a)NG ②改OK
  run16 対象 設備29% 金37% 討伐14% タップ20% → (a)NG ②改OK
  run17 対象 設備31% 金37% 討伐14% タップ19% → (a)OK ②改OK
  run18 対象 設備32% 金38% 討伐13% タップ17% → (a)OK ②改OK
  run19 対象 設備34% 金36% 討伐13% タップ17% → (a)OK ②改OK
  run20 対象 設備37% 金37% 討伐12% タップ15% → (a)OK ②改OK
  run21 対象 設備40% 金23% 討伐20% タップ17% → (a)OK ②改OK
  run22 対象 設備45% 金24% 討伐19% タップ12% → (a)OK ②改OK
  run23 対象 設備45% 金24% 討伐20% タップ11% → (a)OK ②改OK
  run24 対象 設備45% 金21% 討伐23% タップ11% → (a)OK ②改OK
  run25 対象 設備40% 金24% 討伐27% タップ10% → (a)OK ②改OK
㉘合計: 104/162周回
②(改・ジャンル一強禁止 得意ジャンルlift≤±1.5倍) 合計: 115/134周回
