=== ㉘稼ぎ口比率(24h・周回シェア=各tickシェアの周回平均) ===
balanced(S6 早回し転生型) 4つすべて≥10%: 16/29周回 合格
  run 0 対象 設備34% 金12% 討伐5% タップ49% → (a)NG ②改OK
  run 1 対象 設備38% 金21% 討伐5% タップ35% → (a)NG ②改OK
  run 2 対象 設備36% 金25% 討伐10% タップ30% → (a)NG ②改OK
  run 3 対象 設備34% 金40% 討伐6% タップ19% → (a)NG ②改OK
  run 4 対象 設備26% 金49% 討伐9% タップ16% → (a)NG ②改OK
  run 5 対象 設備33% 金42% 討伐10% タップ15% → (a)OK ②改OK
  run 6 対象 設備38% 金41% 討伐10% タップ11% → (a)OK ②改OK
  run 7 対象 設備36% 金38% 討伐11% タップ16% → (a)OK ②改OK
  run 8 対象 設備35% 金42% 討伐9% タップ14% → (a)NG ②改OK
  run 9 対象 設備32% 金45% 討伐9% タップ14% → (a)NG ②改OK
  run10 対象 設備35% 金41% 討伐10% タップ14% → (a)NG ②改OK
  run11 対象 設備34% 金45% 討伐9% タップ12% → (a)NG ②改OK
  run12 対象 設備36% 金39% 討伐10% タップ14% → (a)OK ②改OK
  run13 対象 設備32% 金39% 討伐10% タップ19% → (a)OK ②改OK
  run14 対象 設備34% 金32% 討伐12% タップ22% → (a)OK ②改OK
  run15 対象 設備37% 金29% 討伐13% タップ21% → (a)OK ②改OK
  run16 対象 設備37% 金31% 討伐13% タップ19% → (a)OK ②改OK
  run17 対象 設備36% 金33% 討伐13% タップ18% → (a)OK ②改OK
  run18 対象 設備35% 金36% 討伐12% タップ16% → (a)OK ②改OK
  run19 対象 設備34% 金37% 討伐13% タップ16% → (a)OK ②改OK
  run20 対象 設備34% 金38% 討伐13% タップ15% → (a)OK ②改OK
  run21 対象 設備32% 金33% 討伐19% タップ15% → (a)OK ②改OK
  run22 対象 設備33% 金30% 討伐24% タップ14% → (a)OK ②改OK
  run23 対象 設備31% 金30% 討伐26% タップ13% → (a)OK ②改OK
  run24 対象 設備27% 金34% 討伐29% タップ11% → (a)OK ②改OK
  run25 対象 設備21% 金33% 討伐37% タップ9% → (a)NG ②改OK
  run26 対象 設備21% 金32% 討伐39% タップ9% → (a)NG ②改OK
  run27 対象 設備20% 金29% 討伐43% タップ8% → (a)NG ②改OK
  run28 対象 設備11% 金39% 討伐44% タップ7% → (a)NG ②改OK
click(S2 クリック会心型) 主役=タップ≥30%: 12/22周回 合格
  run 0 対象 設備21% 金7% 討伐3% タップ68% → (a)OK ②改NG
  run 1 対象 設備26% 金19% 討伐4% タップ51% → (a)OK ②改OK
  run 2 対象 設備34% 金26% 討伐4% タップ36% → (a)OK ②改OK
  run 3 対象 設備29% 金37% 討伐3% タップ30% → (a)OK ②改OK
  run 4 対象 設備16% 金48% 討伐9% タップ27% → (a)NG ②改OK
  run 5 対象 設備23% 金37% 討伐11% タップ28% → (a)NG ②改OK
  run 6 対象 設備31% 金35% 討伐11% タップ23% → (a)NG ②改OK
  run 7 対象 設備28% 金25% 討伐13% タップ34% → (a)OK ②改OK
  run 8 対象 設備33% 金25% 討伐12% タップ30% → (a)NG ②改OK
  run 9 対象 設備29% 金30% 討伐11% タップ31% → (a)OK ②改OK
  run10 対象 設備30% 金30% 討伐11% タップ29% → (a)NG ②改OK
  run11 対象 設備34% 金27% 討伐11% タップ28% → (a)NG ②改OK
  run12 対象 設備31% 金31% 討伐11% タップ27% → (a)NG ②改OK
  run13 対象 設備31% 金22% 討伐12% タップ35% → (a)OK ②改OK
  run14 対象 設備31% 金20% 討伐13% タップ36% → (a)OK ②改OK
  run15 対象 設備33% 金21% 討伐13% タップ33% → (a)OK ②改OK
  run16 対象 設備35% 金20% 討伐13% タップ32% → (a)OK ②改OK
  run17 対象 設備33% 金24% 討伐12% タップ31% → (a)OK ②改OK
  run18 対象 設備33% 金26% 討伐12% タップ30% → (a)NG ②改OK
  run19 対象 設備31% 金26% 討伐12% タップ30% → (a)NG ②改OK
  run20 対象 設備34% 金23% 討伐13% タップ31% → (a)OK ②改OK
  run21 対象 設備36% 金25% 討伐17% タップ22% → (a)NG ②改OK
golden(S3 金クッキー特化型) 主役=金クッキー≥30%: 39/44周回 合格
  run 0 対象外 設備34% 金10% 討伐4% タップ52%
  run 1 対象外 設備35% 金30% 討伐4% タップ31%
  run 2 対象外 設備23% 金39% 討伐9% タップ29%
  run 3 対象 設備16% 金57% 討伐6% タップ20% → (a)OK ②改NG
  run 4 対象 設備12% 金60% 討伐8% タップ19% → (a)OK ②改NG
  run 5 対象 設備16% 金58% 討伐8% タップ17% → (a)OK ②改NG
  run 6 対象 設備18% 金60% 討伐8% タップ14% → (a)OK ②改NG
  run 7 対象 設備23% 金53% 討伐10% タップ14% → (a)OK ②改NG
  run 8 対象 設備22% 金56% 討伐9% タップ14% → (a)OK ②改NG
  run 9 対象 設備21% 金58% 討伐9% タップ13% → (a)OK ②改NG
  run10 対象 設備25% 金54% 討伐9% タップ12% → (a)OK ②改NG
  run11 対象 設備29% 金49% 討伐10% タップ12% → (a)OK ②改OK
  run12 対象 設備29% 金48% 討伐11% タップ13% → (a)OK ②改OK
  run13 対象 設備29% 金39% 討伐13% タップ20% → (a)OK ②改OK
  run14 対象 設備32% 金31% 討伐14% タップ22% → (a)OK ②改OK
  run15 対象 設備33% 金31% 討伐15% タップ21% → (a)OK ②改OK
  run16 対象 設備35% 金29% 討伐16% タップ21% → (a)NG ②改OK
  run17 対象 設備34% 金30% 討伐16% タップ20% → (a)NG ②改OK
  run18 対象 設備29% 金39% 討伐14% タップ18% → (a)OK ②改OK
  run19 対象 設備32% 金34% 討伐16% タップ18% → (a)OK ②改OK
  run20 対象 設備32% 金34% 討伐17% タップ17% → (a)OK ②改OK
  run21 対象 設備29% 金36% 討伐18% タップ18% → (a)OK ②改OK
  run22 対象 設備33% 金26% 討伐25% タップ16% → (a)NG ②改OK
  run23 対象 設備33% 金26% 討伐25% タップ16% → (a)NG ②改OK
  run24 対象 設備26% 金39% 討伐22% タップ13% → (a)OK ②改OK
  run25 対象 設備25% 金39% 討伐25% タップ12% → (a)OK ②改OK
  run26 対象 設備24% 金40% 討伐25% タップ11% → (a)OK ②改OK
  run27 対象 設備24% 金50% 討伐15% タップ11% → (a)OK ②改OK
  run28 対象 設備18% 金61% 討伐10% タップ10% → (a)OK ②改NG
  run29 対象 設備19% 金61% 討伐11% タップ10% → (a)OK ②改NG
  run30 対象 設備17% 金63% 討伐10% タップ10% → (a)OK ②改NG
  run31 対象 設備16% 金67% 討伐8% タップ9% → (a)OK ②改NG
  run32 対象 設備10% 金46% 討伐5% タップ39% → (a)OK ②改OK
  run33 対象 設備10% 金30% 討伐6% タップ55% → (a)NG ②改OK
  run34 対象 設備8% 金43% 討伐4% タップ44% → (a)OK ②改OK
  run35 対象 設備8% 金43% 討伐4% タップ44% → (a)OK ②改OK
  run36 対象 設備9% 金34% 討伐5% タップ53% → (a)OK ②改OK
  run37 対象 設備9% 金40% 討伐5% タップ47% → (a)OK ②改OK
  run38 対象 設備8% 金37% 討伐4% タップ50% → (a)OK ②改OK
  run39 対象 設備9% 金36% 討伐5% タップ51% → (a)OK ②改OK
  run40 対象 設備8% 金36% 討伐4% タップ51% → (a)OK ②改OK
  run41 対象 設備8% 金35% 討伐4% タップ53% → (a)OK ②改OK
  run42 対象 設備8% 金42% 討伐4% タップ47% → (a)OK ②改OK
  run43 対象 設備7% 金44% 討伐4% タップ45% → (a)OK ②改OK
  run44 対象 設備7% 金43% 討伐4% タップ47% → (a)OK ②改OK
  run45 対象 設備8% 金36% 討伐11% タップ45% → (a)OK ②改OK
  run46 対象 設備8% 金32% 討伐18% タップ42% → (a)OK ②改OK
hunt(S4 狩猟特化型) 主役=討伐由来≥30%: 40/43周回 合格
  run 0 対象外 設備34% 金14% 討伐3% タップ49%
  run 1 対象外 設備38% 金31% 討伐3% タップ29%
  run 2 対象外 設備9% 金26% 討伐36% タップ30%
  run 3 対象外 設備32% 金52% 討伐4% タップ13%
  run 4 対象 設備7% 金46% 討伐33% タップ14% → (a)OK ②改OK
  run 5 対象 設備6% 金43% 討伐40% タップ11% → (a)OK ②改OK
  run 6 対象 設備8% 金42% 討伐37% タップ13% → (a)OK ②改OK
  run 7 対象 設備9% 金38% 討伐45% タップ9% → (a)OK ②改OK
  run 8 対象 設備8% 金44% 討伐37% タップ11% → (a)OK ②改OK
  run 9 対象 設備9% 金41% 討伐42% タップ7% → (a)OK ②改OK
  run10 対象 設備11% 金45% 討伐35% タップ8% → (a)OK ②改OK
  run11 対象 設備12% 金43% 討伐38% タップ6% → (a)OK ②改OK
  run12 対象 設備13% 金46% 討伐34% タップ7% → (a)OK ②改OK
  run13 対象 設備12% 金42% 討伐38% タップ8% → (a)OK ②改OK
  run14 対象 設備12% 金44% 討伐34% タップ10% → (a)OK ②改OK
  run15 対象 設備15% 金36% 討伐37% タップ12% → (a)OK ②改OK
  run16 対象 設備15% 金39% 討伐35% タップ11% → (a)OK ②改OK
  run17 対象 設備14% 金42% 討伐34% タップ10% → (a)OK ②改OK
  run18 対象 設備14% 金45% 討伐31% タップ10% → (a)OK ②改OK
  run19 対象 設備14% 金47% 討伐30% タップ10% → (a)NG ②改OK
  run20 対象 設備16% 金42% 討伐32% タップ10% → (a)OK ②改OK
  run21 対象 設備15% 金45% 討伐31% タップ10% → (a)OK ②改OK
  run22 対象 設備15% 金44% 討伐33% タップ8% → (a)OK ②改OK
  run23 対象 設備16% 金39% 討伐37% タップ8% → (a)OK ②改OK
  run24 対象 設備15% 金39% 討伐39% タップ7% → (a)OK ②改OK
  run25 対象 設備13% 金36% 討伐44% タップ6% → (a)OK ②改OK
  run26 対象 設備12% 金35% 討伐47% タップ6% → (a)OK ②改OK
  run27 対象 設備23% 金20% 討伐49% タップ8% → (a)OK ②改OK
  run28 対象 設備15% 金19% 討伐60% タップ6% → (a)OK ②改NG
  run29 対象 設備20% 金16% 討伐56% タップ7% → (a)OK ②改NG
  run30 対象 設備18% 金15% 討伐59% タップ7% → (a)OK ②改NG
  run31 対象 設備19% 金13% 討伐61% タップ7% → (a)OK ②改NG
  run32 対象 設備15% 金17% 討伐62% タップ6% → (a)OK ②改NG
  run33 対象 設備5% 金18% 討伐60% タップ17% → (a)OK ②改NG
  run34 対象 設備6% 金14% 討伐34% タップ45% → (a)OK ②改OK
  run35 対象 設備5% 金15% 討伐52% タップ28% → (a)OK ②改NG
  run36 対象 設備5% 金17% 討伐55% タップ23% → (a)OK ②改NG
  run37 対象 設備6% 金15% 討伐48% タップ32% → (a)OK ②改OK
  run38 対象 設備5% 金15% 討伐47% タップ33% → (a)OK ②改OK
  run39 対象 設備6% 金12% 討伐32% タップ49% → (a)OK ②改OK
  run40 対象 設備6% 金13% 討伐37% タップ44% → (a)OK ②改OK
  run41 対象 設備6% 金12% 討伐48% タップ35% → (a)OK ②改OK
  run42 対象 設備7% 金10% 討伐35% タップ48% → (a)OK ②改OK
  run43 対象 設備6% 金13% 討伐27% タップ54% → (a)NG ②改OK
  run44 対象 設備7% 金10% 討伐29% タップ55% → (a)NG ②改OK
  run45 対象 設備7% 金10% 討伐33% タップ51% → (a)OK ②改OK
  run46 対象 設備6% 金12% 討伐63% タップ18% → (a)OK ②改NG
bake(S1 バランス効率型) 主役=設備生産≥30%: 26/32周回 合格
  run 0 対象 設備34% 金12% 討伐4% タップ50% → (a)OK ②改OK
  run 1 対象 設備42% 金22% 討伐4% タップ33% → (a)OK ②改OK
  run 2 対象 設備35% 金28% 討伐9% タップ28% → (a)OK ②改OK
  run 3 対象 設備35% 金41% 討伐5% タップ18% → (a)OK ②改OK
  run 4 対象 設備22% 金52% 討伐9% タップ17% → (a)NG ②改OK
  run 5 対象 設備41% 金34% 討伐9% タップ15% → (a)OK ②改OK
  run 6 対象 設備52% 金29% 討伐8% タップ11% → (a)OK ②改NG
  run 7 対象 設備50% 金29% 討伐8% タップ13% → (a)OK ②改OK
  run 8 対象 設備53% 金28% 討伐8% タップ11% → (a)OK ②改NG
  run 9 対象 設備50% 金31% 討伐7% タップ11% → (a)OK ②改OK
  run10 対象 設備52% 金30% 討伐7% タップ11% → (a)OK ②改NG
  run11 対象 設備57% 金29% 討伐7% タップ8% → (a)OK ②改NG
  run12 対象 設備57% 金26% 討伐8% タップ10% → (a)OK ②改NG
  run13 対象 設備56% 金24% 討伐7% タップ13% → (a)OK ②改NG
  run14 対象 設備56% 金20% 討伐9% タップ15% → (a)OK ②改NG
  run15 対象 設備59% 金17% 討伐9% タップ14% → (a)OK ②改NG
  run16 対象 設備61% 金17% 討伐9% タップ13% → (a)OK ②改NG
  run17 対象 設備60% 金19% 討伐9% タップ13% → (a)OK ②改NG
  run18 対象 設備58% 金22% 討伐9% タップ12% → (a)OK ②改NG
  run19 対象 設備59% 金21% 討伐9% タップ12% → (a)OK ②改NG
  run20 対象 設備58% 金23% 討伐9% タップ10% → (a)OK ②改NG
  run21 対象 設備53% 金22% 討伐14% タップ10% → (a)OK ②改NG
  run22 対象 設備44% 金35% 討伐14% タップ7% → (a)OK ②改OK
  run23 対象 設備42% 金35% 討伐16% タップ7% → (a)OK ②改OK
  run24 対象 設備49% 金22% 討伐22% タップ7% → (a)OK ②改OK
  run25 対象 設備39% 金25% 討伐31% タップ6% → (a)OK ②改OK
  run26 対象 設備31% 金34% 討伐30% タップ5% → (a)OK ②改OK
  run27 対象 設備26% 金33% 討伐35% タップ6% → (a)NG ②改OK
  run28 対象 設備20% 金42% 討伐33% タップ5% → (a)NG ②改OK
  run29 対象 設備20% 金39% 討伐35% タップ5% → (a)NG ②改OK
  run30 対象 設備22% 金35% 討伐38% タップ5% → (a)NG ②改OK
  run31 対象 設備14% 金37% 討伐45% タップ4% → (a)NG ②改OK
㉘合計: 133/170周回
②(改・ジャンル一強禁止 得意ジャンルlift≤±1.5倍) 合計: 105/141周回
