=== ㉘稼ぎ口比率(100h・周回シェア=各tickシェアの周回平均) ===
balanced(S6 早回し転生型) 4つすべて≥10%: 48/50周回 合格
  run 0 対象 設備18% 金37% 討伐13% タップ31% → (a)OK ②改OK
  run 1 対象 設備24% 金43% 討伐11% タップ22% → (a)OK ②改OK
  run 2 対象 設備35% 金39% 討伐11% タップ16% → (a)OK ②改OK
  run 3 対象 設備39% 金33% 討伐12% タップ17% → (a)OK ②改OK
  run 4 対象 設備35% 金43% 討伐8% タップ13% → (a)NG ②改OK
  run 5 対象 設備27% 金53% 討伐10% タップ10% → (a)NG ②改OK
  run 6 対象 設備26% 金49% 討伐13% タップ11% → (a)OK ②改OK
  run 7 対象 設備29% 金44% 討伐16% タップ12% → (a)OK ②改OK
  run 8 対象 設備31% 金44% 討伐15% タップ10% → (a)OK ②改OK
  run 9 対象 設備28% 金40% 討伐16% タップ15% → (a)OK ②改OK
  run10 対象 設備30% 金39% 討伐17% タップ14% → (a)OK ②改OK
  run11 対象 設備23% 金50% 討伐16% タップ12% → (a)OK ②改OK
  run12 対象 設備27% 金41% 討伐19% タップ13% → (a)OK ②改OK
  run13 対象 設備26% 金45% 討伐17% タップ12% → (a)OK ②改OK
  run14 対象 設備29% 金38% 討伐19% タップ14% → (a)OK ②改OK
  run15 対象 設備26% 金36% 討伐20% タップ18% → (a)OK ②改OK
  run16 対象 設備28% 金30% 討伐23% タップ19% → (a)OK ②改OK
  run17 対象 設備30% 金27% 討伐24% タップ20% → (a)OK ②改OK
  run18 対象 設備29% 金30% 討伐23% タップ18% → (a)OK ②改OK
  run19 対象 設備29% 金29% 討伐24% タップ18% → (a)OK ②改OK
  run20 対象 設備29% 金31% 討伐23% タップ16% → (a)OK ②改OK
  run21 対象 設備27% 金33% 討伐23% タップ16% → (a)OK ②改OK
  run22 対象 設備29% 金32% 討伐24% タップ15% → (a)OK ②改OK
  run23 対象 設備29% 金24% 討伐30% タップ17% → (a)OK ②改OK
  run24 対象 設備28% 金29% 討伐28% タップ16% → (a)OK ②改OK
  run25 対象 設備25% 金23% 討伐38% タップ14% → (a)OK ②改OK
  run26 対象 設備25% 金23% 討伐39% タップ14% → (a)OK ②改OK
  run27 対象 設備23% 金25% 討伐38% タップ14% → (a)OK ②改OK
  run28 対象 設備22% 金24% 討伐40% タップ14% → (a)OK ②改OK
  run29 対象 設備22% 金24% 討伐40% タップ14% → (a)OK ②改OK
  run30 対象 設備22% 金35% 討伐29% タップ14% → (a)OK ②改OK
  run31 対象 設備22% 金33% 討伐31% タップ14% → (a)OK ②改OK
  run32 対象 設備22% 金28% 討伐36% タップ15% → (a)OK ②改OK
  run33 対象 設備23% 金25% 討伐36% タップ16% → (a)OK ②改OK
  run34 対象 設備22% 金28% 討伐35% タップ15% → (a)OK ②改OK
  run35 対象 設備23% 金25% 討伐35% タップ18% → (a)OK ②改OK
  run36 対象 設備23% 金33% 討伐25% タップ19% → (a)OK ②改OK
  run37 対象 設備23% 金27% 討伐28% タップ22% → (a)OK ②改OK
  run38 対象 設備24% 金25% 討伐25% タップ26% → (a)OK ②改OK
  run39 対象 設備23% 金30% 討伐28% タップ20% → (a)OK ②改OK
  run40 対象 設備22% 金24% 討伐28% タップ25% → (a)OK ②改OK
  run41 対象 設備23% 金23% 討伐29% タップ26% → (a)OK ②改OK
  run42 対象 設備23% 金24% 討伐30% タップ22% → (a)OK ②改OK
  run43 対象 設備20% 金20% 討伐36% タップ25% → (a)OK ②改OK
  run44 対象 設備20% 金19% 討伐32% タップ29% → (a)OK ②改OK
  run45 対象 設備21% 金21% 討伐32% タップ26% → (a)OK ②改OK
  run46 対象 設備20% 金18% 討伐31% タップ30% → (a)OK ②改OK
  run47 対象 設備20% 金17% 討伐28% タップ35% → (a)OK ②改OK
  run48 対象 設備21% 金18% 討伐34% タップ28% → (a)OK ②改OK
  run49 対象 設備20% 金17% 討伐33% タップ30% → (a)OK ②改OK
