=== ㉘稼ぎ口比率(100h・周回シェア=各tickシェアの周回平均) ===
balanced(S6 早回し転生型) 4つすべて≥10%: 46/50周回 合格
  run 0 対象 設備18% 金37% 討伐13% タップ31% → (a)OK ②改OK
  run 1 対象 設備19% 金49% 討伐11% タップ22% → (a)OK ②改OK
  run 2 対象 設備25% 金50% 討伐10% タップ15% → (a)OK ②改OK
  run 3 対象 設備24% 金57% 討伐7% タップ11% → (a)NG ②改OK
  run 4 対象 設備23% 金56% 討伐9% タップ12% → (a)NG ②改OK
  run 5 対象 設備22% 金57% 討伐11% タップ10% → (a)NG ②改OK
  run 6 対象 設備29% 金47% 討伐13% タップ10% → (a)OK ②改OK
  run 7 対象 設備31% 金45% 討伐14% タップ10% → (a)OK ②改OK
  run 8 対象 設備34% 金43% 討伐14% タップ9% → (a)NG ②改OK
  run 9 対象 設備33% 金37% 討伐15% タップ14% → (a)OK ②改OK
  run10 対象 設備35% 金37% 討伐15% タップ14% → (a)OK ②改OK
  run11 対象 設備27% 金48% 討伐15% タップ11% → (a)OK ②改OK
  run12 対象 設備32% 金39% 討伐17% タップ12% → (a)OK ②改OK
  run13 対象 設備31% 金41% 討伐16% タップ12% → (a)OK ②改OK
  run14 対象 設備33% 金37% 討伐18% タップ12% → (a)OK ②改OK
  run15 対象 設備30% 金35% 討伐18% タップ16% → (a)OK ②改OK
  run16 対象 設備34% 金27% 討伐21% タップ18% → (a)OK ②改OK
  run17 対象 設備36% 金25% 討伐22% タップ18% → (a)OK ②改OK
  run18 対象 設備35% 金28% 討伐21% タップ16% → (a)OK ②改OK
  run19 対象 設備35% 金26% 討伐22% タップ17% → (a)OK ②改OK
  run20 対象 設備35% 金27% 討伐21% タップ16% → (a)OK ②改OK
  run21 対象 設備34% 金30% 討伐21% タップ15% → (a)OK ②改OK
  run22 対象 設備36% 金29% 討伐22% タップ13% → (a)OK ②改OK
  run23 対象 設備32% 金33% 討伐20% タップ16% → (a)OK ②改OK
  run24 対象 設備33% 金22% 討伐31% タップ14% → (a)OK ②改OK
  run25 対象 設備30% 金24% 討伐34% タップ13% → (a)OK ②改OK
  run26 対象 設備27% 金29% 討伐31% タップ13% → (a)OK ②改OK
  run27 対象 設備24% 金26% 討伐37% タップ13% → (a)OK ②改OK
  run28 対象 設備25% 金23% 討伐39% タップ13% → (a)OK ②改OK
  run29 対象 設備24% 金23% 討伐40% タップ13% → (a)OK ②改OK
  run30 対象 設備20% 金35% 討伐31% タップ15% → (a)OK ②改OK
  run31 対象 設備19% 金35% 討伐31% タップ14% → (a)OK ②改OK
  run32 対象 設備18% 金31% 討伐36% タップ15% → (a)OK ②改OK
  run33 対象 設備17% 金37% 討伐32% タップ14% → (a)OK ②改OK
  run34 対象 設備18% 金29% 討伐36% タップ16% → (a)OK ②改OK
  run35 対象 設備17% 金30% 討伐36% タップ17% → (a)OK ②改OK
  run36 対象 設備18% 金32% 討伐31% タップ19% → (a)OK ②改OK
  run37 対象 設備19% 金32% 討伐29% タップ20% → (a)OK ②改OK
  run38 対象 設備16% 金29% 討伐36% タップ19% → (a)OK ②改OK
  run39 対象 設備18% 金28% 討伐31% タップ23% → (a)OK ②改OK
  run40 対象 設備18% 金26% 討伐30% タップ26% → (a)OK ②改OK
  run41 対象 設備18% 金26% 討伐32% タップ25% → (a)OK ②改OK
  run42 対象 設備18% 金28% 討伐31% タップ23% → (a)OK ②改OK
  run43 対象 設備15% 金25% 討伐37% タップ23% → (a)OK ②改OK
  run44 対象 設備16% 金23% 討伐32% タップ29% → (a)OK ②改OK
  run45 対象 設備16% 金24% 討伐35% タップ25% → (a)OK ②改OK
  run46 対象 設備16% 金20% 討伐34% タップ30% → (a)OK ②改OK
  run47 対象 設備15% 金20% 討伐35% タップ29% → (a)OK ②改OK
  run48 対象 設備16% 金23% 討伐34% タップ27% → (a)OK ②改OK
  run49 対象 設備17% 金23% 討伐38% タップ22% → (a)OK ②改OK
click(S2 クリック会心型) 主役=タップ≥30%: 38/50周回 合格
  run 0 対象 設備13% 金28% 討伐8% タップ50% → (a)OK ②改OK
  run 1 対象 設備12% 金48% 討伐10% タップ30% → (a)OK ②改OK
  run 2 対象 設備16% 金49% 討伐9% タップ26% → (a)NG ②改OK
  run 3 対象 設備16% 金56% 討伐7% タップ21% → (a)NG ②改OK
  run 4 対象 設備20% 金49% 討伐7% タップ24% → (a)NG ②改OK
  run 5 対象 設備21% 金46% 討伐12% タップ20% → (a)NG ②改OK
  run 6 対象 設備30% 金33% 討伐16% タップ21% → (a)NG ②改OK
  run 7 対象 設備35% 金24% 討伐17% タップ24% → (a)NG ②改OK
  run 8 対象 設備40% 金15% 討伐18% タップ27% → (a)NG ②改OK
  run 9 対象 設備42% 金18% 討伐17% タップ23% → (a)NG ②改OK
  run10 対象 設備40% 金13% 討伐17% タップ29% → (a)NG ②改OK
  run11 対象 設備40% 金13% 討伐18% タップ29% → (a)NG ②改OK
  run12 対象 設備41% 金11% 討伐18% タップ30% → (a)OK ②改OK
  run13 対象 設備41% 金14% 討伐16% タップ29% → (a)NG ②改OK
  run14 対象 設備42% 金12% 討伐16% タップ30% → (a)NG ②改OK
  run15 対象 設備41% 金11% 討伐15% タップ32% → (a)OK ②改OK
  run16 対象 設備42% 金11% 討伐15% タップ32% → (a)OK ②改OK
  run17 対象 設備45% 金10% 討伐15% タップ30% → (a)OK ②改OK
  run18 対象 設備46% 金9% 討伐15% タップ31% → (a)OK ②改OK
  run19 対象 設備45% 金11% 討伐14% タップ31% → (a)OK ②改OK
  run20 対象 設備45% 金10% 討伐14% タップ31% → (a)OK ②改OK
  run21 対象 設備43% 金11% 討伐13% タップ32% → (a)OK ②改OK
  run22 対象 設備44% 金10% 討伐13% タップ33% → (a)OK ②改OK
  run23 対象 設備40% 金10% 討伐11% タップ38% → (a)OK ②改OK
  run24 対象 設備41% 金11% 討伐15% タップ33% → (a)OK ②改OK
  run25 対象 設備41% 金10% 討伐16% タップ33% → (a)OK ②改OK
  run26 対象 設備40% 金10% 討伐16% タップ35% → (a)OK ②改OK
  run27 対象 設備33% 金10% 討伐16% タップ41% → (a)OK ②改OK
  run28 対象 設備30% 金9% 討伐15% タップ45% → (a)OK ②改OK
  run29 対象 設備28% 金10% 討伐15% タップ47% → (a)OK ②改OK
  run30 対象 設備34% 金8% 討伐16% タップ42% → (a)OK ②改OK
  run31 対象 設備24% 金9% 討伐18% タップ49% → (a)OK ②改OK
  run32 対象 設備21% 金9% 討伐17% タップ52% → (a)OK ②改NG
  run33 対象 設備21% 金9% 討伐15% タップ55% → (a)OK ②改NG
  run34 対象 設備26% 金7% 討伐15% タップ53% → (a)OK ②改NG
  run35 対象 設備13% 金13% 討伐18% タップ57% → (a)OK ②改NG
  run36 対象 設備13% 金14% 討伐21% タップ52% → (a)OK ②改NG
  run37 対象 設備11% 金12% 討伐18% タップ59% → (a)OK ②改NG
  run38 対象 設備11% 金11% 討伐16% タップ63% → (a)OK ②改NG
  run39 対象 設備10% 金11% 討伐14% タップ65% → (a)OK ②改NG
  run40 対象 設備10% 金10% 討伐13% タップ68% → (a)OK ②改NG
  run41 対象 設備9% 金10% 討伐11% タップ70% → (a)OK ②改NG
  run42 対象 設備11% 金15% 討伐13% タップ60% → (a)OK ②改NG
  run43 対象 設備9% 金10% 討伐12% タップ68% → (a)OK ②改NG
  run44 対象 設備12% 金16% 討伐14% タップ58% → (a)OK ②改NG
  run45 対象 設備10% 金10% 討伐12% タップ68% → (a)OK ②改NG
  run46 対象 設備9% 金12% 討伐10% タップ68% → (a)OK ②改NG
  run47 対象 設備8% 金9% 討伐11% タップ72% → (a)OK ②改NG
  run48 対象 設備8% 金8% 討伐12% タップ72% → (a)OK ②改NG
  run49 対象 設備8% 金8% 討伐12% タップ71% → (a)OK ②改NG
golden(S3 金クッキー特化型) 主役=金クッキー≥30%: 38/43周回 合格
  run 0 対象外 設備29% 金24% 討伐12% タップ35%
  run 1 対象外 設備26% 金50% 討伐8% タップ16%
  run 2 対象外 設備15% 金60% 討伐11% タップ14%
  run 3 対象外 設備13% 金66% 討伐10% タップ12%
  run 4 対象 設備10% 金69% 討伐11% タップ11% → (a)OK ②改NG
  run 5 対象 設備14% 金64% 討伐12% タップ10% → (a)OK ②改NG
  run 6 対象 設備18% 金62% 討伐13% タップ8% → (a)OK ②改NG
  run 7 対象 設備19% 金57% 討伐14% タップ10% → (a)OK ②改NG
  run 8 対象 設備18% 金59% 討伐14% タップ9% → (a)OK ②改NG
  run 9 対象 設備19% 金58% 討伐14% タップ9% → (a)OK ②改NG
  run10 対象 設備18% 金60% 討伐13% タップ9% → (a)OK ②改NG
  run11 対象 設備20% 金56% 討伐14% タップ9% → (a)OK ②改NG
  run12 対象 設備21% 金53% 討伐15% タップ11% → (a)OK ②改NG
  run13 対象 設備21% 金44% 討伐18% タップ16% → (a)OK ②改OK
  run14 対象 設備27% 金35% 討伐20% タップ18% → (a)OK ②改OK
  run15 対象 設備27% 金35% 討伐20% タップ18% → (a)OK ②改OK
  run16 対象 設備27% 金34% 討伐21% タップ18% → (a)OK ②改OK
  run17 対象 設備27% 金34% 討伐21% タップ18% → (a)OK ②改OK
  run18 対象 設備26% 金37% 討伐20% タップ16% → (a)OK ②改OK
  run19 対象 設備27% 金37% 討伐20% タップ16% → (a)OK ②改OK
  run20 対象 設備28% 金36% 討伐22% タップ15% → (a)OK ②改OK
  run21 対象 設備31% 金30% 討伐25% タップ14% → (a)NG ②改OK
  run22 対象 設備29% 金29% 討伐29% タップ13% → (a)NG ②改OK
  run23 対象 設備31% 金27% 討伐29% タップ12% → (a)NG ②改OK
  run24 対象 設備31% 金30% 討伐28% タップ11% → (a)NG ②改OK
  run25 対象 設備28% 金35% 討伐27% タップ10% → (a)OK ②改OK
  run26 対象 設備29% 金34% 討伐28% タップ10% → (a)OK ②改OK
  run27 対象 設備30% 金41% 討伐15% タップ14% → (a)OK ②改OK
  run28 対象 設備27% 金47% 討伐10% タップ15% → (a)OK ②改OK
  run29 対象 設備28% 金47% 討伐8% タップ17% → (a)OK ②改OK
  run30 対象 設備29% 金46% 討伐8% タップ18% → (a)OK ②改OK
  run31 対象 設備29% 金45% 討伐7% タップ19% → (a)OK ②改OK
  run32 対象 設備29% 金45% 討伐7% タップ18% → (a)OK ②改OK
  run33 対象 設備27% 金40% 討伐7% タップ26% → (a)OK ②改OK
  run34 対象 設備27% 金38% 討伐6% タップ29% → (a)OK ②改OK
  run35 対象 設備27% 金39% 討伐6% タップ29% → (a)OK ②改OK
  run36 対象 設備26% 金35% 討伐6% タップ33% → (a)OK ②改OK
  run37 対象 設備28% 金40% 討伐5% タップ26% → (a)OK ②改OK
  run38 対象 設備28% 金38% 討伐6% タップ29% → (a)OK ②改OK
  run39 対象 設備29% 金40% 討伐5% タップ26% → (a)OK ②改OK
  run40 対象 設備29% 金40% 討伐5% タップ27% → (a)OK ②改OK
  run41 対象 設備29% 金40% 討伐5% タップ26% → (a)OK ②改OK
  run42 対象 設備28% 金36% 討伐5% タップ31% → (a)OK ②改OK
  run43 対象 設備29% 金38% 討伐5% タップ28% → (a)OK ②改OK
  run44 対象 設備29% 金38% 討伐5% タップ28% → (a)OK ②改OK
  run45 対象 設備24% 金31% 討伐17% タップ28% → (a)OK ②改OK
  run46 対象 設備24% 金29% 討伐16% タップ31% → (a)NG ②改OK
hunt(S4 狩猟特化型) 主役=討伐由来≥30%: 35/42周回 合格
  run 0 対象外 設備20% 金37% 討伐10% タップ33%
  run 1 対象外 設備1% 金50% 討伐26% タップ23%
  run 2 対象外 設備7% 金65% 討伐19% タップ9%
  run 3 対象外 設備5% 金61% 討伐26% タップ8%
  run 4 対象外 設備5% 金58% 討伐31% タップ7%
  run 5 対象 設備6% 金55% 討伐33% タップ7% → (a)OK ②改OK
  run 6 対象 設備7% 金52% 討伐35% タップ6% → (a)OK ②改OK
  run 7 対象 設備9% 金43% 討伐42% タップ6% → (a)OK ②改OK
  run 8 対象 設備9% 金44% 討伐40% タップ6% → (a)OK ②改OK
  run 9 対象 設備11% 金42% 討伐41% タップ6% → (a)OK ②改OK
  run10 対象 設備12% 金47% 討伐36% タップ6% → (a)OK ②改OK
  run11 対象 設備12% 金47% 討伐35% タップ5% → (a)OK ②改OK
  run12 対象 設備13% 金44% 討伐36% タップ6% → (a)OK ②改OK
  run13 対象 設備14% 金45% 討伐36% タップ6% → (a)OK ②改OK
  run14 対象 設備13% 金50% 討伐31% タップ6% → (a)OK ②改OK
  run15 対象 設備14% 金49% 討伐30% タップ7% → (a)OK ②改OK
  run16 対象 設備39% 金6% 討伐42% タップ14% → (a)OK ②改OK
  run17 対象 設備15% 金55% 討伐24% タップ7% → (a)NG ②改OK
  run18 対象 設備16% 金54% 討伐23% タップ7% → (a)NG ②改OK
  run19 対象 設備15% 金55% 討伐23% タップ7% → (a)NG ②改OK
  run20 対象 設備33% 金24% 討伐32% タップ11% → (a)OK ②改OK
  run21 対象 設備19% 金44% 討伐26% タップ11% → (a)NG ②改OK
  run22 対象 設備16% 金37% 討伐37% タップ10% → (a)OK ②改OK
  run23 対象 設備18% 金32% 討伐41% タップ8% → (a)OK ②改OK
  run24 対象 設備19% 金29% 討伐43% タップ8% → (a)OK ②改OK
  run25 対象 設備17% 金28% 討伐47% タップ7% → (a)OK ②改OK
  run26 対象 設備17% 金26% 討伐50% タップ7% → (a)OK ②改OK
  run27 対象 設備38% 金19% 討伐33% タップ10% → (a)OK ②改OK
  run28 対象 設備34% 金19% 討伐37% タップ10% → (a)OK ②改OK
  run29 対象 設備30% 金18% 討伐42% タップ9% → (a)OK ②改OK
  run30 対象 設備31% 金16% 討伐43% タップ9% → (a)OK ②改OK
  run31 対象 設備28% 金17% 討伐46% タップ9% → (a)OK ②改OK
  run32 対象 設備27% 金19% 討伐44% タップ9% → (a)OK ②改OK
  run33 対象 設備9% 金21% 討伐65% タップ5% → (a)OK ②改NG
  run34 対象 設備10% 金21% 討伐59% タップ10% → (a)OK ②改NG
  run35 対象 設備9% 金19% 討伐64% タップ8% → (a)OK ②改NG
  run36 対象 設備10% 金27% 討伐49% タップ14% → (a)OK ②改OK
  run37 対象 設備9% 金20% 討伐62% タップ9% → (a)OK ②改NG
  run38 対象 設備8% 金17% 討伐66% タップ9% → (a)OK ②改NG
  run39 対象 設備10% 金13% 討伐30% タップ47% → (a)NG ②改OK
  run40 対象 設備11% 金17% 討伐23% タップ50% → (a)NG ②改OK
  run41 対象 設備8% 金12% 討伐53% タップ27% → (a)OK ②改NG
  run42 対象 設備8% 金12% 討伐63% タップ17% → (a)OK ②改NG
  run43 対象 設備8% 金11% 討伐52% タップ29% → (a)OK ②改NG
  run44 対象 設備10% 金21% 討伐23% タップ46% → (a)NG ②改OK
  run45 対象 設備8% 金11% 討伐52% タップ29% → (a)OK ②改NG
  run46 対象 設備7% 金10% 討伐71% タップ13% → (a)OK ②改NG
bake(S1 バランス効率型) 主役=設備生産≥30%: 42/47周回 合格
  run 0 対象 設備18% 金39% 討伐12% タップ32% → (a)NG ②改OK
  run 1 対象 設備21% 金52% 討伐8% タップ19% → (a)NG ②改OK
  run 2 対象 設備24% 金54% 討伐9% タップ13% → (a)NG ②改OK
  run 3 対象 設備23% 金60% 討伐7% タップ10% → (a)NG ②改OK
  run 4 対象 設備20% 金64% 討伐8% タップ8% → (a)NG ②改OK
  run 5 対象 設備32% 金49% 討伐11% タップ8% → (a)OK ②改OK
  run 6 対象 設備38% 金43% 討伐11% タップ7% → (a)OK ②改OK
  run 7 対象 設備42% 金35% 討伐13% タップ10% → (a)OK ②改OK
  run 8 対象 設備44% 金34% 討伐12% タップ10% → (a)OK ②改OK
  run 9 対象 設備46% 金33% 討伐12% タップ9% → (a)OK ②改OK
  run10 対象 設備45% 金35% 討伐11% タップ9% → (a)OK ②改OK
  run11 対象 設備48% 金32% 討伐11% タップ9% → (a)OK ②改OK
  run12 対象 設備49% 金31% 討伐11% タップ9% → (a)OK ②改OK
  run13 対象 設備51% 金26% 討伐11% タップ12% → (a)OK ②改OK
  run14 対象 設備50% 金23% 討伐13% タップ14% → (a)OK ②改OK
  run15 対象 設備52% 金22% 討伐13% タップ13% → (a)OK ②改NG
  run16 対象 設備53% 金23% 討伐12% タップ12% → (a)OK ②改NG
  run17 対象 設備53% 金25% 討伐12% タップ11% → (a)OK ②改NG
  run18 対象 設備52% 金26% 討伐12% タップ10% → (a)OK ②改NG
  run19 対象 設備53% 金25% 討伐12% タップ10% → (a)OK ②改NG
  run20 対象 設備54% 金26% 討伐11% タップ9% → (a)OK ②改NG
  run21 対象 設備53% 金21% 討伐16% タップ10% → (a)OK ②改NG
  run22 対象 設備53% 金19% 討伐17% タップ10% → (a)OK ②改NG
  run23 対象 設備48% 金19% 討伐24% タップ8% → (a)OK ②改OK
  run24 対象 設備46% 金20% 討伐25% タップ8% → (a)OK ②改OK
  run25 対象 設備43% 金19% 討伐30% タップ8% → (a)OK ②改OK
  run26 対象 設備42% 金18% 討伐33% タップ8% → (a)OK ②改OK
  run27 対象 設備47% 金23% 討伐19% タップ11% → (a)OK ②改OK
  run28 対象 設備46% 金27% 討伐17% タップ11% → (a)OK ②改OK
  run29 対象 設備45% 金25% 討伐19% タップ11% → (a)OK ②改OK
  run30 対象 設備44% 金24% 討伐21% タップ11% → (a)OK ②改OK
  run31 対象 設備38% 金27% 討伐26% タップ9% → (a)OK ②改OK
  run32 対象 設備41% 金18% 討伐31% タップ10% → (a)OK ②改OK
  run33 対象 設備40% 金19% 討伐26% タップ15% → (a)OK ②改OK
  run34 対象 設備39% 金16% 討伐32% タップ14% → (a)OK ②改OK
  run35 対象 設備39% 金15% 討伐31% タップ15% → (a)OK ②改OK
  run36 対象 設備35% 金11% 討伐29% タップ25% → (a)OK ②改OK
  run37 対象 設備38% 金15% 討伐31% タップ15% → (a)OK ②改OK
  run38 対象 設備37% 金14% 討伐33% タップ16% → (a)OK ②改OK
  run39 対象 設備38% 金16% 討伐32% タップ14% → (a)OK ②改OK
  run40 対象 設備38% 金16% 討伐32% タップ14% → (a)OK ②改OK
  run41 対象 設備34% 金13% 討伐36% タップ18% → (a)OK ②改OK
  run42 対象 設備35% 金13% 討伐34% タップ19% → (a)OK ②改OK
  run43 対象 設備34% 金11% 討伐33% タップ21% → (a)OK ②改OK
  run44 対象 設備33% 金12% 討伐31% タップ23% → (a)OK ②改OK
  run45 対象 設備33% 金12% 討伐31% タップ24% → (a)OK ②改OK
  run46 対象 設備33% 金12% 討伐31% タップ23% → (a)OK ②改OK
㉘合計: 199/232周回
②(改・ジャンル一強禁止 得意ジャンルlift≤±1.5倍) 合計: 137/182周回
