=== ㉘稼ぎ口比率(24h・周回シェア=各tickシェアの周回平均) ===
balanced(S6 早回し転生型) 4つすべて≥10%: 17/31周回 合格
  run 0 対象 設備34% 金12% 討伐5% タップ49% → (a)NG ②改OK
  run 1 対象 設備38% 金21% 討伐5% タップ35% → (a)NG ②改OK
  run 2 対象 設備36% 金25% 討伐10% タップ30% → (a)NG ②改OK
  run 3 対象 設備34% 金40% 討伐6% タップ19% → (a)NG ②改OK
  run 4 対象 設備26% 金49% 討伐9% タップ16% → (a)NG ②改OK
  run 5 対象 設備32% 金43% 討伐11% タップ15% → (a)OK ②改OK
  run 6 対象 設備37% 金42% 討伐10% タップ11% → (a)OK ②改OK
  run 7 対象 設備32% 金40% 討伐11% タップ17% → (a)OK ②改OK
  run 8 対象 設備33% 金43% 討伐10% タップ14% → (a)NG ②改OK
  run 9 対象 設備29% 金47% 討伐9% タップ14% → (a)NG ②改OK
  run10 対象 設備32% 金44% 討伐10% タップ14% → (a)OK ②改OK
  run11 対象 設備32% 金45% 討伐10% タップ13% → (a)NG ②改OK
  run12 対象 設備35% 金39% 討伐11% タップ15% → (a)OK ②改OK
  run13 対象 設備30% 金38% 討伐12% タップ21% → (a)OK ②改OK
  run14 対象 設備31% 金30% 討伐14% タップ25% → (a)OK ②改OK
  run15 対象 設備31% 金28% 討伐15% タップ26% → (a)OK ②改OK
  run16 対象 設備32% 金28% 討伐15% タップ24% → (a)OK ②改OK
  run17 対象 設備30% 金33% 討伐14% タップ23% → (a)OK ②改OK
  run18 対象 設備30% 金34% 討伐15% タップ21% → (a)OK ②改OK
  run19 対象 設備25% 金43% 討伐16% タップ17% → (a)OK ②改OK
  run20 対象 設備26% 金39% 討伐18% タップ17% → (a)OK ②改OK
  run21 対象 設備25% 金36% 討伐24% タップ15% → (a)OK ②改OK
  run22 対象 設備23% 金35% 討伐29% タップ12% → (a)OK ②改OK
  run23 対象 設備23% 金34% 討伐31% タップ12% → (a)OK ②改OK
  run24 対象 設備21% 金36% 討伐33% タップ11% → (a)OK ②改OK
  run25 対象 設備17% 金32% 討伐43% タップ9% → (a)NG ②改OK
  run26 対象 設備16% 金32% 討伐44% タップ8% → (a)NG ②改OK
  run27 対象 設備11% 金37% 討伐46% タップ7% → (a)NG ②改OK
  run28 対象 設備9% 金39% 討伐45% タップ6% → (a)NG ②改OK
  run29 対象 設備9% 金36% 討伐49% タップ6% → (a)NG ②改OK
  run30 対象 設備7% 金38% 討伐50% タップ5% → (a)NG ②改OK
click(S2 クリック会心型) 主役=タップ≥30%: 14/26周回 合格
  run 0 対象 設備21% 金7% 討伐3% タップ68% → (a)OK ②改NG
  run 1 対象 設備26% 金19% 討伐4% タップ51% → (a)OK ②改OK
  run 2 対象 設備34% 金26% 討伐4% タップ36% → (a)OK ②改OK
  run 3 対象 設備29% 金37% 討伐3% タップ30% → (a)OK ②改OK
  run 4 対象 設備16% 金48% 討伐9% タップ27% → (a)NG ②改OK
  run 5 対象 設備22% 金38% 討伐11% タップ28% → (a)NG ②改OK
  run 6 対象 設備28% 金39% 討伐11% タップ23% → (a)NG ②改OK
  run 7 対象 設備26% 金26% 討伐13% タップ35% → (a)OK ②改OK
  run 8 対象 設備31% 金26% 討伐12% タップ31% → (a)OK ②改OK
  run 9 対象 設備25% 金34% 討伐11% タップ30% → (a)NG ②改OK
  run10 対象 設備27% 金32% 討伐12% タップ29% → (a)NG ②改OK
  run11 対象 設備31% 金29% 討伐12% タップ29% → (a)NG ②改OK
  run12 対象 設備30% 金29% 討伐12% タップ29% → (a)NG ②改OK
  run13 対象 設備23% 金24% 討伐13% タップ40% → (a)OK ②改OK
  run14 対象 設備24% 金22% 討伐14% タップ40% → (a)OK ②改OK
  run15 対象 設備31% 金17% 討伐14% タップ38% → (a)OK ②改OK
  run16 対象 設備30% 金18% 討伐14% タップ37% → (a)OK ②改OK
  run17 対象 設備30% 金21% 討伐14% タップ36% → (a)OK ②改OK
  run18 対象 設備30% 金21% 討伐14% タップ35% → (a)OK ②改OK
  run19 対象 設備29% 金23% 討伐14% タップ35% → (a)OK ②改OK
  run20 対象 設備30% 金21% 討伐14% タップ35% → (a)OK ②改OK
  run21 対象 設備30% 金36% 討伐14% タップ20% → (a)NG ②改OK
  run22 対象 設備34% 金22% 討伐19% タップ24% → (a)NG ②改OK
  run23 対象 設備33% 金23% 討伐20% タップ25% → (a)NG ②改OK
  run24 対象 設備30% 金23% 討伐23% タップ24% → (a)NG ②改OK
  run25 対象 設備22% 金35% 討伐25% タップ18% → (a)NG ②改OK
golden(S3 金クッキー特化型) 主役=金クッキー≥30%: 39/44周回 合格
  run 0 対象外 設備34% 金10% 討伐4% タップ52%
  run 1 対象外 設備35% 金30% 討伐4% タップ31%
  run 2 対象外 設備23% 金39% 討伐9% タップ29%
  run 3 対象 設備16% 金57% 討伐6% タップ20% → (a)OK ②改NG
  run 4 対象 設備13% 金57% 討伐9% タップ21% → (a)OK ②改NG
  run 5 対象 設備18% 金55% 討伐9% タップ18% → (a)OK ②改NG
  run 6 対象 設備60% 金22% 討伐0% タップ18% → (a)NG ②改OK
  run 7 対象 設備20% 金53% 討伐9% タップ18% → (a)OK ②改NG
  run 8 対象 設備17% 金61% 討伐8% タップ15% → (a)OK ②改NG
  run 9 対象 設備18% 金59% 討伐8% タップ14% → (a)OK ②改NG
  run10 対象 設備19% 金58% 討伐8% タップ14% → (a)OK ②改NG
  run11 対象 設備22% 金55% 討伐9% タップ14% → (a)OK ②改NG
  run12 対象 設備23% 金52% 討伐10% タップ15% → (a)OK ②改NG
  run13 対象 設備21% 金45% 討伐12% タップ22% → (a)OK ②改OK
  run14 対象 設備25% 金36% 討伐14% タップ25% → (a)OK ②改OK
  run15 対象 設備27% 金31% 討伐16% タップ26% → (a)OK ②改OK
  run16 対象 設備28% 金31% 討伐17% タップ24% → (a)OK ②改OK
  run17 対象 設備28% 金33% 討伐17% タップ23% → (a)OK ②改OK
  run18 対象 設備24% 金42% 討伐15% タップ20% → (a)OK ②改OK
  run19 対象 設備25% 金39% 討伐16% タップ20% → (a)OK ②改OK
  run20 対象 設備26% 金39% 討伐17% タップ19% → (a)OK ②改OK
  run21 対象 設備30% 金28% 討伐23% タップ19% → (a)NG ②改OK
  run22 対象 設備31% 金26% 討伐25% タップ18% → (a)NG ②改OK
  run23 対象 設備27% 金36% 討伐22% タップ15% → (a)OK ②改OK
  run24 対象 設備28% 金30% 討伐26% タップ16% → (a)NG ②改OK
  run25 対象 設備25% 金35% 討伐27% タップ13% → (a)OK ②改OK
  run26 対象 設備25% 金33% 討伐29% タップ13% → (a)OK ②改OK
  run27 対象 設備22% 金50% 討伐15% タップ12% → (a)OK ②改OK
  run28 対象 設備14% 金68% 討伐8% タップ10% → (a)OK ②改NG
  run29 対象 設備16% 金65% 討伐10% タップ10% → (a)OK ②改NG
  run30 対象 設備14% 金69% 討伐8% タップ9% → (a)OK ②改NG
  run31 対象 設備17% 金62% 討伐11% タップ10% → (a)OK ②改NG
  run32 対象 設備7% 金51% 討伐4% タップ38% → (a)OK ②改OK
  run33 対象 設備8% 金35% 討伐5% タップ52% → (a)OK ②改OK
  run34 対象 設備8% 金38% 討伐5% タップ50% → (a)OK ②改OK
  run35 対象 設備8% 金41% 討伐4% タップ47% → (a)OK ②改OK
  run36 対象 設備7% 金33% 討伐4% タップ55% → (a)OK ②改OK
  run37 対象 設備7% 金45% 討伐4% タップ44% → (a)OK ②改OK
  run38 対象 設備7% 金43% 討伐4% タップ47% → (a)OK ②改OK
  run39 対象 設備7% 金38% 討伐4% タップ51% → (a)OK ②改OK
  run40 対象 設備7% 金42% 討伐4% タップ47% → (a)OK ②改OK
  run41 対象 設備7% 金45% 討伐4% タップ45% → (a)OK ②改OK
  run42 対象 設備7% 金39% 討伐4% タップ49% → (a)OK ②改OK
  run43 対象 設備7% 金37% 討伐4% タップ53% → (a)OK ②改OK
  run44 対象 設備6% 金43% 討伐3% タップ47% → (a)OK ②改OK
  run45 対象 設備7% 金35% 討伐18% タップ40% → (a)OK ②改OK
  run46 対象 設備8% 金29% 討伐10% タップ53% → (a)NG ②改OK
hunt(S4 狩猟特化型) 主役=討伐由来≥30%: 6/30周回 合格
  run 0 対象外 設備34% 金14% 討伐3% タップ49%
  run 1 対象外 設備38% 金31% 討伐3% タップ29%
  run 2 対象外 設備9% 金29% 討伐32% タップ30%
  run 3 対象外 設備32% 金52% 討伐4% タップ13%
  run 4 対象 設備7% 金47% 討伐31% タップ14% → (a)OK ②改OK
  run 5 対象 設備21% 金33% 討伐35% タップ11% → (a)OK ②改OK
  run 6 対象 設備44% 金39% 討伐5% タップ11% → (a)NG ②改OK
  run 7 対象 設備12% 金41% 討伐34% タップ13% → (a)OK ②改OK
  run 8 対象 設備12% 金43% 討伐36% タップ10% → (a)OK ②改OK
  run 9 対象 設備16% 金47% 討伐25% タップ12% → (a)NG ②改OK
  run10 対象 設備12% 金49% 討伐28% タップ11% → (a)NG ②改OK
  run11 対象 設備61% 金7% 討伐0% タップ32% → (a)NG ②改OK
  run12 対象 設備68% 金16% 討伐1% タップ15% → (a)NG ②改OK
  run13 対象 設備58% 金18% 討伐4% タップ20% → (a)NG ②改OK
  run14 対象 設備47% 金25% 討伐8% タップ20% → (a)NG ②改OK
  run15 対象 設備49% 金21% 討伐11% タップ18% → (a)NG ②改OK
  run16 対象 設備58% 金9% 討伐12% タップ21% → (a)NG ②改OK
  run17 対象 設備52% 金23% 討伐10% タップ16% → (a)NG ②改OK
  run18 対象 設備51% 金16% 討伐16% タップ17% → (a)NG ②改OK
  run19 対象 設備48% 金32% 討伐6% タップ14% → (a)NG ②改OK
  run20 対象 設備53% 金12% 討伐17% タップ18% → (a)NG ②改OK
  run21 対象 設備27% 金48% 討伐15% タップ10% → (a)NG ②改OK
  run22 対象 設備21% 金50% 討伐19% タップ9% → (a)NG ②改OK
  run23 対象 設備19% 金48% 討伐25% タップ8% → (a)NG ②改OK
  run24 対象 設備20% 金48% 討伐25% タップ8% → (a)NG ②改OK
  run25 対象 設備15% 金49% 討伐29% タップ7% → (a)NG ②改OK
  run26 対象 設備14% 金50% 討伐29% タップ7% → (a)NG ②改OK
  run27 対象 設備24% 金34% 討伐33% タップ10% → (a)OK ②改OK
  run28 対象 設備19% 金39% 討伐34% タップ8% → (a)OK ②改OK
  run29 対象 設備22% 金41% 討伐28% タップ9% → (a)NG ②改OK
  run30 対象 設備21% 金42% 討伐28% タップ9% → (a)NG ②改OK
  run31 対象 設備20% 金48% 討伐24% タップ8% → (a)NG ②改OK
  run32 対象 設備18% 金54% 討伐21% タップ8% → (a)NG ②改OK
  run33 対象 設備3% 金68% 討伐13% タップ16% → (a)NG ②改OK
bake(S1 バランス効率型) 主役=設備生産≥30%: 26/30周回 合格
  run 0 対象 設備34% 金12% 討伐4% タップ50% → (a)OK ②改OK
  run 1 対象 設備42% 金22% 討伐4% タップ33% → (a)OK ②改OK
  run 2 対象 設備35% 金28% 討伐9% タップ28% → (a)OK ②改OK
  run 3 対象 設備35% 金41% 討伐5% タップ18% → (a)OK ②改OK
  run 4 対象 設備22% 金49% 討伐10% タップ19% → (a)NG ②改OK
  run 5 対象 設備39% 金35% 討伐9% タップ17% → (a)OK ②改OK
  run 6 対象 設備73% 金12% 討伐0% タップ15% → (a)OK ②改NG
  run 7 対象 設備44% 金26% 討伐10% タップ20% → (a)OK ②改OK
  run 8 対象 設備45% 金31% 討伐8% タップ15% → (a)OK ②改OK
  run 9 対象 設備44% 金32% 討伐8% タップ15% → (a)OK ②改OK
  run10 対象 設備47% 金28% 討伐9% タップ16% → (a)OK ②改OK
  run11 対象 設備53% 金27% 討伐6% タップ13% → (a)OK ②改NG
  run12 対象 設備58% 金24% 討伐5% タップ13% → (a)OK ②改NG
  run13 対象 設備62% 金18% 討伐4% タップ16% → (a)OK ②改NG
  run14 対象 設備59% 金18% 討伐5% タップ18% → (a)OK ②改NG
  run15 対象 設備61% 金17% 討伐6% タップ16% → (a)OK ②改NG
  run16 対象 設備65% 金14% 討伐6% タップ16% → (a)OK ②改NG
  run17 対象 設備66% 金13% 討伐6% タップ15% → (a)OK ②改NG
  run18 対象 設備62% 金19% 討伐6% タップ13% → (a)OK ②改NG
  run19 対象 設備61% 金20% 討伐6% タップ13% → (a)OK ②改NG
  run20 対象 設備63% 金18% 討伐7% タップ12% → (a)OK ②改NG
  run21 対象 設備52% 金23% 討伐13% タップ11% → (a)OK ②改NG
  run22 対象 設備37% 金43% 討伐12% タップ8% → (a)OK ②改OK
  run23 対象 設備47% 金29% 討伐15% タップ8% → (a)OK ②改OK
  run24 対象 設備43% 金31% 討伐19% タップ7% → (a)OK ②改OK
  run25 対象 設備23% 金49% 討伐24% タップ5% → (a)NG ②改OK
  run26 対象 設備31% 金40% 討伐23% タップ6% → (a)OK ②改OK
  run27 対象 設備20% 金53% 討伐22% タップ5% → (a)NG ②改OK
  run28 対象 設備33% 金50% 討伐11% タップ6% → (a)OK ②改OK
  run29 対象 設備17% 金60% 討伐18% タップ4% → (a)NG ②改OK
㉘合計: 102/161周回
②(改・ジャンル一強禁止 得意ジャンルlift≤±1.5倍) 合計: 104/130周回
