=== ㉘稼ぎ口比率(100h・周回シェア=各tickシェアの周回平均) ===
balanced(S6 早回し転生型) 4つすべて≥10%: 9/48周回 合格
  run 0 対象 設備41% 金13% 討伐6% タップ40% → (a)NG ②改OK
  run 1 対象 設備47% 金24% 討伐5% タップ25% → (a)NG ②改OK
  run 2 対象 設備43% 金34% 討伐6% タップ18% → (a)NG ②改OK
  run 3 対象 設備36% 金47% 討伐4% タップ14% → (a)NG ②改OK
  run 4 対象 設備23% 金58% 討伐8% タップ12% → (a)NG ②改OK
  run 5 対象 設備32% 金48% 討伐9% タップ11% → (a)NG ②改OK
  run 6 対象 設備37% 金45% 討伐9% タップ9% → (a)NG ②改OK
  run 7 対象 設備34% 金45% 討伐9% タップ13% → (a)NG ②改OK
  run 8 対象 設備35% 金45% 討伐9% タップ11% → (a)NG ②改OK
  run 9 対象 設備33% 金48% 討伐8% タップ11% → (a)NG ②改OK
  run10 対象 設備35% 金45% 討伐9% タップ12% → (a)NG ②改OK
  run11 対象 設備36% 金45% 討伐9% タップ11% → (a)NG ②改OK
  run12 対象 設備36% 金43% 討伐9% タップ12% → (a)NG ②改OK
  run13 対象 設備34% 金39% 討伐10% タップ17% → (a)NG ②改OK
  run14 対象 設備35% 金34% 討伐12% タップ19% → (a)OK ②改OK
  run15 対象 設備35% 金33% 討伐12% タップ21% → (a)OK ②改OK
  run16 対象 設備37% 金31% 討伐12% タップ20% → (a)OK ②改OK
  run17 対象 設備35% 金36% 討伐11% タップ18% → (a)OK ②改OK
  run18 対象 設備35% 金36% 討伐12% タップ18% → (a)OK ②改OK
  run19 対象 設備31% 金42% 討伐13% タップ14% → (a)OK ②改OK
  run20 対象 設備32% 金40% 討伐14% タップ13% → (a)OK ②改OK
  run21 対象 設備30% 金39% 討伐19% タップ12% → (a)OK ②改OK
  run22 対象 設備30% 金32% 討伐28% タップ10% → (a)OK ②改OK
  run23 対象 設備27% 金34% 討伐30% タップ9% → (a)NG ②改OK
  run24 対象 設備27% 金32% 討伐33% タップ9% → (a)NG ②改OK
  run25 対象 設備14% 金39% 討伐40% タップ6% → (a)NG ②改OK
  run26 対象 設備19% 金29% 討伐46% タップ6% → (a)NG ②改OK
  run27 対象 設備13% 金35% 討伐47% タップ5% → (a)NG ②改OK
  run28 対象 設備9% 金41% 討伐45% タップ5% → (a)NG ②改OK
  run29 対象 設備13% 金43% 討伐38% タップ6% → (a)NG ②改OK
  run30 対象 設備15% 金48% 討伐30% タップ7% → (a)NG ②改OK
  run31 対象 設備13% 金54% 討伐28% タップ5% → (a)NG ②改OK
  run32 対象 設備11% 金44% 討伐38% タップ6% → (a)NG ②改OK
  run33 対象 設備7% 金32% 討伐40% タップ21% → (a)NG ②改OK
  run34 対象 設備7% 金30% 討伐41% タップ23% → (a)NG ②改OK
  run35 対象 設備7% 金28% 討伐42% タップ23% → (a)NG ②改OK
  run36 対象 設備6% 金28% 討伐46% タップ20% → (a)NG ②改OK
  run37 対象 設備6% 金28% 討伐43% タップ23% → (a)NG ②改OK
  run38 対象 設備7% 金25% 討伐43% タップ26% → (a)NG ②改OK
  run39 対象 設備7% 金31% 討伐42% タップ20% → (a)NG ②改OK
  run40 対象 設備7% 金27% 討伐33% タップ34% → (a)NG ②改OK
  run41 対象 設備6% 金25% 討伐45% タップ24% → (a)NG ②改OK
  run42 対象 設備7% 金20% 討伐44% タップ29% → (a)NG ②改OK
  run43 対象 設備6% 金22% 討伐47% タップ25% → (a)NG ②改OK
  run44 対象 設備6% 金22% 討伐46% タップ27% → (a)NG ②改OK
  run45 対象 設備6% 金21% 討伐49% タップ24% → (a)NG ②改OK
  run46 対象 設備7% 金19% 討伐45% タップ29% → (a)NG ②改OK
  run47 対象 設備7% 金19% 討伐43% タップ31% → (a)NG ②改OK
click(S2 クリック会心型) 主役=タップ≥30%: 21/48周回 合格
  run 0 対象 設備26% 金9% 討伐4% タップ62% → (a)OK ②改NG
  run 1 対象 設備31% 金21% 討伐4% タップ44% → (a)OK ②改OK
  run 2 対象 設備35% 金29% 討伐4% タップ33% → (a)OK ②改OK
  run 3 対象 設備30% 金39% 討伐3% タップ28% → (a)NG ②改OK
  run 4 対象 設備23% 金50% 討伐5% タップ23% → (a)NG ②改OK
  run 5 対象 設備25% 金41% 討伐11% タップ23% → (a)NG ②改OK
  run 6 対象 設備33% 金38% 討伐10% タップ19% → (a)NG ②改OK
  run 7 対象 設備32% 金27% 討伐12% タップ29% → (a)NG ②改OK
  run 8 対象 設備34% 金29% 討伐11% タップ26% → (a)NG ②改OK
  run 9 対象 設備32% 金31% 討伐11% タップ26% → (a)NG ②改OK
  run10 対象 設備32% 金34% 討伐10% タップ24% → (a)NG ②改OK
  run11 対象 設備35% 金33% 討伐10% タップ23% → (a)NG ②改OK
  run12 対象 設備33% 金34% 討伐10% タップ23% → (a)NG ②改OK
  run13 対象 設備33% 金26% 討伐11% タップ30% → (a)NG ②改OK
  run14 対象 設備33% 金23% 討伐12% タップ31% → (a)OK ②改OK
  run15 対象 設備34% 金22% 討伐12% タップ32% → (a)OK ②改OK
  run16 対象 設備36% 金22% 討伐12% タップ30% → (a)OK ②改OK
  run17 対象 設備35% 金25% 討伐12% タップ28% → (a)NG ②改OK
  run18 対象 設備34% 金26% 討伐12% タップ29% → (a)NG ②改OK
  run19 対象 設備34% 金28% 討伐11% タップ26% → (a)NG ②改OK
  run20 対象 設備35% 金28% 討伐11% タップ26% → (a)NG ②改OK
  run21 対象 設備40% 金27% 討伐15% タップ18% → (a)NG ②改OK
  run22 対象 設備40% 金26% 討伐17% タップ17% → (a)NG ②改OK
  run23 対象 設備38% 金25% 討伐20% タップ16% → (a)NG ②改OK
  run24 対象 設備37% 金25% 討伐21% タップ17% → (a)NG ②改OK
  run25 対象 設備30% 金25% 討伐31% タップ13% → (a)NG ②改OK
  run26 対象 設備24% 金34% 討伐30% タップ12% → (a)NG ②改OK
  run27 対象 設備26% 金25% 討伐36% タップ13% → (a)NG ②改OK
  run28 対象 設備28% 金28% 討伐28% タップ15% → (a)NG ②改OK
  run29 対象 設備23% 金26% 討伐39% タップ13% → (a)NG ②改OK
  run30 対象 設備22% 金26% 討伐40% タップ12% → (a)NG ②改OK
  run31 対象 設備22% 金23% 討伐39% タップ16% → (a)NG ②改OK
  run32 対象 設備17% 金28% 討伐48% タップ8% → (a)NG ②改OK
  run33 対象 設備9% 金17% 討伐28% タップ46% → (a)OK ②改OK
  run34 対象 設備8% 金11% 討伐11% タップ70% → (a)OK ②改NG
  run35 対象 設備7% 金18% 討伐22% タップ53% → (a)OK ②改NG
  run36 対象 設備8% 金12% 討伐17% タップ64% → (a)OK ②改NG
  run37 対象 設備8% 金11% 討伐21% タップ60% → (a)OK ②改NG
  run38 対象 設備7% 金12% 討伐23% タップ57% → (a)OK ②改NG
  run39 対象 設備7% 金11% 討伐23% タップ58% → (a)OK ②改NG
  run40 対象 設備7% 金14% 討伐27% タップ51% → (a)OK ②改OK
  run41 対象 設備6% 金19% 討伐21% タップ53% → (a)OK ②改NG
  run42 対象 設備7% 金13% 討伐28% タップ52% → (a)OK ②改NG
  run43 対象 設備7% 金12% 討伐23% タップ58% → (a)OK ②改NG
  run44 対象 設備7% 金9% 討伐19% タップ64% → (a)OK ②改NG
  run45 対象 設備7% 金11% 討伐21% タップ62% → (a)OK ②改NG
  run46 対象 設備6% 金16% 討伐20% タップ58% → (a)OK ②改NG
  run47 対象 設備7% 金8% 討伐20% タップ65% → (a)OK ②改NG
golden(S3 金クッキー特化型) 主役=金クッキー≥30%: 41/44周回 合格
  run 0 対象外 設備43% 金13% 討伐5% タップ40%
  run 1 対象外 設備50% 金29% 討伐3% タップ18%
  run 2 対象外 設備24% 金57% 討伐5% タップ14%
  run 3 対象 設備30% 金56% 討伐3% タップ11% → (a)OK ②改NG
  run 4 対象 設備12% 金66% 討伐8% タップ14% → (a)OK ②改NG
  run 5 対象 設備16% 金64% 討伐8% タップ13% → (a)OK ②改NG
  run 6 対象 設備65% 金20% 討伐0% タップ15% → (a)NG ②改OK
  run 7 対象 設備20% 金58% 討伐9% タップ13% → (a)OK ②改NG
  run 8 対象 設備58% 金21% 討伐0% タップ21% → (a)NG ②改OK
  run 9 対象 設備19% 金63% 討伐8% タップ11% → (a)OK ②改NG
  run10 対象 設備21% 金60% 討伐9% タップ10% → (a)OK ②改NG
  run11 対象 設備23% 金58% 討伐9% タップ11% → (a)OK ②改NG
  run12 対象 設備23% 金56% 討伐10% タップ11% → (a)OK ②改NG
  run13 対象 設備24% 金42% 討伐13% タップ20% → (a)OK ②改OK
  run14 対象 設備25% 金38% 討伐14% タップ22% → (a)OK ②改OK
  run15 対象 設備26% 金36% 討伐15% タップ23% → (a)OK ②改OK
  run16 対象 設備29% 金33% 討伐16% タップ21% → (a)OK ②改OK
  run17 対象 設備28% 金35% 討伐16% タップ21% → (a)OK ②改OK
  run18 対象 設備27% 金39% 討伐15% タップ19% → (a)OK ②改OK
  run19 対象 設備26% 金41% 討伐15% タップ18% → (a)OK ②改OK
  run20 対象 設備27% 金41% 討伐16% タップ16% → (a)OK ②改OK
  run21 対象 設備33% 金30% 討伐21% タップ16% → (a)OK ②改OK
  run22 対象 設備35% 金31% 討伐20% タップ14% → (a)OK ②改OK
  run23 対象 設備36% 金29% 討伐22% タップ13% → (a)NG ②改OK
  run24 対象 設備34% 金31% 討伐23% タップ12% → (a)OK ②改OK
  run25 対象 設備30% 金34% 討伐25% タップ10% → (a)OK ②改OK
  run26 対象 設備31% 金32% 討伐27% タップ10% → (a)OK ②改OK
  run27 対象 設備23% 金58% 討伐9% タップ10% → (a)OK ②改NG
  run28 対象 設備21% 金62% 討伐8% タップ9% → (a)OK ②改NG
  run29 対象 設備18% 金66% 討伐7% タップ8% → (a)OK ②改NG
  run30 対象 設備18% 金67% 討伐7% タップ8% → (a)OK ②改NG
  run31 対象 設備20% 金64% 討伐8% タップ8% → (a)OK ②改NG
  run32 対象 設備18% 金65% 討伐7% タップ9% → (a)OK ②改NG
  run33 対象 設備11% 金41% 討伐4% タップ44% → (a)OK ②改OK
  run34 対象 設備10% 金51% 討伐4% タップ36% → (a)OK ②改OK
  run35 対象 設備10% 金42% 討伐4% タップ45% → (a)OK ②改OK
  run36 対象 設備10% 金49% 討伐4% タップ37% → (a)OK ②改OK
  run37 対象 設備10% 金40% 討伐4% タップ46% → (a)OK ②改OK
  run38 対象 設備10% 金44% 討伐4% タップ42% → (a)OK ②改OK
  run39 対象 設備9% 金44% 討伐4% タップ43% → (a)OK ②改OK
  run40 対象 設備9% 金44% 討伐3% タップ43% → (a)OK ②改OK
  run41 対象 設備9% 金48% 討伐3% タップ39% → (a)OK ②改OK
  run42 対象 設備10% 金40% 討伐3% タップ47% → (a)OK ②改OK
  run43 対象 設備9% 金48% 討伐3% タップ40% → (a)OK ②改OK
  run44 対象 設備9% 金43% 討伐3% タップ44% → (a)OK ②改OK
  run45 対象 設備9% 金36% 討伐18% タップ37% → (a)OK ②改OK
  run46 対象 設備9% 金30% 討伐16% タップ44% → (a)OK ②改OK
hunt(S4 狩猟特化型) 主役=討伐由来≥30%: 27/43周回 合格
  run 0 対象外 設備44% 金17% 討伐3% タップ36%
  run 1 対象外 設備43% 金35% 討伐2% タップ19%
  run 2 対象外 設備5% 金39% 討伐35% タップ20%
  run 3 対象外 設備5% 金50% 討伐34% タップ11%
  run 4 対象 設備5% 金54% 討伐31% タップ9% → (a)OK ②改OK
  run 5 対象 設備41% 金42% 討伐3% タップ14% → (a)NG ②改OK
  run 6 対象 設備49% 金38% 討伐7% タップ6% → (a)NG ②改OK
  run 7 対象 設備9% 金48% 討伐35% タップ8% → (a)OK ②改OK
  run 8 対象 設備12% 金43% 討伐39% タップ6% → (a)OK ②改OK
  run 9 対象 設備8% 金59% 討伐27% タップ6% → (a)NG ②改OK
  run10 対象 設備11% 金53% 討伐30% タップ6% → (a)OK ②改OK
  run11 対象 設備12% 金56% 討伐28% タップ5% → (a)NG ②改OK
  run12 対象 設備13% 金55% 討伐27% タップ5% → (a)NG ②改OK
  run13 対象 設備11% 金57% 討伐27% タップ5% → (a)NG ②改OK
  run14 対象 設備8% 金61% 討伐26% タップ5% → (a)NG ②改OK
  run15 対象 設備12% 金51% 討伐30% タップ7% → (a)NG ②改OK
  run16 対象 設備41% 金9% 討伐35% タップ15% → (a)OK ②改OK
  run17 対象 設備9% 金63% 討伐23% タップ5% → (a)NG ②改OK
  run18 対象 設備13% 金58% 討伐24% タップ6% → (a)NG ②改OK
  run19 対象 設備12% 金58% 討伐23% タップ6% → (a)NG ②改OK
  run20 対象 設備31% 金33% 討伐25% タップ11% → (a)NG ②改OK
  run21 対象 設備8% 金60% 討伐26% タップ6% → (a)NG ②改OK
  run22 対象 設備17% 金49% 討伐28% タップ6% → (a)NG ②改OK
  run23 対象 設備13% 金49% 討伐33% タップ5% → (a)OK ②改OK
  run24 対象 設備14% 金47% 討伐33% タップ5% → (a)OK ②改OK
  run25 対象 設備12% 金43% 討伐40% タップ5% → (a)OK ②改OK
  run26 対象 設備12% 金40% 討伐45% タップ4% → (a)OK ②改OK
  run27 対象 設備34% 金27% 討伐32% タップ7% → (a)OK ②改OK
  run28 対象 設備13% 金31% 討伐52% タップ4% → (a)OK ②改NG
  run29 対象 設備23% 金26% 討伐45% タップ5% → (a)OK ②改OK
  run30 対象 設備21% 金24% 討伐49% タップ5% → (a)OK ②改OK
  run31 対象 設備21% 金24% 討伐50% タップ5% → (a)OK ②改OK
  run32 対象 設備23% 金25% 討伐47% タップ6% → (a)OK ②改OK
  run33 対象 設備3% 金25% 討伐64% タップ8% → (a)OK ②改NG
  run34 対象 設備6% 金22% 討伐38% タップ33% → (a)OK ②改OK
  run35 対象 設備4% 金21% 討伐56% タップ19% → (a)OK ②改NG
  run36 対象 設備6% 金21% 討伐34% タップ39% → (a)OK ②改OK
  run37 対象 設備5% 金21% 討伐62% タップ13% → (a)OK ②改NG
  run38 対象 設備4% 金17% 討伐65% タップ14% → (a)OK ②改NG
  run39 対象 設備7% 金14% 討伐33% タップ46% → (a)OK ②改OK
  run40 対象 設備6% 金21% 討伐35% タップ38% → (a)OK ②改OK
  run41 対象 設備5% 金15% 討伐66% タップ15% → (a)OK ②改NG
  run42 対象 設備6% 金14% 討伐50% タップ31% → (a)OK ②改OK
  run43 対象 設備6% 金13% 討伐40% タップ41% → (a)OK ②改OK
  run44 対象 設備7% 金23% 討伐21% タップ48% → (a)NG ②改OK
  run45 対象 設備6% 金13% 討伐58% タップ24% → (a)OK ②改NG
  run46 対象 設備13% 金44% 討伐16% タップ27% → (a)NG ②改OK
bake(S1 バランス効率型) 主役=設備生産≥30%: 27/47周回 合格
  run 0 対象 設備39% 金13% 討伐5% タップ43% → (a)OK ②改OK
  run 1 対象 設備50% 金23% 討伐3% タップ23% → (a)OK ②改OK
  run 2 対象 設備49% 金31% 討伐4% タップ16% → (a)OK ②改OK
  run 3 対象 設備42% 金42% 討伐3% タップ12% → (a)OK ②改OK
  run 4 対象 設備23% 金55% 討伐8% タップ13% → (a)NG ②改OK
  run 5 対象 設備42% 金37% 討伐8% タップ13% → (a)OK ②改OK
  run 6 対象 設備78% 金11% 討伐0% タップ11% → (a)OK ②改NG
  run 7 対象 設備51% 金27% 討伐8% タップ14% → (a)OK ②改OK
  run 8 対象 設備52% 金30% 討伐7% タップ11% → (a)OK ②改NG
  run 9 対象 設備52% 金31% 討伐6% タップ11% → (a)OK ②改NG
  run10 対象 設備53% 金30% 討伐7% タップ10% → (a)OK ②改NG
  run11 対象 設備59% 金25% 討伐6% タップ9% → (a)OK ②改NG
  run12 対象 設備58% 金25% 討伐7% タップ10% → (a)OK ②改NG
  run13 対象 設備58% 金22% 討伐7% タップ13% → (a)OK ②改NG
  run14 対象 設備54% 金22% 討伐8% タップ15% → (a)OK ②改NG
  run15 対象 設備58% 金21% 討伐8% タップ13% → (a)OK ②改NG
  run16 対象 設備63% 金17% 討伐8% タップ12% → (a)OK ②改NG
  run17 対象 設備62% 金18% 討伐8% タップ12% → (a)OK ②改NG
  run18 対象 設備58% 金23% 討伐7% タップ11% → (a)OK ②改NG
  run19 対象 設備61% 金20% 討伐8% タップ11% → (a)OK ②改NG
  run20 対象 設備63% 金21% 討伐7% タップ9% → (a)OK ②改NG
  run21 対象 設備42% 金39% 討伐11% タップ8% → (a)OK ②改OK
  run22 対象 設備59% 金20% 討伐14% タップ7% → (a)OK ②改NG
  run23 対象 設備54% 金21% 討伐18% タップ6% → (a)OK ②改NG
  run24 対象 設備42% 金32% 討伐20% タップ5% → (a)OK ②改OK
  run25 対象 設備42% 金20% 討伐33% タップ5% → (a)OK ②改OK
  run26 対象 設備31% 金29% 討伐36% タップ4% → (a)OK ②改OK
  run27 対象 設備32% 金33% 討伐28% タップ7% → (a)OK ②改OK
  run28 対象 設備21% 金36% 討伐38% タップ4% → (a)NG ②改OK
  run29 対象 設備26% 金39% 討伐29% タップ6% → (a)NG ②改OK
  run30 対象 設備28% 金35% 討伐33% タップ4% → (a)NG ②改OK
  run31 対象 設備26% 金35% 討伐32% タップ6% → (a)NG ②改OK
  run32 対象 設備18% 金31% 討伐47% タップ4% → (a)NG ②改OK
  run33 対象 設備14% 金33% 討伐37% タップ16% → (a)NG ②改OK
  run34 対象 設備14% 金26% 討伐40% タップ20% → (a)NG ②改OK
  run35 対象 設備15% 金25% 討伐42% タップ19% → (a)NG ②改OK
  run36 対象 設備17% 金22% 討伐32% タップ29% → (a)NG ②改OK
  run37 対象 設備13% 金26% 討伐44% タップ17% → (a)NG ②改OK
  run38 対象 設備13% 金25% 討伐41% タップ21% → (a)NG ②改OK
  run39 対象 設備13% 金23% 討伐44% タップ20% → (a)NG ②改OK
  run40 対象 設備13% 金23% 討伐44% タップ21% → (a)NG ②改OK
  run41 対象 設備14% 金20% 討伐45% タップ22% → (a)NG ②改OK
  run42 対象 設備12% 金23% 討伐44% タップ21% → (a)NG ②改OK
  run43 対象 設備16% 金16% 討伐39% タップ29% → (a)NG ②改OK
  run44 対象 設備16% 金16% 討伐40% タップ28% → (a)NG ②改OK
  run45 対象 設備16% 金15% 討伐39% タップ29% → (a)NG ②改OK
  run46 対象 設備16% 金14% 討伐39% タップ30% → (a)NG ②改OK
㉘合計: 125/230周回
②(改・ジャンル一強禁止 得意ジャンルlift≤±1.5倍) 合計: 131/182周回
