=== ㉘稼ぎ口比率(100h・周回シェア=各tickシェアの周回平均) ===
balanced(S6 早回し転生型) 4つすべて≥10%: 43/48周回 合格
  run 0 対象 設備38% 金13% 討伐12% タップ38% → (a)OK ②改OK
  run 1 対象 設備45% 金22% 討伐10% タップ23% → (a)OK ②改OK
  run 2 対象 設備44% 金28% 討伐11% タップ17% → (a)OK ②改OK
  run 3 対象 設備37% 金42% 討伐8% タップ13% → (a)NG ②改OK
  run 4 対象 設備29% 金51% 討伐10% タップ9% → (a)NG ②改OK
  run 5 対象 設備33% 金43% 討伐14% タップ9% → (a)NG ②改OK
  run 6 対象 設備34% 金45% 討伐14% タップ7% → (a)NG ②改OK
  run 7 対象 設備35% 金40% 討伐15% タップ11% → (a)OK ②改OK
  run 8 対象 設備33% 金43% 討伐14% タップ10% → (a)NG ②改OK
  run 9 対象 設備33% 金43% 討伐13% タップ10% → (a)OK ②改OK
  run10 対象 設備36% 金39% 討伐14% タップ11% → (a)OK ②改OK
  run11 対象 設備37% 金38% 討伐14% タップ11% → (a)OK ②改OK
  run12 対象 設備38% 金36% 討伐15% タップ11% → (a)OK ②改OK
  run13 対象 設備37% 金30% 討伐17% タップ17% → (a)OK ②改OK
  run14 対象 設備38% 金27% 討伐18% タップ17% → (a)OK ②改OK
  run15 対象 設備39% 金21% 討伐20% タップ20% → (a)OK ②改OK
  run16 対象 設備39% 金22% 討伐20% タップ20% → (a)OK ②改OK
  run17 対象 設備38% 金26% 討伐19% タップ18% → (a)OK ②改OK
  run18 対象 設備38% 金27% 討伐19% タップ17% → (a)OK ②改OK
  run19 対象 設備34% 金30% 討伐21% タップ15% → (a)OK ②改OK
  run20 対象 設備35% 金29% 討伐22% タップ14% → (a)OK ②改OK
  run21 対象 設備33% 金26% 討伐27% タップ14% → (a)OK ②改OK
  run22 対象 設備31% 金24% 討伐31% タップ14% → (a)OK ②改OK
  run23 対象 設備26% 金30% 討伐30% タップ14% → (a)OK ②改OK
  run24 対象 設備28% 金23% 討伐36% タップ12% → (a)OK ②改OK
  run25 対象 設備24% 金25% 討伐38% タップ13% → (a)OK ②改OK
  run26 対象 設備24% 金23% 討伐40% タップ13% → (a)OK ②改OK
  run27 対象 設備22% 金24% 討伐40% タップ14% → (a)OK ②改OK
  run28 対象 設備19% 金36% 討伐31% タップ14% → (a)OK ②改OK
  run29 対象 設備19% 金34% 討伐33% タップ15% → (a)OK ②改OK
  run30 対象 設備20% 金40% 討伐26% タップ14% → (a)OK ②改OK
  run31 対象 設備25% 金42% 討伐16% タップ18% → (a)OK ②改OK
  run32 対象 設備18% 金31% 討伐33% タップ17% → (a)OK ②改OK
  run33 対象 設備19% 金33% 討伐27% タップ21% → (a)OK ②改OK
  run34 対象 設備18% 金33% 討伐30% タップ20% → (a)OK ②改OK
  run35 対象 設備18% 金27% 討伐31% タップ24% → (a)OK ②改OK
  run36 対象 設備19% 金26% 討伐26% タップ29% → (a)OK ②改OK
  run37 対象 設備18% 金25% 討伐31% タップ26% → (a)OK ②改OK
  run38 対象 設備17% 金25% 討伐32% タップ25% → (a)OK ②改OK
  run39 対象 設備18% 金29% 討伐30% タップ22% → (a)OK ②改OK
  run40 対象 設備18% 金26% 討伐29% タップ28% → (a)OK ②改OK
  run41 対象 設備17% 金25% 討伐31% タップ27% → (a)OK ②改OK
  run42 対象 設備16% 金20% 討伐35% タップ30% → (a)OK ②改OK
  run43 対象 設備16% 金22% 討伐34% タップ27% → (a)OK ②改OK
  run44 対象 設備16% 金22% 討伐33% タップ29% → (a)OK ②改OK
  run45 対象 設備17% 金22% 討伐33% タップ28% → (a)OK ②改OK
  run46 対象 設備16% 金19% 討伐35% タップ30% → (a)OK ②改OK
  run47 対象 設備16% 金19% 討伐33% タップ32% → (a)OK ②改OK
click(S2 クリック会心型) 主役=タップ≥30%: 37/48周回 合格
  run 0 対象 設備25% 金8% 討伐7% タップ59% → (a)OK ②改NG
  run 1 対象 設備31% 金20% 討伐7% タップ42% → (a)OK ②改OK
  run 2 対象 設備40% 金25% 討伐6% タップ29% → (a)NG ②改OK
  run 3 対象 設備30% 金38% 討伐6% タップ26% → (a)NG ②改OK
  run 4 対象 設備29% 金42% 討伐9% タップ20% → (a)NG ②改OK
  run 5 対象 設備33% 金33% 討伐16% タップ18% → (a)NG ②改OK
  run 6 対象 設備37% 金31% 討伐15% タップ16% → (a)NG ②改OK
  run 7 対象 設備41% 金21% 討伐17% タップ22% → (a)NG ②改OK
  run 8 対象 設備41% 金22% 討伐16% タップ21% → (a)NG ②改OK
  run 9 対象 設備42% 金19% 討伐16% タップ22% → (a)NG ②改OK
  run10 対象 設備43% 金18% 討伐16% タップ24% → (a)NG ②改OK
  run11 対象 設備42% 金21% 討伐14% タップ23% → (a)NG ②改OK
  run12 対象 設備42% 金20% 討伐15% タップ24% → (a)NG ②改OK
  run13 対象 設備39% 金12% 討伐16% タップ33% → (a)OK ②改OK
  run14 対象 設備42% 金10% 討伐16% タップ33% → (a)OK ②改OK
  run15 対象 設備43% 金11% 討伐14% タップ32% → (a)OK ②改OK
  run16 対象 設備44% 金10% 討伐14% タップ32% → (a)OK ②改OK
  run17 対象 設備45% 金10% 討伐14% タップ31% → (a)OK ②改OK
  run18 対象 設備44% 金12% 討伐14% タップ31% → (a)OK ②改OK
  run19 対象 設備45% 金10% 討伐14% タップ32% → (a)OK ②改OK
  run20 対象 設備43% 金10% 討伐13% タップ33% → (a)OK ②改OK
  run21 対象 設備44% 金10% 討伐14% タップ31% → (a)OK ②改OK
  run22 対象 設備41% 金10% 討伐16% タップ33% → (a)OK ②改OK
  run23 対象 設備38% 金10% 討伐17% タップ35% → (a)OK ②改OK
  run24 対象 設備38% 金9% 討伐17% タップ36% → (a)OK ②改OK
  run25 対象 設備26% 金11% 討伐14% タップ49% → (a)OK ②改OK
  run26 対象 設備29% 金9% 討伐16% タップ46% → (a)OK ②改OK
  run27 対象 設備26% 金10% 討伐15% タップ48% → (a)OK ②改OK
  run28 対象 設備32% 金7% 討伐16% タップ44% → (a)OK ②改OK
  run29 対象 設備20% 金10% 討伐18% タップ52% → (a)OK ②改NG
  run30 対象 設備21% 金9% 討伐18% タップ52% → (a)OK ②改NG
  run31 対象 設備25% 金8% 討伐15% タップ52% → (a)OK ②改NG
  run32 対象 設備19% 金11% 討伐17% タップ54% → (a)OK ②改NG
  run33 対象 設備12% 金11% 討伐17% タップ59% → (a)OK ②改NG
  run34 対象 設備14% 金19% 討伐19% タップ48% → (a)OK ②改OK
  run35 対象 設備11% 金11% 討伐17% タップ62% → (a)OK ②改NG
  run36 対象 設備10% 金12% 討伐15% タップ62% → (a)OK ②改NG
  run37 対象 設備11% 金15% 討伐13% タップ60% → (a)OK ②改NG
  run38 対象 設備9% 金10% 討伐12% タップ69% → (a)OK ②改NG
  run39 対象 設備9% 金10% 討伐12% タップ69% → (a)OK ②改NG
  run40 対象 設備10% 金10% 討伐13% タップ67% → (a)OK ②改NG
  run41 対象 設備9% 金9% 討伐12% タップ69% → (a)OK ②改NG
  run42 対象 設備10% 金9% 討伐14% タップ67% → (a)OK ②改NG
  run43 対象 設備11% 金16% 討伐12% タップ61% → (a)OK ②改NG
  run44 対象 設備8% 金8% 討伐10% タップ73% → (a)OK ②改NG
  run45 対象 設備8% 金8% 討伐11% タップ73% → (a)OK ②改NG
  run46 対象 設備9% 金14% 討伐12% タップ65% → (a)OK ②改NG
  run47 対象 設備8% 金8% 討伐12% タップ72% → (a)OK ②改NG
golden(S3 金クッキー特化型) 主役=金クッキー≥30%: 40/43周回 合格
  run 0 対象外 設備38% 金11% 討伐10% タップ41%
  run 1 対象外 設備44% 金31% 討伐7% タップ18%
  run 2 対象外 設備21% 金55% 討伐11% タップ13%
  run 3 対象外 設備15% 金63% 討伐11% タップ12%
  run 4 対象 設備13% 金65% 討伐12% タップ10% → (a)OK ②改NG
  run 5 対象 設備17% 金60% 討伐13% タップ11% → (a)OK ②改NG
  run 6 対象 設備69% 金18% 討伐0% タップ13% → (a)NG ②改OK
  run 7 対象 設備20% 金54% 討伐14% タップ11% → (a)OK ②改NG
  run 8 対象 設備17% 金62% 討伐12% タップ9% → (a)OK ②改NG
  run 9 対象 設備17% 金62% 討伐12% タップ8% → (a)OK ②改NG
  run10 対象 設備18% 金60% 討伐13% タップ9% → (a)OK ②改NG
  run11 対象 設備19% 金59% 討伐13% タップ8% → (a)OK ②改NG
  run12 対象 設備21% 金54% 討伐15% タップ10% → (a)OK ②改NG
  run13 対象 設備22% 金43% 討伐18% タップ16% → (a)OK ②改OK
  run14 対象 設備23% 金40% 討伐20% タップ18% → (a)OK ②改OK
  run15 対象 設備27% 金34% 討伐20% タップ19% → (a)OK ②改OK
  run16 対象 設備26% 金35% 討伐21% タップ18% → (a)OK ②改OK
  run17 対象 設備26% 金36% 討伐21% タップ17% → (a)OK ②改OK
  run18 対象 設備24% 金43% 討伐19% タップ15% → (a)OK ②改OK
  run19 対象 設備25% 金40% 討伐20% タップ15% → (a)OK ②改OK
  run20 対象 設備26% 金38% 討伐22% タップ14% → (a)OK ②改OK
  run21 対象 設備30% 金34% 討伐21% タップ15% → (a)OK ②改OK
  run22 対象 設備29% 金28% 討伐30% タップ13% → (a)NG ②改OK
  run23 対象 設備29% 金30% 討伐29% タップ12% → (a)OK ②改OK
  run24 対象 設備29% 金32% 討伐28% タップ11% → (a)OK ②改OK
  run25 対象 設備27% 金33% 討伐30% タップ10% → (a)OK ②改OK
  run26 対象 設備27% 金34% 討伐30% タップ9% → (a)OK ②改OK
  run27 対象 設備29% 金44% 討伐12% タップ15% → (a)OK ②改OK
  run28 対象 設備27% 金47% 討伐10% タップ15% → (a)OK ②改OK
  run29 対象 設備28% 金47% 討伐8% タップ17% → (a)OK ②改OK
  run30 対象 設備28% 金49% 討伐7% タップ17% → (a)OK ②改OK
  run31 対象 設備29% 金45% 討伐7% タップ19% → (a)OK ②改OK
  run32 対象 設備28% 金46% 討伐7% タップ19% → (a)OK ②改OK
  run33 対象 設備27% 金40% 討伐8% タップ26% → (a)OK ②改OK
  run34 対象 設備27% 金39% 討伐6% タップ28% → (a)OK ②改OK
  run35 対象 設備26% 金38% 討伐6% タップ30% → (a)OK ②改OK
  run36 対象 設備26% 金40% 討伐5% タップ29% → (a)OK ②改OK
  run37 対象 設備28% 金37% 討伐6% タップ29% → (a)OK ②改OK
  run38 対象 設備28% 金37% 討伐6% タップ30% → (a)OK ②改OK
  run39 対象 設備28% 金39% 討伐5% タップ28% → (a)OK ②改OK
  run40 対象 設備27% 金38% 討伐5% タップ30% → (a)OK ②改OK
  run41 対象 設備26% 金38% 討伐5% タップ31% → (a)OK ②改OK
  run42 対象 設備29% 金39% 討伐5% タップ27% → (a)OK ②改OK
  run43 対象 設備28% 金37% 討伐5% タップ30% → (a)OK ②改OK
  run44 対象 設備28% 金37% 討伐5% タップ29% → (a)OK ②改OK
  run45 対象 設備24% 金29% 討伐19% タップ28% → (a)NG ②改OK
  run46 対象 設備24% 金32% 討伐17% タップ28% → (a)OK ②改OK
hunt(S4 狩猟特化型) 主役=討伐由来≥30%: 34/42周回 合格
  run 0 対象外 設備36% 金16% 討伐7% タップ41%
  run 1 対象外 設備32% 金50% 討伐4% タップ14%
  run 2 対象外 設備4% 金38% 討伐41% タップ16%
  run 3 対象外 設備4% 金42% 討伐39% タップ14%
  run 4 対象外 設備5% 金48% 討伐39% タップ7%
  run 5 対象 設備46% 金38% 討伐3% タップ12% → (a)NG ②改OK
  run 6 対象 設備9% 金47% 討伐37% タップ7% → (a)OK ②改OK
  run 7 対象 設備11% 金47% 討伐37% タップ6% → (a)OK ②改OK
  run 8 対象 設備11% 金50% 討伐33% タップ6% → (a)OK ②改OK
  run 9 対象 設備11% 金47% 討伐36% タップ5% → (a)OK ②改OK
  run10 対象 設備11% 金49% 討伐35% タップ5% → (a)OK ②改OK
  run11 対象 設備13% 金45% 討伐37% タップ5% → (a)OK ②改OK
  run12 対象 設備13% 金46% 討伐36% タップ5% → (a)OK ②改OK
  run13 対象 設備14% 金44% 討伐36% タップ6% → (a)OK ②改OK
  run14 対象 設備13% 金50% 討伐31% タップ6% → (a)OK ②改OK
  run15 対象 設備14% 金49% 討伐31% タップ6% → (a)OK ②改OK
  run16 対象 設備41% 金6% 討伐40% タップ14% → (a)OK ②改OK
  run17 対象 設備15% 金53% 討伐25% タップ7% → (a)NG ②改OK
  run18 対象 設備16% 金54% 討伐24% タップ7% → (a)NG ②改OK
  run19 対象 設備15% 金55% 討伐23% タップ7% → (a)NG ②改OK
  run20 対象 設備36% 金21% 討伐32% タップ11% → (a)OK ②改OK
  run21 対象 設備19% 金44% 討伐26% タップ11% → (a)NG ②改OK
  run22 対象 設備16% 金38% 討伐37% タップ9% → (a)OK ②改OK
  run23 対象 設備18% 金31% 討伐43% タップ9% → (a)OK ②改OK
  run24 対象 設備18% 金30% 討伐44% タップ8% → (a)OK ②改OK
  run25 対象 設備17% 金27% 討伐49% タップ8% → (a)OK ②改OK
  run26 対象 設備16% 金26% 討伐51% タップ7% → (a)OK ②改OK
  run27 対象 設備36% 金18% 討伐35% タップ11% → (a)OK ②改OK
  run28 対象 設備32% 金19% 討伐38% タップ11% → (a)OK ②改OK
  run29 対象 設備29% 金18% 討伐44% タップ10% → (a)OK ②改OK
  run30 対象 設備29% 金16% 討伐45% タップ10% → (a)OK ②改OK
  run31 対象 設備27% 金16% 討伐47% タップ10% → (a)OK ②改OK
  run32 対象 設備27% 金19% 討伐44% タップ10% → (a)OK ②改OK
  run33 対象 設備10% 金22% 討伐63% タップ5% → (a)OK ②改NG
  run34 対象 設備9% 金21% 討伐61% タップ8% → (a)OK ②改NG
  run35 対象 設備9% 金19% 討伐67% タップ5% → (a)OK ②改NG
  run36 対象 設備10% 金27% 討伐49% タップ14% → (a)OK ②改OK
  run37 対象 設備9% 金18% 討伐62% タップ11% → (a)OK ②改NG
  run38 対象 設備9% 金17% 討伐64% タップ10% → (a)OK ②改NG
  run39 対象 設備9% 金13% 討伐31% タップ46% → (a)OK ②改OK
  run40 対象 設備9% 金17% 討伐24% タップ50% → (a)NG ②改OK
  run41 対象 設備8% 金11% 討伐53% タップ28% → (a)OK ②改NG
  run42 対象 設備7% 金12% 討伐64% タップ17% → (a)OK ②改NG
  run43 対象 設備8% 金11% 討伐51% タップ30% → (a)OK ②改OK
  run44 対象 設備9% 金22% 討伐23% タップ46% → (a)NG ②改OK
  run45 対象 設備8% 金11% 討伐52% タップ29% → (a)OK ②改NG
  run46 対象 設備18% 金27% 討伐23% タップ32% → (a)NG ②改OK
bake(S1 バランス効率型) 主役=設備生産≥30%: 46/47周回 合格
  run 0 対象 設備36% 金12% 討伐10% タップ41% → (a)OK ②改OK
  run 1 対象 設備49% 金22% 討伐7% タップ22% → (a)OK ②改OK
  run 2 対象 設備42% 金33% 討伐10% タップ15% → (a)OK ②改OK
  run 3 対象 設備36% 金45% 討伐8% タップ12% → (a)OK ②改OK
  run 4 対象 設備30% 金50% 討伐11% タップ10% → (a)NG ②改OK
  run 5 対象 設備40% 金37% 討伐14% タップ10% → (a)OK ②改OK
  run 6 対象 設備79% 金11% 討伐0% タップ10% → (a)OK ②改NG
  run 7 対象 設備46% 金30% 討伐13% タップ11% → (a)OK ②改OK
  run 8 対象 設備43% 金35% 討伐12% タップ10% → (a)OK ②改OK
  run 9 対象 設備47% 金32% 討伐11% タップ10% → (a)OK ②改OK
  run10 対象 設備47% 金32% 討伐12% タップ9% → (a)OK ②改OK
  run11 対象 設備50% 金30% 討伐11% タップ9% → (a)OK ②改OK
  run12 対象 設備50% 金29% 討伐11% タップ9% → (a)OK ②改OK
  run13 対象 設備50% 金26% 討伐12% タップ13% → (a)OK ②改OK
  run14 対象 設備50% 金24% 討伐13% タップ13% → (a)OK ②改OK
  run15 対象 設備53% 金22% 討伐13% タップ12% → (a)OK ②改NG
  run16 対象 設備53% 金23% 討伐12% タップ12% → (a)OK ②改NG
  run17 対象 設備52% 金24% 討伐12% タップ11% → (a)OK ②改NG
  run18 対象 設備51% 金26% 討伐12% タップ10% → (a)OK ②改NG
  run19 対象 設備52% 金27% 討伐11% タップ10% → (a)OK ②改NG
  run20 対象 設備54% 金26% 討伐11% タップ9% → (a)OK ②改NG
  run21 対象 設備52% 金22% 討伐16% タップ10% → (a)OK ②改NG
  run22 対象 設備50% 金20% 討伐21% タップ9% → (a)OK ②改OK
  run23 対象 設備48% 金19% 討伐25% タップ8% → (a)OK ②改OK
  run24 対象 設備46% 金20% 討伐25% タップ8% → (a)OK ②改OK
  run25 対象 設備45% 金18% 討伐29% タップ8% → (a)OK ②改OK
  run26 対象 設備41% 金19% 討伐32% タップ8% → (a)OK ②改OK
  run27 対象 設備48% 金24% 討伐18% タップ11% → (a)OK ②改OK
  run28 対象 設備48% 金25% 討伐16% タップ11% → (a)OK ②改OK
  run29 対象 設備48% 金24% 討伐17% タップ11% → (a)OK ②改OK
  run30 対象 設備46% 金22% 討伐21% タップ11% → (a)OK ②改OK
  run31 対象 設備44% 金18% 討伐28% タップ10% → (a)OK ②改OK
  run32 対象 設備43% 金23% 討伐24% タップ10% → (a)OK ②改OK
  run33 対象 設備41% 金18% 討伐25% タップ16% → (a)OK ②改OK
  run34 対象 設備38% 金15% 討伐32% タップ15% → (a)OK ②改OK
  run35 対象 設備38% 金14% 討伐31% タップ17% → (a)OK ②改OK
  run36 対象 設備36% 金18% 討伐33% タップ14% → (a)OK ②改OK
  run37 対象 設備37% 金13% 討伐32% タップ18% → (a)OK ②改OK
  run38 対象 設備37% 金14% 討伐32% タップ17% → (a)OK ②改OK
  run39 対象 設備37% 金14% 討伐32% タップ17% → (a)OK ②改OK
  run40 対象 設備38% 金16% 討伐31% タップ15% → (a)OK ②改OK
  run41 対象 設備34% 金13% 討伐37% タップ17% → (a)OK ②改OK
  run42 対象 設備34% 金12% 討伐34% タップ21% → (a)OK ②改OK
  run43 対象 設備34% 金13% 討伐32% タップ21% → (a)OK ②改OK
  run44 対象 設備33% 金14% 討伐29% タップ25% → (a)OK ②改OK
  run45 対象 設備33% 金10% 討伐33% タップ24% → (a)OK ②改OK
  run46 対象 設備32% 金10% 討伐32% タップ25% → (a)OK ②改OK
㉘合計: 200/228周回
②(改・ジャンル一強禁止 得意ジャンルlift≤±1.5倍) 合計: 137/180周回
