=== ㉘稼ぎ口比率(100h・周回シェア=各tickシェアの周回平均) ===
balanced(S6 早回し転生型) 4つすべて≥10%: 36/48周回 合格
  run 0 対象 設備40% 金13% 討伐10% タップ36% → (a)OK ②改OK
  run 1 対象 設備46% 金23% 討伐8% タップ22% → (a)NG ②改OK
  run 2 対象 設備41% 金32% 討伐10% タップ17% → (a)OK ②改OK
  run 3 対象 設備34% 金46% 討伐7% タップ13% → (a)NG ②改OK
  run 4 対象 設備21% 金55% 討伐12% タップ11% → (a)OK ②改OK
  run 5 対象 設備28% 金47% 討伐15% タップ10% → (a)NG ②改OK
  run 6 対象 設備31% 金47% 討伐14% タップ8% → (a)NG ②改OK
  run 7 対象 設備30% 金43% 討伐15% タップ12% → (a)OK ②改OK
  run 8 対象 設備31% 金44% 討伐14% タップ11% → (a)OK ②改OK
  run 9 対象 設備29% 金47% 討伐13% タップ11% → (a)OK ②改OK
  run10 対象 設備32% 金43% 討伐14% タップ12% → (a)OK ②改OK
  run11 対象 設備34% 金41% 討伐14% タップ11% → (a)OK ②改OK
  run12 対象 設備35% 金37% 討伐15% タップ12% → (a)OK ②改OK
  run13 対象 設備33% 金33% 討伐16% タップ17% → (a)OK ②改OK
  run14 対象 設備35% 金27% 討伐19% タップ20% → (a)OK ②改OK
  run15 対象 設備35% 金23% 討伐21% タップ22% → (a)OK ②改OK
  run16 対象 設備37% 金22% 討伐20% タップ21% → (a)OK ②改OK
  run17 対象 設備37% 金23% 討伐20% タップ20% → (a)OK ②改OK
  run18 対象 設備35% 金28% 討伐19% タップ18% → (a)OK ②改OK
  run19 対象 設備31% 金33% 討伐21% タップ16% → (a)OK ②改OK
  run20 対象 設備34% 金30% 討伐22% タップ14% → (a)OK ②改OK
  run21 対象 設備35% 金26% 討伐25% タップ14% → (a)OK ②改OK
  run22 対象 設備31% 金33% 討伐26% タップ10% → (a)OK ②改OK
  run23 対象 設備31% 金26% 討伐33% タップ10% → (a)OK ②改OK
  run24 対象 設備31% 金24% 討伐35% タップ10% → (a)OK ②改OK
  run25 対象 設備26% 金27% 討伐39% タップ8% → (a)NG ②改OK
  run26 対象 設備26% 金26% 討伐41% タップ7% → (a)NG ②改OK
  run27 対象 設備24% 金31% 討伐40% タップ5% → (a)NG ②改OK
  run28 対象 設備21% 金40% 討伐34% タップ4% → (a)NG ②改OK
  run29 対象 設備21% 金35% 討伐40% タップ4% → (a)NG ②改OK
  run30 対象 設備21% 金33% 討伐41% タップ4% → (a)NG ②改OK
  run31 対象 設備20% 金39% 討伐38% タップ4% → (a)NG ②改OK
  run32 対象 設備22% 金37% 討伐37% タップ4% → (a)NG ②改OK
  run33 対象 設備19% 金32% 討伐26% タップ22% → (a)OK ②改OK
  run34 対象 設備18% 金27% 討伐22% タップ34% → (a)OK ②改OK
  run35 対象 設備20% 金29% 討伐28% タップ24% → (a)OK ②改OK
  run36 対象 設備18% 金23% 討伐22% タップ36% → (a)OK ②改OK
  run37 対象 設備19% 金26% 討伐30% タップ25% → (a)OK ②改OK
  run38 対象 設備18% 金25% 討伐28% タップ29% → (a)OK ②改OK
  run39 対象 設備18% 金29% 討伐30% タップ23% → (a)OK ②改OK
  run40 対象 設備18% 金27% 討伐27% タップ28% → (a)OK ②改OK
  run41 対象 設備18% 金24% 討伐31% タップ26% → (a)OK ②改OK
  run42 対象 設備15% 金23% 討伐30% タップ32% → (a)OK ②改OK
  run43 対象 設備16% 金24% 討伐33% タップ28% → (a)OK ②改OK
  run44 対象 設備16% 金22% 討伐30% タップ32% → (a)OK ②改OK
  run45 対象 設備16% 金22% 討伐37% タップ26% → (a)OK ②改OK
  run46 対象 設備16% 金19% 討伐32% タップ34% → (a)OK ②改OK
  run47 対象 設備16% 金20% 討伐30% タップ34% → (a)OK ②改OK
click(S2 クリック会心型) 主役=タップ≥30%: 30/48周回 合格
  run 0 対象 設備26% 金8% 討伐6% タップ59% → (a)OK ②改NG
  run 1 対象 設備31% 金21% 討伐7% タップ41% → (a)OK ②改OK
  run 2 対象 設備35% 金28% 討伐7% タップ31% → (a)OK ②改OK
  run 3 対象 設備29% 金39% 討伐5% タップ26% → (a)NG ②改OK
  run 4 対象 設備22% 金49% 討伐7% タップ22% → (a)NG ②改OK
  run 5 対象 設備22% 金40% 討伐17% タップ21% → (a)NG ②改OK
  run 6 対象 設備28% 金40% 討伐15% タップ17% → (a)NG ②改OK
  run 7 対象 設備27% 金28% 討伐18% タップ26% → (a)NG ②改OK
  run 8 対象 設備30% 金29% 討伐17% タップ24% → (a)NG ②改OK
  run 9 対象 設備28% 金32% 討伐16% タップ25% → (a)NG ②改OK
  run10 対象 設備31% 金24% 討伐17% タップ27% → (a)NG ②改OK
  run11 対象 設備33% 金22% 討伐17% タップ29% → (a)NG ②改OK
  run12 対象 設備31% 金25% 討伐16% タップ28% → (a)NG ②改OK
  run13 対象 設備28% 金19% 討伐17% タップ36% → (a)OK ②改OK
  run14 対象 設備30% 金16% 討伐19% タップ35% → (a)OK ②改OK
  run15 対象 設備30% 金15% 討伐18% タップ37% → (a)OK ②改OK
  run16 対象 設備31% 金12% 討伐18% タップ39% → (a)OK ②改OK
  run17 対象 設備31% 金13% 討伐17% タップ38% → (a)OK ②改OK
  run18 対象 設備32% 金13% 討伐17% タップ38% → (a)OK ②改OK
  run19 対象 設備31% 金15% 討伐17% タップ37% → (a)OK ②改OK
  run20 対象 設備31% 金15% 討伐15% タップ39% → (a)OK ②改OK
  run21 対象 設備36% 金14% 討伐18% タップ32% → (a)OK ②改OK
  run22 対象 設備34% 金26% 討伐15% タップ24% → (a)NG ②改OK
  run23 対象 設備33% 金14% 討伐17% タップ35% → (a)OK ②改OK
  run24 対象 設備31% 金16% 討伐21% タップ32% → (a)OK ②改OK
  run25 対象 設備29% 金24% 討伐22% タップ25% → (a)NG ②改OK
  run26 対象 設備27% 金23% 討伐23% タップ27% → (a)NG ②改OK
  run27 対象 設備26% 金17% 討伐27% タップ30% → (a)OK ②改OK
  run28 対象 設備27% 金21% 討伐22% タップ30% → (a)NG ②改OK
  run29 対象 設備24% 金20% 討伐30% タップ26% → (a)NG ②改OK
  run30 対象 設備24% 金19% 討伐28% タップ29% → (a)NG ②改OK
  run31 対象 設備22% 金22% 討伐31% タップ25% → (a)NG ②改OK
  run32 対象 設備25% 金22% 討伐39% タップ15% → (a)NG ②改OK
  run33 対象 設備12% 金14% 討伐18% タップ56% → (a)OK ②改NG
  run34 対象 設備9% 金13% 討伐7% タップ71% → (a)OK ②改NG
  run35 対象 設備10% 金16% 討伐14% タップ60% → (a)OK ②改NG
  run36 対象 設備8% 金9% 討伐11% タップ72% → (a)OK ②改NG
  run37 対象 設備10% 金14% 討伐12% タップ64% → (a)OK ②改NG
  run38 対象 設備9% 金15% 討伐12% タップ64% → (a)OK ②改NG
  run39 対象 設備8% 金10% 討伐12% タップ71% → (a)OK ②改NG
  run40 対象 設備9% 金11% 討伐14% タップ67% → (a)OK ②改NG
  run41 対象 設備10% 金16% 討伐12% タップ61% → (a)OK ②改NG
  run42 対象 設備9% 金11% 討伐14% タップ65% → (a)OK ②改NG
  run43 対象 設備8% 金9% 討伐12% タップ71% → (a)OK ②改NG
  run44 対象 設備8% 金13% 討伐11% タップ67% → (a)OK ②改NG
  run45 対象 設備8% 金10% 討伐14% タップ69% → (a)OK ②改NG
  run46 対象 設備9% 金14% 討伐13% タップ64% → (a)OK ②改NG
  run47 対象 設備8% 金10% 討伐13% タップ70% → (a)OK ②改NG
golden(S3 金クッキー特化型) 主役=金クッキー≥30%: 40/44周回 合格
  run 0 対象外 設備43% 金12% 討伐8% タップ37%
  run 1 対象外 設備49% 金28% 討伐6% タップ17%
  run 2 対象外 設備23% 金56% 討伐8% タップ13%
  run 3 対象 設備30% 金55% 討伐5% タップ10% → (a)OK ②改NG
  run 4 対象 設備11% 金64% 討伐12% タップ13% → (a)OK ②改NG
  run 5 対象 設備14% 金62% 討伐12% タップ12% → (a)OK ②改NG
  run 6 対象 設備64% 金20% 討伐0% タップ15% → (a)NG ②改OK
  run 7 対象 設備18% 金57% 討伐13% タップ12% → (a)OK ②改NG
  run 8 対象 設備18% 金59% 討伐12% タップ11% → (a)OK ②改NG
  run 9 対象 設備17% 金62% 討伐11% タップ10% → (a)OK ②改NG
  run10 対象 設備18% 金61% 討伐12% タップ10% → (a)OK ②改NG
  run11 対象 設備21% 金55% 討伐14% タップ11% → (a)OK ②改NG
  run12 対象 設備20% 金55% 討伐14% タップ11% → (a)OK ②改NG
  run13 対象 設備20% 金43% 討伐18% タップ19% → (a)OK ②改OK
  run14 対象 設備21% 金39% 討伐20% タップ21% → (a)OK ②改OK
  run15 対象 設備23% 金35% 討伐21% タップ21% → (a)OK ②改OK
  run16 対象 設備26% 金30% 討伐23% タップ22% → (a)NG ②改OK
  run17 対象 設備25% 金33% 討伐22% タップ20% → (a)OK ②改OK
  run18 対象 設備22% 金41% 討伐19% タップ18% → (a)OK ②改OK
  run19 対象 設備23% 金40% 討伐20% タップ17% → (a)OK ②改OK
  run20 対象 設備23% 金41% 討伐21% タップ16% → (a)OK ②改OK
  run21 対象 設備29% 金36% 討伐20% タップ15% → (a)OK ②改OK
  run22 対象 設備30% 金36% 討伐21% タップ13% → (a)OK ②改OK
  run23 対象 設備30% 金36% 討伐22% タップ12% → (a)OK ②改OK
  run24 対象 設備30% 金34% 討伐23% タップ12% → (a)OK ②改OK
  run25 対象 設備27% 金35% 討伐28% タップ10% → (a)OK ②改OK
  run26 対象 設備27% 金34% 討伐29% タップ10% → (a)OK ②改OK
  run27 対象 設備30% 金50% 討伐11% タップ9% → (a)OK ②改OK
  run28 対象 設備31% 金54% 討伐7% タップ7% → (a)OK ②改NG
  run29 対象 設備32% 金52% 討伐7% タップ8% → (a)OK ②改NG
  run30 対象 設備33% 金51% 討伐8% タップ8% → (a)OK ②改OK
  run31 対象 設備33% 金52% 討伐7% タップ8% → (a)OK ②改NG
  run32 対象 設備33% 金53% 討伐7% タップ7% → (a)OK ②改NG
  run33 対象 設備24% 金38% 討伐5% タップ33% → (a)OK ②改OK
  run34 対象 設備21% 金33% 討伐5% タップ41% → (a)OK ②改OK
  run35 対象 設備25% 金35% 討伐5% タップ35% → (a)OK ②改OK
  run36 対象 設備21% 金31% 討伐4% タップ44% → (a)OK ②改OK
  run37 対象 設備25% 金38% 討伐5% タップ33% → (a)OK ②改OK
  run38 対象 設備21% 金30% 討伐4% タップ44% → (a)OK ②改OK
  run39 対象 設備25% 金35% 討伐4% タップ36% → (a)OK ②改OK
  run40 対象 設備24% 金33% 討伐4% タップ39% → (a)OK ②改OK
  run41 対象 設備26% 金34% 討伐4% タップ36% → (a)OK ②改OK
  run42 対象 設備24% 金33% 討伐4% タップ39% → (a)OK ②改OK
  run43 対象 設備26% 金37% 討伐4% タップ34% → (a)OK ②改OK
  run44 対象 設備24% 金32% 討伐4% タップ39% → (a)OK ②改OK
  run45 対象 設備21% 金30% 討伐17% タップ33% → (a)NG ②改OK
  run46 対象 設備18% 金27% 討伐14% タップ41% → (a)NG ②改OK
hunt(S4 狩猟特化型) 主役=討伐由来≥30%: 29/43周回 合格
  run 0 対象外 設備44% 金17% 討伐5% タップ34%
  run 1 対象外 設備43% 金35% 討伐3% タップ18%
  run 2 対象外 設備5% 金39% 討伐38% タップ18%
  run 3 対象外 設備5% 金49% 討伐36% タップ9%
  run 4 対象 設備5% 金54% 討伐33% タップ8% → (a)OK ②改OK
  run 5 対象 設備40% 金43% 討伐3% タップ14% → (a)NG ②改OK
  run 6 対象 設備46% 金40% 討伐8% タップ6% → (a)NG ②改OK
  run 7 対象 設備9% 金48% 討伐36% タップ7% → (a)OK ②改OK
  run 8 対象 設備10% 金43% 討伐41% タップ6% → (a)OK ②改OK
  run 9 対象 設備9% 金56% 討伐29% タップ5% → (a)NG ②改OK
  run10 対象 設備10% 金53% 討伐31% タップ5% → (a)OK ②改OK
  run11 対象 設備11% 金55% 討伐30% タップ5% → (a)NG ②改OK
  run12 対象 設備12% 金55% 討伐28% タップ5% → (a)NG ②改OK
  run13 対象 設備11% 金56% 討伐28% タップ5% → (a)NG ②改OK
  run14 対象 設備12% 金56% 討伐27% タップ5% → (a)NG ②改OK
  run15 対象 設備12% 金50% 討伐31% タップ6% → (a)OK ②改OK
  run16 対象 設備36% 金9% 討伐40% タップ16% → (a)OK ②改OK
  run17 対象 設備14% 金56% 討伐24% タップ5% → (a)NG ②改OK
  run18 対象 設備14% 金55% 討伐25% タップ6% → (a)NG ②改OK
  run19 対象 設備15% 金57% 討伐24% タップ5% → (a)NG ②改OK
  run20 対象 設備26% 金34% 討伐28% タップ12% → (a)NG ②改OK
  run21 対象 設備18% 金49% 討伐27% タップ6% → (a)NG ②改OK
  run22 対象 設備21% 金44% 討伐30% タップ6% → (a)NG ②改OK
  run23 対象 設備19% 金41% 討伐35% タップ5% → (a)OK ②改OK
  run24 対象 設備19% 金40% 討伐35% タップ5% → (a)OK ②改OK
  run25 対象 設備17% 金38% 討伐41% タップ4% → (a)OK ②改OK
  run26 対象 設備16% 金35% 討伐45% タップ4% → (a)OK ②改OK
  run27 対象 設備35% 金22% 討伐36% タップ8% → (a)OK ②改OK
  run28 対象 設備19% 金24% 討伐53% タップ4% → (a)OK ②改NG
  run29 対象 設備26% 金21% 討伐47% タップ6% → (a)OK ②改OK
  run30 対象 設備24% 金20% 討伐50% タップ6% → (a)OK ②改OK
  run31 対象 設備24% 金19% 討伐52% タップ5% → (a)OK ②改NG
  run32 対象 設備24% 金22% 討伐48% タップ6% → (a)OK ②改OK
  run33 対象 設備10% 金20% 討伐63% タップ7% → (a)OK ②改NG
  run34 対象 設備10% 金19% 討伐36% タップ35% → (a)OK ②改OK
  run35 対象 設備9% 金18% 討伐56% タップ18% → (a)OK ②改NG
  run36 対象 設備9% 金25% 討伐51% タップ14% → (a)OK ②改NG
  run37 対象 設備9% 金16% 討伐62% タップ14% → (a)OK ②改NG
  run38 対象 設備8% 金15% 討伐64% タップ13% → (a)OK ②改NG
  run39 対象 設備9% 金12% 討伐30% タップ48% → (a)OK ②改OK
  run40 対象 設備9% 金17% 討伐35% タップ39% → (a)OK ②改OK
  run41 対象 設備8% 金13% 討伐66% タップ13% → (a)OK ②改NG
  run42 対象 設備8% 金11% 討伐49% タップ32% → (a)OK ②改OK
  run43 対象 設備8% 金11% 討伐39% タップ42% → (a)OK ②改OK
  run44 対象 設備9% 金20% 討伐21% タップ50% → (a)NG ②改OK
  run45 対象 設備8% 金12% 討伐54% タップ26% → (a)OK ②改NG
  run46 対象 設備9% 金13% 討伐65% タップ13% → (a)OK ②改NG
bake(S1 バランス効率型) 主役=設備生産≥30%: 46/47周回 合格
  run 0 対象 設備39% 金13% 討伐9% タップ39% → (a)OK ②改OK
  run 1 対象 設備50% 金23% 討伐6% タップ21% → (a)OK ②改OK
  run 2 対象 設備48% 金30% 討伐7% タップ15% → (a)OK ②改OK
  run 3 対象 設備42% 金42% 討伐5% タップ11% → (a)OK ②改OK
  run 4 対象 設備22% 金53% 討伐14% タップ12% → (a)NG ②改OK
  run 5 対象 設備36% 金39% 討伐14% タップ11% → (a)OK ②改OK
  run 6 対象 設備77% 金12% 討伐0% タップ11% → (a)OK ②改NG
  run 7 対象 設備42% 金30% 討伐14% タップ14% → (a)OK ②改OK
  run 8 対象 設備42% 金36% 討伐11% タップ11% → (a)OK ②改OK
  run 9 対象 設備41% 金37% 討伐11% タップ11% → (a)OK ②改OK
  run10 対象 設備43% 金34% 討伐12% タップ11% → (a)OK ②改OK
  run11 対象 設備48% 金31% 討伐11% タップ10% → (a)OK ②改OK
  run12 対象 設備47% 金32% 討伐11% タップ10% → (a)OK ②改OK
  run13 対象 設備47% 金27% 討伐12% タップ14% → (a)OK ②改OK
  run14 対象 設備46% 金24% 討伐14% タップ16% → (a)OK ②改OK
  run15 対象 設備49% 金22% 討伐14% タップ15% → (a)OK ②改OK
  run16 対象 設備52% 金21% 討伐12% タップ14% → (a)OK ②改NG
  run17 対象 設備50% 金24% 討伐13% タップ13% → (a)OK ②改OK
  run18 対象 設備49% 金26% 討伐12% タップ12% → (a)OK ②改OK
  run19 対象 設備50% 金26% 討伐12% タップ12% → (a)OK ②改OK
  run20 対象 設備52% 金26% 討伐11% タップ11% → (a)OK ②改NG
  run21 対象 設備53% 金21% 討伐16% タップ10% → (a)OK ②改NG
  run22 対象 設備55% 金21% 討伐17% タップ8% → (a)OK ②改NG
  run23 対象 設備50% 金20% 討伐22% タップ8% → (a)OK ②改OK
  run24 対象 設備48% 金19% 討伐25% タップ7% → (a)OK ②改OK
  run25 対象 設備47% 金19% 討伐29% タップ5% → (a)OK ②改OK
  run26 対象 設備44% 金17% 討伐33% タップ5% → (a)OK ②改OK
  run27 対象 設備49% 金23% 討伐21% タップ7% → (a)OK ②改OK
  run28 対象 設備54% 金23% 討伐19% タップ5% → (a)OK ②改NG
  run29 対象 設備51% 金24% 討伐19% タップ7% → (a)OK ②改OK
  run30 対象 設備51% 金21% 討伐24% タップ4% → (a)OK ②改OK
  run31 対象 設備49% 金21% 討伐24% タップ6% → (a)OK ②改OK
  run32 対象 設備45% 金19% 討伐32% タップ4% → (a)OK ②改OK
  run33 対象 設備41% 金18% 討伐26% タップ16% → (a)OK ②改OK
  run34 対象 設備40% 金15% 討伐26% タップ19% → (a)OK ②改OK
  run35 対象 設備40% 金16% 討伐28% タップ16% → (a)OK ②改OK
  run36 対象 設備37% 金15% 討伐31% タップ18% → (a)OK ②改OK
  run37 対象 設備39% 金16% 討伐30% タップ15% → (a)OK ②改OK
  run38 対象 設備38% 金15% 討伐29% タップ18% → (a)OK ②改OK
  run39 対象 設備38% 金14% 討伐30% タップ18% → (a)OK ②改OK
  run40 対象 設備39% 金14% 討伐30% タップ17% → (a)OK ②改OK
  run41 対象 設備39% 金15% 討伐28% タップ18% → (a)OK ②改OK
  run42 対象 設備34% 金11% 討伐30% タップ25% → (a)OK ②改OK
  run43 対象 設備34% 金11% 討伐31% タップ24% → (a)OK ②改OK
  run44 対象 設備34% 金11% 討伐29% タップ26% → (a)OK ②改OK
  run45 対象 設備33% 金10% 討伐29% タップ28% → (a)OK ②改OK
  run46 対象 設備33% 金9% 討伐29% タップ29% → (a)OK ②改OK
㉘合計: 181/230周回
②(改・ジャンル一強禁止 得意ジャンルlift≤±1.5倍) 合計: 137/182周回
