=== ㉘稼ぎ口比率(100h・周回シェア=各tickシェアの周回平均) ===
balanced(S6 早回し転生型) 4つすべて≥10%: 48/50周回 合格
  run 0 対象 設備38% 金13% 討伐12% タップ38% → (a)OK ②改OK
  run 1 対象 設備45% 金22% 討伐10% タップ23% → (a)OK ②改OK
  run 2 対象 設備43% 金27% 討伐12% タップ17% → (a)OK ②改OK
  run 3 対象 設備38% 金40% 討伐9% タップ14% → (a)NG ②改OK
  run 4 対象 設備31% 金45% 討伐10% タップ13% → (a)OK ②改OK
  run 5 対象 設備28% 金48% 討伐13% タップ11% → (a)OK ②改OK
  run 6 対象 設備33% 金41% 討伐15% タップ11% → (a)OK ②改OK
  run 7 対象 設備33% 金39% 討伐16% タップ11% → (a)OK ②改OK
  run 8 対象 設備36% 金40% 討伐14% タップ10% → (a)NG ②改OK
  run 9 対象 設備34% 金36% 討伐16% タップ14% → (a)OK ②改OK
  run10 対象 設備34% 金37% 討伐15% タップ13% → (a)OK ②改OK
  run11 対象 設備28% 金46% 討伐15% タップ11% → (a)OK ②改OK
  run12 対象 設備32% 金38% 討伐17% タップ13% → (a)OK ②改OK
  run13 対象 設備31% 金40% 討伐16% タップ12% → (a)OK ②改OK
  run14 対象 設備33% 金36% 討伐18% タップ13% → (a)OK ②改OK
  run15 対象 設備31% 金34% 討伐18% タップ17% → (a)OK ②改OK
  run16 対象 設備33% 金30% 討伐20% タップ17% → (a)OK ②改OK
  run17 対象 設備36% 金25% 討伐22% タップ18% → (a)OK ②改OK
  run18 対象 設備34% 金28% 討伐21% タップ16% → (a)OK ②改OK
  run19 対象 設備35% 金28% 討伐21% タップ16% → (a)OK ②改OK
  run20 対象 設備34% 金30% 討伐21% タップ15% → (a)OK ②改OK
  run21 対象 設備33% 金31% 討伐21% タップ15% → (a)OK ②改OK
  run22 対象 設備35% 金28% 討伐23% タップ14% → (a)OK ②改OK
  run23 対象 設備33% 金32% 討伐20% タップ16% → (a)OK ②改OK
  run24 対象 設備29% 金31% 討伐25% タップ15% → (a)OK ②改OK
  run25 対象 設備29% 金21% 討伐36% タップ13% → (a)OK ②改OK
  run26 対象 設備29% 金22% 討伐37% タップ13% → (a)OK ②改OK
  run27 対象 設備24% 金25% 討伐37% タップ14% → (a)OK ②改OK
  run28 対象 設備23% 金24% 討伐39% タップ13% → (a)OK ②改OK
  run29 対象 設備22% 金28% 討伐37% タップ14% → (a)OK ②改OK
  run30 対象 設備18% 金38% 討伐30% タップ14% → (a)OK ②改OK
  run31 対象 設備18% 金36% 討伐31% タップ14% → (a)OK ②改OK
  run32 対象 設備18% 金31% 討伐36% タップ15% → (a)OK ②改OK
  run33 対象 設備17% 金36% 討伐32% タップ15% → (a)OK ②改OK
  run34 対象 設備20% 金38% 討伐26% タップ15% → (a)OK ②改OK
  run35 対象 設備18% 金36% 討伐27% タップ19% → (a)OK ②改OK
  run36 対象 設備19% 金28% 討伐31% タップ23% → (a)OK ②改OK
  run37 対象 設備19% 金28% 討伐30% タップ23% → (a)OK ②改OK
  run38 対象 設備18% 金28% 討伐26% タップ28% → (a)OK ②改OK
  run39 対象 設備18% 金31% 討伐31% タップ20% → (a)OK ②改OK
  run40 対象 設備17% 金25% 討伐30% タップ27% → (a)OK ②改OK
  run41 対象 設備17% 金26% 討伐30% タップ26% → (a)OK ②改OK
  run42 対象 設備17% 金28% 討伐31% タップ24% → (a)OK ②改OK
  run43 対象 設備16% 金20% 討伐33% タップ31% → (a)OK ②改OK
  run44 対象 設備16% 金21% 討伐35% タップ29% → (a)OK ②改OK
  run45 対象 設備16% 金21% 討伐36% タップ27% → (a)OK ②改OK
  run46 対象 設備15% 金20% 討伐34% タップ31% → (a)OK ②改OK
  run47 対象 設備17% 金24% 討伐29% タップ30% → (a)OK ②改OK
  run48 対象 設備16% 金19% 討伐37% タップ28% → (a)OK ②改OK
  run49 対象 設備16% 金19% 討伐34% タップ31% → (a)OK ②改OK
click(S2 クリック会心型) 主役=タップ≥30%: 38/50周回 合格
  run 0 対象 設備25% 金8% 討伐7% タップ59% → (a)OK ②改NG
  run 1 対象 設備31% 金20% 討伐7% タップ42% → (a)OK ②改OK
  run 2 対象 設備34% 金26% 討伐8% タップ32% → (a)OK ②改OK
  run 3 対象 設備27% 金38% 討伐7% タップ28% → (a)NG ②改OK
  run 4 対象 設備30% 金36% 討伐6% タップ28% → (a)NG ②改OK
  run 5 対象 設備25% 金40% 討伐13% タップ22% → (a)NG ②改OK
  run 6 対象 設備31% 金29% 討伐18% タップ23% → (a)NG ②改OK
  run 7 対象 設備37% 金24% 討伐17% タップ23% → (a)NG ②改OK
  run 8 対象 設備41% 金15% 討伐18% タップ26% → (a)NG ②改OK
  run 9 対象 設備38% 金14% 討伐18% タップ29% → (a)NG ②改OK
  run10 対象 設備42% 金14% 討伐17% タップ27% → (a)NG ②改OK
  run11 対象 設備42% 金15% 討伐17% タップ26% → (a)NG ②改OK
  run12 対象 設備40% 金13% 討伐18% タップ30% → (a)NG ②改OK
  run13 対象 設備43% 金15% 討伐15% タップ27% → (a)NG ②改OK
  run14 対象 設備43% 金15% 討伐15% タップ27% → (a)NG ②改OK
  run15 対象 設備40% 金11% 討伐15% タップ34% → (a)OK ②改OK
  run16 対象 設備43% 金10% 討伐15% タップ32% → (a)OK ②改OK
  run17 対象 設備44% 金10% 討伐15% タップ31% → (a)OK ②改OK
  run18 対象 設備45% 金9% 討伐15% タップ31% → (a)OK ②改OK
  run19 対象 設備44% 金11% 討伐14% タップ31% → (a)OK ②改OK
  run20 対象 設備46% 金10% 討伐14% タップ31% → (a)OK ②改OK
  run21 対象 設備44% 金10% 討伐14% タップ31% → (a)OK ②改OK
  run22 対象 設備43% 金11% 討伐13% タップ33% → (a)OK ②改OK
  run23 対象 設備43% 金11% 討伐14% タップ31% → (a)OK ②改OK
  run24 対象 設備40% 金11% 討伐16% タップ33% → (a)OK ②改OK
  run25 対象 設備39% 金10% 討伐17% タップ34% → (a)OK ②改OK
  run26 対象 設備32% 金11% 討伐14% タップ43% → (a)OK ②改OK
  run27 対象 設備27% 金12% 討伐13% タップ48% → (a)OK ②改OK
  run28 対象 設備27% 金10% 討伐15% タップ47% → (a)OK ②改OK
  run29 対象 設備23% 金10% 討伐13% タップ54% → (a)OK ②改NG
  run30 対象 設備29% 金8% 討伐14% タップ49% → (a)OK ②改OK
  run31 対象 設備20% 金10% 討伐18% タップ51% → (a)OK ②改NG
  run32 対象 設備20% 金10% 討伐18% タップ53% → (a)OK ②改NG
  run33 対象 設備19% 金10% 討伐15% タップ56% → (a)OK ②改NG
  run34 対象 設備18% 金11% 討伐17% タップ53% → (a)OK ②改NG
  run35 対象 設備13% 金15% 討伐19% タップ52% → (a)OK ②改NG
  run36 対象 設備12% 金13% 討伐16% タップ59% → (a)OK ②改NG
  run37 対象 設備11% 金13% 討伐18% タップ58% → (a)OK ②改NG
  run38 対象 設備11% 金17% 討伐14% タップ58% → (a)OK ②改NG
  run39 対象 設備10% 金10% 討伐14% タップ66% → (a)OK ②改NG
  run40 対象 設備9% 金9% 討伐12% タップ70% → (a)OK ②改NG
  run41 対象 設備11% 金15% 討伐12% タップ62% → (a)OK ②改NG
  run42 対象 設備10% 金10% 討伐13% タップ67% → (a)OK ②改NG
  run43 対象 設備9% 金11% 討伐12% タップ68% → (a)OK ②改NG
  run44 対象 設備10% 金10% 討伐14% タップ66% → (a)OK ②改NG
  run45 対象 設備9% 金10% 討伐13% タップ68% → (a)OK ②改NG
  run46 対象 設備9% 金11% 討伐10% タップ69% → (a)OK ②改NG
  run47 対象 設備9% 金12% 討伐11% タップ68% → (a)OK ②改NG
  run48 対象 設備8% 金9% 討伐12% タップ72% → (a)OK ②改NG
  run49 対象 設備8% 金8% 討伐12% タップ72% → (a)OK ②改NG
golden(S3 金クッキー特化型) 主役=金クッキー≥30%: 39/43周回 合格
  run 0 対象外 設備38% 金11% 討伐10% タップ41%
  run 1 対象外 設備44% 金31% 討伐7% タップ18%
  run 2 対象外 設備19% 金52% 討伐14% タップ15%
  run 3 対象外 設備17% 金58% 討伐12% タップ13%
  run 4 対象 設備12% 金66% 討伐12% タップ10% → (a)OK ②改NG
  run 5 対象 設備17% 金60% 討伐13% タップ10% → (a)OK ②改NG
  run 6 対象 設備17% 金62% 討伐13% タップ8% → (a)OK ②改NG
  run 7 対象 設備20% 金56% 討伐14% タップ10% → (a)OK ②改NG
  run 8 対象 設備19% 金57% 討伐14% タップ9% → (a)OK ②改NG
  run 9 対象 設備20% 金56% 討伐15% タップ9% → (a)OK ②改NG
  run10 対象 設備20% 金56% 討伐14% タップ9% → (a)OK ②改NG
  run11 対象 設備21% 金55% 討伐15% タップ9% → (a)OK ②改NG
  run12 対象 設備21% 金53% 討伐15% タップ10% → (a)OK ②改NG
  run13 対象 設備21% 金44% 討伐18% タップ17% → (a)OK ②改OK
  run14 対象 設備26% 金37% 討伐20% タップ18% → (a)OK ②改OK
  run15 対象 設備25% 金36% 討伐20% タップ19% → (a)OK ②改OK
  run16 対象 設備26% 金35% 討伐21% タップ18% → (a)OK ②改OK
  run17 対象 設備26% 金34% 討伐22% タップ18% → (a)OK ②改OK
  run18 対象 設備25% 金40% 討伐20% タップ16% → (a)OK ②改OK
  run19 対象 設備26% 金37% 討伐21% タップ16% → (a)OK ②改OK
  run20 対象 設備25% 金38% 討伐22% タップ15% → (a)OK ②改OK
  run21 対象 設備30% 金30% 討伐26% タップ14% → (a)NG ②改OK
  run22 対象 設備29% 金28% 討伐30% タップ13% → (a)NG ②改OK
  run23 対象 設備29% 金30% 討伐29% タップ12% → (a)NG ②改OK
  run24 対象 設備30% 金30% 討伐29% タップ11% → (a)NG ②改OK
  run25 対象 設備26% 金37% 討伐27% タップ10% → (a)OK ②改OK
  run26 対象 設備27% 金34% 討伐28% タップ10% → (a)OK ②改OK
  run27 対象 設備28% 金45% 討伐12% タップ14% → (a)OK ②改OK
  run28 対象 設備27% 金47% 討伐10% タップ15% → (a)OK ②改OK
  run29 対象 設備28% 金46% 討伐9% タップ17% → (a)OK ②改OK
  run30 対象 設備28% 金47% 討伐8% タップ17% → (a)OK ②改OK
  run31 対象 設備28% 金46% 討伐7% タップ19% → (a)OK ②改OK
  run32 対象 設備28% 金46% 討伐7% タップ19% → (a)OK ②改OK
  run33 対象 設備27% 金41% 討伐7% タップ25% → (a)OK ②改OK
  run34 対象 設備27% 金39% 討伐6% タップ28% → (a)OK ②改OK
  run35 対象 設備27% 金41% 討伐5% タップ27% → (a)OK ②改OK
  run36 対象 設備29% 金39% 討伐6% タップ27% → (a)OK ②改OK
  run37 対象 設備27% 金40% 討伐5% タップ28% → (a)OK ②改OK
  run38 対象 設備28% 金41% 討伐5% タップ27% → (a)OK ②改OK
  run39 対象 設備27% 金39% 討伐5% タップ29% → (a)OK ②改OK
  run40 対象 設備28% 金40% 討伐5% タップ27% → (a)OK ②改OK
  run41 対象 設備27% 金39% 討伐5% タップ30% → (a)OK ②改OK
  run42 対象 設備27% 金36% 討伐5% タップ32% → (a)OK ②改OK
  run43 対象 設備29% 金38% 討伐5% タップ28% → (a)OK ②改OK
  run44 対象 設備28% 金36% 討伐5% タップ30% → (a)OK ②改OK
  run45 対象 設備24% 金34% 討伐17% タップ24% → (a)OK ②改OK
  run46 対象 設備24% 金34% 討伐18% タップ23% → (a)OK ②改OK
hunt(S4 狩猟特化型) 主役=討伐由来≥30%: 36/42周回 合格
  run 0 対象外 設備36% 金16% 討伐7% タップ41%
  run 1 対象外 設備32% 金50% 討伐4% タップ14%
  run 2 対象外 設備5% 金36% 討伐42% タップ16%
  run 3 対象外 設備5% 金42% 討伐39% タップ14%
  run 4 対象外 設備6% 金53% 討伐37% タップ4%
  run 5 対象 設備6% 金49% 討伐38% タップ7% → (a)OK ②改OK
  run 6 対象 設備8% 金49% 討伐38% タップ6% → (a)OK ②改OK
  run 7 対象 設備9% 金42% 討伐42% タップ6% → (a)OK ②改OK
  run 8 対象 設備10% 金43% 討伐41% タップ6% → (a)OK ②改OK
  run 9 対象 設備11% 金41% 討伐42% タップ6% → (a)OK ②改OK
  run10 対象 設備11% 金47% 討伐36% タップ6% → (a)OK ②改OK
  run11 対象 設備12% 金47% 討伐36% タップ5% → (a)OK ②改OK
  run12 対象 設備13% 金45% 討伐36% タップ6% → (a)OK ②改OK
  run13 対象 設備14% 金45% 討伐36% タップ6% → (a)OK ②改OK
  run14 対象 設備13% 金50% 討伐31% タップ6% → (a)OK ②改OK
  run15 対象 設備14% 金49% 討伐30% タップ7% → (a)OK ②改OK
  run16 対象 設備38% 金9% 討伐39% タップ14% → (a)OK ②改OK
  run17 対象 設備15% 金52% 討伐26% タップ7% → (a)NG ②改OK
  run18 対象 設備15% 金54% 討伐23% タップ7% → (a)NG ②改OK
  run19 対象 設備16% 金54% 討伐23% タップ7% → (a)NG ②改OK
  run20 対象 設備32% 金25% 討伐33% タップ11% → (a)OK ②改OK
  run21 対象 設備19% 金44% 討伐26% タップ11% → (a)NG ②改OK
  run22 対象 設備16% 金38% 討伐37% タップ9% → (a)OK ②改OK
  run23 対象 設備17% 金33% 討伐41% タップ9% → (a)OK ②改OK
  run24 対象 設備18% 金30% 討伐44% タップ8% → (a)OK ②改OK
  run25 対象 設備16% 金28% 討伐48% タップ8% → (a)OK ②改OK
  run26 対象 設備15% 金26% 討伐52% タップ7% → (a)OK ②改NG
  run27 対象 設備35% 金19% 討伐35% タップ11% → (a)OK ②改OK
  run28 対象 設備32% 金19% 討伐39% タップ10% → (a)OK ②改OK
  run29 対象 設備29% 金18% 討伐44% タップ10% → (a)OK ②改OK
  run30 対象 設備29% 金17% 討伐45% タップ10% → (a)OK ②改OK
  run31 対象 設備26% 金17% 討伐47% タップ10% → (a)OK ②改OK
  run32 対象 設備26% 金18% 討伐45% タップ10% → (a)OK ②改OK
  run33 対象 設備10% 金22% 討伐63% タップ5% → (a)OK ②改NG
  run34 対象 設備9% 金21% 討伐60% タップ9% → (a)OK ②改NG
  run35 対象 設備9% 金20% 討伐66% タップ5% → (a)OK ②改NG
  run36 対象 設備10% 金27% 討伐49% タップ14% → (a)OK ②改OK
  run37 対象 設備9% 金19% 討伐62% タップ10% → (a)OK ②改NG
  run38 対象 設備9% 金17% 討伐64% タップ10% → (a)OK ②改NG
  run39 対象 設備9% 金12% 討伐32% タップ47% → (a)OK ②改OK
  run40 対象 設備9% 金17% 討伐24% タップ50% → (a)NG ②改OK
  run41 対象 設備8% 金12% 討伐53% タップ28% → (a)OK ②改NG
  run42 対象 設備7% 金13% 討伐66% タップ14% → (a)OK ②改NG
  run43 対象 設備8% 金12% 討伐51% タップ29% → (a)OK ②改OK
  run44 対象 設備9% 金21% 討伐23% タップ47% → (a)NG ②改OK
  run45 対象 設備8% 金12% 討伐52% タップ29% → (a)OK ②改NG
  run46 対象 設備10% 金25% 討伐50% タップ15% → (a)OK ②改OK
bake(S1 バランス効率型) 主役=設備生産≥30%: 47/47周回 合格
  run 0 対象 設備36% 金12% 討伐10% タップ41% → (a)OK ②改OK
  run 1 対象 設備49% 金22% 討伐7% タップ22% → (a)OK ②改OK
  run 2 対象 設備41% 金32% 討伐11% タップ16% → (a)OK ②改OK
  run 3 対象 設備37% 金43% 討伐8% タップ12% → (a)OK ②改OK
  run 4 対象 設備31% 金50% 討伐10% タップ9% → (a)OK ②改OK
  run 5 対象 設備41% 金36% 討伐14% タップ9% → (a)OK ②改OK
  run 6 対象 設備45% 金34% 討伐13% タップ7% → (a)OK ②改OK
  run 7 対象 設備46% 金29% 討伐14% タップ11% → (a)OK ②改OK
  run 8 対象 設備46% 金30% 討伐13% タップ11% → (a)OK ②改OK
  run 9 対象 設備47% 金31% 討伐12% タップ10% → (a)OK ②改OK
  run10 対象 設備45% 金33% 討伐12% タップ10% → (a)OK ②改OK
  run11 対象 設備49% 金30% 討伐11% タップ10% → (a)OK ②改OK
  run12 対象 設備50% 金29% 討伐11% タップ10% → (a)OK ②改OK
  run13 対象 設備49% 金26% 討伐12% タップ13% → (a)OK ②改OK
  run14 対象 設備49% 金23% 討伐14% タップ14% → (a)OK ②改OK
  run15 対象 設備52% 金22% 討伐13% タップ13% → (a)OK ②改NG
  run16 対象 設備53% 金23% 討伐12% タップ12% → (a)OK ②改NG
  run17 対象 設備53% 金23% 討伐12% タップ12% → (a)OK ②改NG
  run18 対象 設備52% 金25% 討伐12% タップ11% → (a)OK ②改NG
  run19 対象 設備53% 金25% 討伐12% タップ10% → (a)OK ②改NG
  run20 対象 設備54% 金25% 討伐11% タップ10% → (a)OK ②改NG
  run21 対象 設備56% 金21% 討伐13% タップ11% → (a)OK ②改NG
  run22 対象 設備51% 金19% 討伐21% タップ9% → (a)OK ②改OK
  run23 対象 設備50% 金19% 討伐22% タップ9% → (a)OK ②改OK
  run24 対象 設備47% 金20% 討伐25% タップ8% → (a)OK ②改OK
  run25 対象 設備42% 金19% 討伐31% タップ8% → (a)OK ②改OK
  run26 対象 設備41% 金18% 討伐33% タップ8% → (a)OK ②改OK
  run27 対象 設備47% 金23% 討伐19% タップ11% → (a)OK ②改OK
  run28 対象 設備47% 金25% 討伐16% タップ11% → (a)OK ②改OK
  run29 対象 設備46% 金24% 討伐19% タップ11% → (a)OK ②改OK
  run30 対象 設備44% 金19% 討伐25% タップ11% → (a)OK ②改OK
  run31 対象 設備42% 金18% 討伐30% タップ10% → (a)OK ②改OK
  run32 対象 設備43% 金22% 討伐24% タップ10% → (a)OK ②改OK
  run33 対象 設備41% 金20% 討伐24% タップ15% → (a)OK ②改OK
  run34 対象 設備39% 金15% 討伐31% タップ15% → (a)OK ②改OK
  run35 対象 設備38% 金15% 討伐31% タップ16% → (a)OK ②改OK
  run36 対象 設備36% 金16% 討伐33% タップ15% → (a)OK ②改OK
  run37 対象 設備38% 金15% 討伐31% タップ16% → (a)OK ②改OK
  run38 対象 設備38% 金14% 討伐32% タップ16% → (a)OK ②改OK
  run39 対象 設備37% 金14% 討伐33% タップ16% → (a)OK ②改OK
  run40 対象 設備37% 金16% 討伐31% タップ15% → (a)OK ②改OK
  run41 対象 設備34% 金14% 討伐36% タップ17% → (a)OK ②改OK
  run42 対象 設備34% 金12% 討伐34% タップ19% → (a)OK ②改OK
  run43 対象 設備34% 金13% 討伐31% タップ22% → (a)OK ②改OK
  run44 対象 設備33% 金15% 討伐30% タップ23% → (a)OK ②改OK
  run45 対象 設備34% 金12% 討伐32% タップ22% → (a)OK ②改OK
  run46 対象 設備33% 金10% 討伐32% タップ25% → (a)OK ②改OK
㉘合計: 208/232周回
②(改・ジャンル一強禁止 得意ジャンルlift≤±1.5倍) 合計: 136/182周回
