=== ㉘稼ぎ口比率(100h・周回シェア=各tickシェアの周回平均) ===
balanced(S6 早回し転生型) 4つすべて≥10%: 49/49周回 合格
  run 0 対象 設備11% 金42% 討伐14% タップ33% → (a)OK ②改OK
  run 1 対象 設備20% 金43% 討伐14% タップ23% → (a)OK ②改OK
  run 2 対象 設備19% 金24% 討伐19% タップ38% → (a)OK ②改OK
  run 3 対象 設備18% 金34% 討伐17% タップ32% → (a)OK ②改OK
  run 4 対象 設備16% 金39% 討伐19% タップ26% → (a)OK ②改OK
  run 5 対象 設備15% 金26% 討伐23% タップ35% → (a)OK ②改OK
  run 6 対象 設備20% 金17% 討伐24% タップ39% → (a)OK ②改OK
  run 7 対象 設備22% 金18% 討伐24% タップ37% → (a)OK ②改OK
  run 8 対象 設備20% 金18% 討伐24% タップ39% → (a)OK ②改OK
  run 9 対象 設備19% 金27% 討伐22% タップ33% → (a)OK ②改OK
  run10 対象 設備19% 金30% 討伐21% タップ30% → (a)OK ②改OK
  run11 対象 設備17% 金34% 討伐22% タップ27% → (a)OK ②改OK
  run12 対象 設備19% 金35% 討伐22% タップ24% → (a)OK ②改OK
  run13 対象 設備19% 金37% 討伐21% タップ23% → (a)OK ②改OK
  run14 対象 設備20% 金34% 討伐23% タップ24% → (a)OK ②改OK
  run15 対象 設備20% 金31% 討伐24% タップ24% → (a)OK ②改OK
  run16 対象 設備23% 金30% 討伐24% タップ23% → (a)OK ②改OK
  run17 対象 設備24% 金29% 討伐24% タップ22% → (a)OK ②改OK
  run18 対象 設備24% 金34% 討伐21% タップ21% → (a)OK ②改OK
  run19 対象 設備25% 金35% 討伐21% タップ19% → (a)OK ②改OK
  run20 対象 設備26% 金34% 討伐20% タップ20% → (a)OK ②改OK
  run21 対象 設備25% 金36% 討伐21% タップ18% → (a)OK ②改OK
  run22 対象 設備27% 金35% 討伐21% タップ17% → (a)OK ②改OK
  run23 対象 設備26% 金31% 討伐27% タップ15% → (a)OK ②改OK
  run24 対象 設備25% 金29% 討伐31% タップ15% → (a)OK ②改OK
  run25 対象 設備24% 金27% 討伐34% タップ15% → (a)OK ②改OK
  run26 対象 設備23% 金30% 討伐32% タップ15% → (a)OK ②改OK
  run27 対象 設備23% 金24% 討伐38% タップ15% → (a)OK ②改OK
  run28 対象 設備23% 金27% 討伐35% タップ15% → (a)OK ②改OK
  run29 対象 設備24% 金30% 討伐30% タップ16% → (a)OK ②改OK
  run30 対象 設備23% 金29% 討伐32% タップ15% → (a)OK ②改OK
  run31 対象 設備23% 金31% 討伐31% タップ15% → (a)OK ②改OK
  run32 対象 設備22% 金36% 討伐28% タップ14% → (a)OK ②改OK
  run33 対象 設備23% 金35% 討伐26% タップ15% → (a)OK ②改OK
  run34 対象 設備26% 金31% 討伐28% タップ15% → (a)OK ②改OK
  run35 対象 設備26% 金29% 討伐29% タップ17% → (a)OK ②改OK
  run36 対象 設備26% 金28% 討伐29% タップ17% → (a)OK ②改OK
  run37 対象 設備27% 金26% 討伐27% タップ20% → (a)OK ②改OK
  run38 対象 設備26% 金26% 討伐32% タップ17% → (a)OK ②改OK
  run39 対象 設備27% 金31% 討伐28% タップ15% → (a)OK ②改OK
  run40 対象 設備27% 金26% 討伐31% タップ17% → (a)OK ②改OK
  run41 対象 設備28% 金28% 討伐30% タップ14% → (a)OK ②改OK
  run42 対象 設備25% 金23% 討伐34% タップ19% → (a)OK ②改OK
  run43 対象 設備24% 金24% 討伐35% タップ17% → (a)OK ②改OK
  run44 対象 設備24% 金21% 討伐36% タップ19% → (a)OK ②改OK
  run45 対象 設備25% 金22% 討伐35% タップ18% → (a)OK ②改OK
  run46 対象 設備22% 金19% 討伐37% タップ21% → (a)OK ②改OK
  run47 対象 設備24% 金23% 討伐35% タップ18% → (a)OK ②改OK
  run48 対象 設備24% 金20% 討伐35% タップ20% → (a)OK ②改OK
