=== ㉘稼ぎ口比率(100h・周回シェア=各tickシェアの周回平均) ===
balanced(S6 早回し転生型) 4つすべて≥10%: 46/50周回 合格
  run 0 対象 設備18% 金37% 討伐13% タップ31% → (a)OK ②改OK
  run 1 対象 設備19% 金49% 討伐11% タップ22% → (a)OK ②改OK
  run 2 対象 設備25% 金50% 討伐10% タップ15% → (a)OK ②改OK
  run 3 対象 設備24% 金57% 討伐7% タップ11% → (a)NG ②改OK
  run 4 対象 設備23% 金56% 討伐9% タップ12% → (a)NG ②改OK
  run 5 対象 設備22% 金57% 討伐11% タップ10% → (a)NG ②改OK
  run 6 対象 設備29% 金47% 討伐13% タップ10% → (a)OK ②改OK
  run 7 対象 設備31% 金45% 討伐14% タップ10% → (a)OK ②改OK
  run 8 対象 設備34% 金43% 討伐14% タップ9% → (a)NG ②改OK
  run 9 対象 設備33% 金37% 討伐15% タップ14% → (a)OK ②改OK
  run10 対象 設備35% 金37% 討伐15% タップ14% → (a)OK ②改OK
  run11 対象 設備27% 金48% 討伐15% タップ11% → (a)OK ②改OK
  run12 対象 設備32% 金39% 討伐17% タップ12% → (a)OK ②改OK
  run13 対象 設備31% 金41% 討伐16% タップ12% → (a)OK ②改OK
  run14 対象 設備33% 金37% 討伐18% タップ12% → (a)OK ②改OK
  run15 対象 設備30% 金35% 討伐18% タップ16% → (a)OK ②改OK
  run16 対象 設備34% 金27% 討伐21% タップ18% → (a)OK ②改OK
  run17 対象 設備36% 金25% 討伐22% タップ18% → (a)OK ②改OK
  run18 対象 設備35% 金28% 討伐21% タップ16% → (a)OK ②改OK
  run19 対象 設備35% 金26% 討伐22% タップ17% → (a)OK ②改OK
  run20 対象 設備35% 金27% 討伐21% タップ16% → (a)OK ②改OK
  run21 対象 設備34% 金30% 討伐21% タップ15% → (a)OK ②改OK
  run22 対象 設備36% 金29% 討伐22% タップ13% → (a)OK ②改OK
  run23 対象 設備32% 金33% 討伐20% タップ16% → (a)OK ②改OK
  run24 対象 設備33% 金22% 討伐31% タップ14% → (a)OK ②改OK
  run25 対象 設備30% 金24% 討伐34% タップ13% → (a)OK ②改OK
  run26 対象 設備27% 金29% 討伐31% タップ13% → (a)OK ②改OK
  run27 対象 設備24% 金26% 討伐37% タップ13% → (a)OK ②改OK
  run28 対象 設備25% 金23% 討伐39% タップ13% → (a)OK ②改OK
  run29 対象 設備24% 金23% 討伐40% タップ13% → (a)OK ②改OK
  run30 対象 設備20% 金35% 討伐31% タップ15% → (a)OK ②改OK
  run31 対象 設備19% 金35% 討伐31% タップ14% → (a)OK ②改OK
  run32 対象 設備18% 金31% 討伐36% タップ15% → (a)OK ②改OK
  run33 対象 設備17% 金37% 討伐32% タップ14% → (a)OK ②改OK
  run34 対象 設備18% 金29% 討伐36% タップ16% → (a)OK ②改OK
  run35 対象 設備17% 金30% 討伐36% タップ17% → (a)OK ②改OK
  run36 対象 設備18% 金32% 討伐31% タップ19% → (a)OK ②改OK
  run37 対象 設備19% 金32% 討伐29% タップ20% → (a)OK ②改OK
  run38 対象 設備16% 金29% 討伐36% タップ19% → (a)OK ②改OK
  run39 対象 設備18% 金28% 討伐31% タップ23% → (a)OK ②改OK
  run40 対象 設備18% 金26% 討伐30% タップ26% → (a)OK ②改OK
  run41 対象 設備18% 金26% 討伐32% タップ25% → (a)OK ②改OK
  run42 対象 設備18% 金28% 討伐31% タップ23% → (a)OK ②改OK
  run43 対象 設備15% 金25% 討伐37% タップ23% → (a)OK ②改OK
  run44 対象 設備16% 金23% 討伐32% タップ29% → (a)OK ②改OK
  run45 対象 設備16% 金24% 討伐35% タップ25% → (a)OK ②改OK
  run46 対象 設備16% 金20% 討伐34% タップ30% → (a)OK ②改OK
  run47 対象 設備15% 金20% 討伐35% タップ29% → (a)OK ②改OK
  run48 対象 設備16% 金23% 討伐34% タップ27% → (a)OK ②改OK
  run49 対象 設備17% 金23% 討伐38% タップ22% → (a)OK ②改OK
