=== ㉘稼ぎ口比率(100h・周回シェア=各tickシェアの周回平均) ===
balanced(S6 早回し転生型) 4つすべて≥10%: 10/48周回 合格
  run 0 対象 設備41% 金13% 討伐6% タップ40% → (a)NG ②改OK
  run 1 対象 設備47% 金24% 討伐5% タップ25% → (a)NG ②改OK
  run 2 対象 設備43% 金34% 討伐6% タップ18% → (a)NG ②改OK
  run 3 対象 設備36% 金47% 討伐4% タップ14% → (a)NG ②改OK
  run 4 対象 設備23% 金58% 討伐8% タップ12% → (a)NG ②改OK
  run 5 対象 設備30% 金50% 討伐10% タップ11% → (a)NG ②改OK
  run 6 対象 設備32% 金50% 討伐9% タップ9% → (a)NG ②改OK
  run 7 対象 設備30% 金48% 討伐10% タップ13% → (a)NG ②改OK
  run 8 対象 設備29% 金50% 討伐9% タップ12% → (a)NG ②改OK
  run 9 対象 設備27% 金53% 討伐9% タップ11% → (a)NG ②改OK
  run10 対象 設備28% 金52% 討伐9% タップ12% → (a)NG ②改OK
  run11 対象 設備28% 金51% 討伐9% タップ11% → (a)NG ②改OK
  run12 対象 設備29% 金49% 討伐10% タップ12% → (a)NG ②改OK
  run13 対象 設備26% 金46% 討伐11% タップ18% → (a)OK ②改OK
  run14 対象 設備28% 金40% 討伐12% タップ20% → (a)OK ②改OK
  run15 対象 設備29% 金38% 討伐13% タップ20% → (a)OK ②改OK
  run16 対象 設備28% 金37% 討伐14% タップ21% → (a)OK ②改OK
  run17 対象 設備26% 金41% 討伐13% タップ20% → (a)OK ②改OK
  run18 対象 設備26% 金40% 討伐14% タップ20% → (a)OK ②改OK
  run19 対象 設備25% 金43% 討伐14% タップ18% → (a)OK ②改OK
  run20 対象 設備24% 金46% 討伐14% タップ16% → (a)OK ②改OK
  run21 対象 設備26% 金38% 討伐21% タップ16% → (a)OK ②改OK
  run22 対象 設備24% 金33% 討伐29% タップ14% → (a)OK ②改OK
  run23 対象 設備15% 金45% 討伐30% タップ9% → (a)NG ②改OK
  run24 対象 設備18% 金36% 討伐37% タップ10% → (a)NG ②改OK
  run25 対象 設備10% 金40% 討伐43% タップ7% → (a)NG ②改OK
  run26 対象 設備13% 金31% 討伐49% タップ7% → (a)NG ②改OK
  run27 対象 設備11% 金30% 討伐52% タップ7% → (a)NG ②改OK
  run28 対象 設備6% 金43% 討伐46% タップ5% → (a)NG ②改OK
  run29 対象 設備9% 金44% 討伐40% タップ7% → (a)NG ②改OK
  run30 対象 設備8% 金46% 討伐40% タップ6% → (a)NG ②改OK
  run31 対象 設備9% 金36% 討伐49% タップ6% → (a)NG ②改OK
  run32 対象 設備9% 金46% 討伐38% タップ7% → (a)NG ②改OK
  run33 対象 設備5% 金31% 討伐41% タップ23% → (a)NG ②改OK
  run34 対象 設備5% 金33% 討伐39% タップ23% → (a)NG ②改OK
  run35 対象 設備4% 金34% 討伐41% タップ21% → (a)NG ②改OK
  run36 対象 設備5% 金27% 討伐36% タップ32% → (a)NG ②改OK
  run37 対象 設備4% 金28% 討伐44% タップ24% → (a)NG ②改OK
  run38 対象 設備4% 金27% 討伐42% タップ26% → (a)NG ②改OK
  run39 対象 設備5% 金27% 討伐44% タップ24% → (a)NG ②改OK
  run40 対象 設備4% 金26% 討伐42% タップ27% → (a)NG ②改OK
  run41 対象 設備5% 金24% 討伐45% タップ25% → (a)NG ②改OK
  run42 対象 設備4% 金24% 討伐44% タップ28% → (a)NG ②改OK
  run43 対象 設備4% 金24% 討伐46% タップ26% → (a)NG ②改OK
  run44 対象 設備5% 金19% 討伐46% タップ30% → (a)NG ②改OK
  run45 対象 設備4% 金21% 討伐49% タップ25% → (a)NG ②改OK
  run46 対象 設備5% 金19% 討伐46% タップ30% → (a)NG ②改OK
  run47 対象 設備5% 金18% 討伐43% タップ33% → (a)NG ②改OK
click(S2 クリック会心型) 主役=タップ≥30%: 24/48周回 合格
  run 0 対象 設備26% 金9% 討伐4% タップ62% → (a)OK ②改NG
  run 1 対象 設備31% 金21% 討伐4% タップ44% → (a)OK ②改OK
  run 2 対象 設備35% 金29% 討伐4% タップ33% → (a)OK ②改OK
  run 3 対象 設備30% 金39% 討伐3% タップ28% → (a)NG ②改OK
  run 4 対象 設備23% 金50% 討伐5% タップ23% → (a)NG ②改OK
  run 5 対象 設備23% 金42% 討伐11% タップ24% → (a)NG ②改OK
  run 6 対象 設備28% 金43% 討伐10% タップ19% → (a)NG ②改OK
  run 7 対象 設備28% 金31% 討伐12% タップ29% → (a)NG ②改OK
  run 8 対象 設備30% 金32% 討伐12% タップ27% → (a)NG ②改OK
  run 9 対象 設備28% 金34% 討伐11% タップ27% → (a)NG ②改OK
  run10 対象 設備29% 金33% 討伐12% タップ27% → (a)NG ②改OK
  run11 対象 設備28% 金37% 討伐11% タップ24% → (a)NG ②改OK
  run12 対象 設備28% 金37% 討伐11% タップ25% → (a)NG ②改OK
  run13 対象 設備25% 金31% 討伐12% タップ32% → (a)OK ②改OK
  run14 対象 設備26% 金24% 討伐14% タップ37% → (a)OK ②改OK
  run15 対象 設備26% 金27% 討伐13% タップ33% → (a)OK ②改OK
  run16 対象 設備27% 金27% 討伐13% タップ33% → (a)OK ②改OK
  run17 対象 設備27% 金28% 討伐13% タップ32% → (a)OK ②改OK
  run18 対象 設備26% 金33% 討伐13% タップ28% → (a)NG ②改OK
  run19 対象 設備26% 金30% 討伐13% タップ30% → (a)OK ②改OK
  run20 対象 設備27% 金31% 討伐13% タップ29% → (a)NG ②改OK
  run21 対象 設備25% 金43% 討伐13% タップ18% → (a)NG ②改OK
  run22 対象 設備30% 金29% 討伐22% タップ19% → (a)NG ②改OK
  run23 対象 設備28% 金30% 討伐21% タップ20% → (a)NG ②改OK
  run24 対象 設備27% 金28% 討伐26% タップ19% → (a)NG ②改OK
  run25 対象 設備18% 金39% 討伐31% タップ13% → (a)NG ②改OK
  run26 対象 設備21% 金28% 討伐35% タップ16% → (a)NG ②改OK
  run27 対象 設備20% 金27% 討伐38% タップ15% → (a)NG ②改OK
  run28 対象 設備25% 金19% 討伐36% タップ20% → (a)NG ②改OK
  run29 対象 設備17% 金27% 討伐42% タップ14% → (a)NG ②改OK
  run30 対象 設備17% 金30% 討伐37% タップ17% → (a)NG ②改OK
  run31 対象 設備16% 金22% 討伐43% タップ19% → (a)NG ②改OK
  run32 対象 設備19% 金21% 討伐48% タップ12% → (a)NG ②改OK
  run33 対象 設備6% 金20% 討伐27% タップ47% → (a)OK ②改OK
  run34 対象 設備6% 金12% 討伐14% タップ67% → (a)OK ②改NG
  run35 対象 設備5% 金19% 討伐21% タップ55% → (a)OK ②改NG
  run36 対象 設備6% 金11% 討伐20% タップ63% → (a)OK ②改NG
  run37 対象 設備6% 金12% 討伐21% タップ61% → (a)OK ②改NG
  run38 対象 設備5% 金18% 討伐20% タップ56% → (a)OK ②改NG
  run39 対象 設備5% 金17% 討伐21% タップ56% → (a)OK ②改NG
  run40 対象 設備5% 金14% 討伐27% タップ54% → (a)OK ②改NG
  run41 対象 設備5% 金20% 討伐21% タップ54% → (a)OK ②改NG
  run42 対象 設備6% 金13% 討伐29% タップ53% → (a)OK ②改NG
  run43 対象 設備6% 金10% 討伐23% タップ61% → (a)OK ②改NG
  run44 対象 設備5% 金15% 討伐19% タップ62% → (a)OK ②改NG
  run45 対象 設備5% 金10% 討伐23% タップ62% → (a)OK ②改NG
  run46 対象 設備5% 金11% 討伐25% タップ59% → (a)OK ②改NG
  run47 対象 設備5% 金14% 討伐19% タップ62% → (a)OK ②改NG
golden(S3 金クッキー特化型) 主役=金クッキー≥30%: 42/44周回 合格
  run 0 対象外 設備43% 金13% 討伐5% タップ39%
  run 1 対象外 設備50% 金28% 討伐3% タップ19%
  run 2 対象外 設備32% 金51% 討伐4% タップ13%
  run 3 対象 設備32% 金54% 討伐3% タップ11% → (a)OK ②改NG
  run 4 対象 設備12% 金66% 討伐8% タップ14% → (a)OK ②改NG
  run 5 対象 設備16% 金63% 討伐8% タップ13% → (a)OK ②改NG
  run 6 対象 設備64% 金20% 討伐0% タップ16% → (a)NG ②改OK
  run 7 対象 設備19% 金59% 討伐9% タップ13% → (a)OK ②改NG
  run 8 対象 設備55% 金21% 討伐0% タップ23% → (a)NG ②改OK
  run 9 対象 設備17% 金65% 討伐8% タップ11% → (a)OK ②改NG
  run10 対象 設備19% 金60% 討伐9% タップ11% → (a)OK ②改NG
  run11 対象 設備20% 金59% 討伐10% タップ11% → (a)OK ②改NG
  run12 対象 設備20% 金57% 討伐11% タップ13% → (a)OK ②改NG
  run13 対象 設備19% 金47% 討伐13% タップ21% → (a)OK ②改OK
  run14 対象 設備20% 金43% 討伐14% タップ22% → (a)OK ②改OK
  run15 対象 設備21% 金40% 討伐16% タップ23% → (a)OK ②改OK
  run16 対象 設備24% 金33% 討伐19% タップ24% → (a)OK ②改OK
  run17 対象 設備22% 金38% 討伐18% タップ22% → (a)OK ②改OK
  run18 対象 設備20% 金44% 討伐16% タップ20% → (a)OK ②改OK
  run19 対象 設備19% 金47% 討伐16% タップ18% → (a)OK ②改OK
  run20 対象 設備23% 金39% 討伐20% タップ19% → (a)OK ②改OK
  run21 対象 設備24% 金35% 討伐23% タップ18% → (a)OK ②改OK
  run22 対象 設備25% 金36% 討伐24% タップ15% → (a)OK ②改OK
  run23 対象 設備26% 金33% 討伐26% タップ15% → (a)OK ②改OK
  run24 対象 設備24% 金34% 討伐27% タップ14% → (a)OK ②改OK
  run25 対象 設備20% 金39% 討伐29% タップ11% → (a)OK ②改OK
  run26 対象 設備19% 金43% 討伐27% タップ11% → (a)OK ②改OK
  run27 対象 設備20% 金54% 討伐14% タップ13% → (a)OK ②改NG
  run28 対象 設備13% 金70% 討伐8% タップ9% → (a)OK ②改NG
  run29 対象 設備12% 金73% 討伐7% タップ9% → (a)OK ②改NG
  run30 対象 設備12% 金73% 討伐7% タップ9% → (a)OK ②改NG
  run31 対象 設備14% 金68% 討伐9% タップ9% → (a)OK ②改NG
  run32 対象 設備13% 金68% 討伐8% タップ10% → (a)OK ②改NG
  run33 対象 設備7% 金46% 討伐4% タップ43% → (a)OK ②改OK
  run34 対象 設備7% 金47% 討伐4% タップ41% → (a)OK ②改OK
  run35 対象 設備7% 金44% 討伐4% タップ46% → (a)OK ②改OK
  run36 対象 設備7% 金54% 討伐4% タップ35% → (a)OK ②改NG
  run37 対象 設備7% 金40% 討伐4% タップ49% → (a)OK ②改OK
  run38 対象 設備7% 金47% 討伐4% タップ43% → (a)OK ②改OK
  run39 対象 設備7% 金44% 討伐4% タップ46% → (a)OK ②改OK
  run40 対象 設備7% 金46% 討伐4% タップ44% → (a)OK ②改OK
  run41 対象 設備7% 金39% 討伐4% タップ51% → (a)OK ②改OK
  run42 対象 設備7% 金46% 討伐4% タップ42% → (a)OK ②改OK
  run43 対象 設備6% 金41% 討伐3% タップ49% → (a)OK ②改OK
  run44 対象 設備6% 金50% 討伐3% タップ40% → (a)OK ②改OK
  run45 対象 設備6% 金40% 討伐18% タップ36% → (a)OK ②改OK
  run46 対象 設備7% 金41% 討伐18% タップ33% → (a)OK ②改OK
hunt(S4 狩猟特化型) 主役=討伐由来≥30%: 29/43周回 合格
  run 0 対象外 設備44% 金17% 討伐3% タップ36%
  run 1 対象外 設備45% 金34% 討伐2% タップ19%
  run 2 対象外 設備7% 金38% 討伐35% タップ20%
  run 3 対象外 設備28% 金58% 討伐4% タップ9%
  run 4 対象 設備4% 金50% 討伐34% タップ12% → (a)OK ②改OK
  run 5 対象 設備39% 金43% 討伐3% タップ15% → (a)NG ②改OK
  run 6 対象 設備49% 金38% 討伐6% タップ7% → (a)NG ②改OK
  run 7 対象 設備9% 金48% 討伐35% タップ8% → (a)OK ②改OK
  run 8 対象 設備10% 金44% 討伐39% タップ6% → (a)OK ②改OK
  run 9 対象 設備8% 金58% 討伐28% タップ6% → (a)NG ②改OK
  run10 対象 設備9% 金53% 討伐31% タップ6% → (a)OK ②改OK
  run11 対象 設備9% 金57% 討伐29% タップ5% → (a)NG ②改OK
  run12 対象 設備11% 金55% 討伐29% タップ6% → (a)NG ②改OK
  run13 対象 設備8% 金57% 討伐29% タップ6% → (a)NG ②改OK
  run14 対象 設備7% 金60% 討伐27% タップ6% → (a)NG ②改OK
  run15 対象 設備10% 金51% 討伐32% タップ7% → (a)OK ②改OK
  run16 対象 設備33% 金10% 討伐41% タップ16% → (a)OK ②改OK
  run17 対象 設備7% 金64% 討伐24% タップ6% → (a)NG ②改OK
  run18 対象 設備9% 金59% 討伐26% タップ6% → (a)NG ②改OK
  run19 対象 設備9% 金59% 討伐25% タップ7% → (a)NG ②改OK
  run20 対象 設備23% 金37% 討伐28% タップ12% → (a)NG ②改OK
  run21 対象 設備6% 金60% 討伐27% タップ7% → (a)NG ②改OK
  run22 対象 設備12% 金49% 討伐32% タップ7% → (a)OK ②改OK
  run23 対象 設備8% 金50% 討伐36% タップ6% → (a)OK ②改OK
  run24 対象 設備10% 金48% 討伐36% タップ6% → (a)OK ②改OK
  run25 対象 設備8% 金45% 討伐42% タップ5% → (a)OK ②改OK
  run26 対象 設備8% 金40% 討伐47% タップ5% → (a)OK ②改OK
  run27 対象 設備23% 金27% 討伐40% タップ9% → (a)OK ②改OK
  run28 対象 設備9% 金30% 討伐56% タップ5% → (a)OK ②改NG
  run29 対象 設備16% 金26% 討伐51% タップ7% → (a)OK ②改OK
  run30 対象 設備15% 金25% 討伐54% タップ7% → (a)OK ②改NG
  run31 対象 設備14% 金24% 討伐55% タップ7% → (a)OK ②改NG
  run32 対象 設備16% 金25% 討伐52% タップ7% → (a)OK ②改NG
  run33 対象 設備3% 金24% 討伐64% タップ9% → (a)OK ②改NG
  run34 対象 設備4% 金22% 討伐37% タップ37% → (a)OK ②改OK
  run35 対象 設備3% 金18% 討伐57% タップ22% → (a)OK ②改NG
  run36 対象 設備4% 金22% 討伐31% タップ43% → (a)OK ②改OK
  run37 対象 設備3% 金19% 討伐63% タップ14% → (a)OK ②改NG
  run38 対象 設備3% 金19% 討伐64% タップ15% → (a)OK ②改NG
  run39 対象 設備5% 金14% 討伐35% タップ46% → (a)OK ②改OK
  run40 対象 設備4% 金20% 討伐34% タップ42% → (a)OK ②改OK
  run41 対象 設備3% 金14% 討伐65% タップ18% → (a)OK ②改NG
  run42 対象 設備4% 金14% 討伐53% タップ29% → (a)OK ②改NG
  run43 対象 設備4% 金12% 討伐38% タップ45% → (a)OK ②改OK
  run44 対象 設備4% 金23% 討伐22% タップ50% → (a)NG ②改OK
  run45 対象 設備4% 金13% 討伐54% タップ29% → (a)OK ②改NG
  run46 対象 設備11% 金36% 討伐18% タップ35% → (a)NG ②改OK
bake(S1 バランス効率型) 主役=設備生産≥30%: 23/47周回 合格
  run 0 対象 設備39% 金13% 討伐5% タップ43% → (a)OK ②改OK
  run 1 対象 設備50% 金23% 討伐3% タップ23% → (a)OK ②改OK
  run 2 対象 設備49% 金31% 討伐4% タップ16% → (a)OK ②改OK
  run 3 対象 設備42% 金42% 討伐3% タップ12% → (a)OK ②改OK
  run 4 対象 設備23% 金55% 討伐8% タップ13% → (a)NG ②改OK
  run 5 対象 設備37% 金42% 討伐9% タップ12% → (a)OK ②改OK
  run 6 対象 設備76% 金12% 討伐0% タップ12% → (a)OK ②改NG
  run 7 対象 設備42% 金33% 討伐9% タップ15% → (a)OK ②改OK
  run 8 対象 設備40% 金40% 討伐8% タップ12% → (a)OK ②改OK
  run 9 対象 設備40% 金41% 討伐8% タップ12% → (a)OK ②改OK
  run10 対象 設備41% 金39% 討伐8% タップ12% → (a)OK ②改OK
  run11 対象 設備45% 金37% 討伐8% タップ11% → (a)OK ②改OK
  run12 対象 設備44% 金36% 討伐8% タップ12% → (a)OK ②改OK
  run13 対象 設備43% 金33% 討伐9% タップ16% → (a)OK ②改OK
  run14 対象 設備42% 金30% 討伐10% タップ17% → (a)OK ②改OK
  run15 対象 設備44% 金29% 討伐11% タップ17% → (a)OK ②改OK
  run16 対象 設備48% 金25% 討伐10% タップ16% → (a)OK ②改OK
  run17 対象 設備44% 金31% 討伐10% タップ15% → (a)OK ②改OK
  run18 対象 設備45% 金31% 討伐10% タップ13% → (a)OK ②改OK
  run19 対象 設備44% 金32% 討伐11% タップ13% → (a)OK ②改OK
  run20 対象 設備44% 金33% 討伐10% タップ12% → (a)OK ②改OK
  run21 対象 設備30% 金45% 討伐14% タップ11% → (a)OK ②改OK
  run22 対象 設備32% 金41% 討伐19% タップ9% → (a)OK ②改OK
  run23 対象 設備37% 金29% 討伐25% タップ9% → (a)OK ②改OK
  run24 対象 設備29% 金36% 討伐27% タップ8% → (a)NG ②改OK
  run25 対象 設備26% 金28% 討伐40% タップ7% → (a)NG ②改OK
  run26 対象 設備24% 金26% 討伐44% タップ6% → (a)NG ②改OK
  run27 対象 設備23% 金39% 討伐29% タップ9% → (a)NG ②改OK
  run28 対象 設備14% 金39% 討伐41% タップ6% → (a)NG ②改OK
  run29 対象 設備16% 金46% 討伐30% タップ7% → (a)NG ②改OK
  run30 対象 設備13% 金40% 討伐42% タップ5% → (a)NG ②改OK
  run31 対象 設備12% 金47% 討伐35% タップ6% → (a)NG ②改OK
  run32 対象 設備12% 金38% 討伐46% タップ4% → (a)NG ②改OK
  run33 対象 設備10% 金30% 討伐40% タップ20% → (a)NG ②改OK
  run34 対象 設備9% 金26% 討伐40% タップ25% → (a)NG ②改OK
  run35 対象 設備9% 金25% 討伐43% タップ22% → (a)NG ②改OK
  run36 対象 設備8% 金25% 討伐45% タップ23% → (a)NG ②改OK
  run37 対象 設備9% 金24% 討伐45% タップ22% → (a)NG ②改OK
  run38 対象 設備8% 金24% 討伐44% タップ24% → (a)NG ②改OK
  run39 対象 設備8% 金23% 討伐45% タップ23% → (a)NG ②改OK
  run40 対象 設備8% 金22% 討伐45% タップ24% → (a)NG ②改OK
  run41 対象 設備8% 金20% 討伐46% タップ25% → (a)NG ②改OK
  run42 対象 設備9% 金18% 討伐46% タップ27% → (a)NG ②改OK
  run43 対象 設備8% 金22% 討伐42% タップ29% → (a)NG ②改OK
  run44 対象 設備9% 金20% 討伐42% タップ30% → (a)NG ②改OK
  run45 対象 設備10% 金16% 討伐42% タップ33% → (a)NG ②改OK
  run46 対象 設備8% 金20% 討伐42% タップ30% → (a)NG ②改OK
㉘合計: 128/230周回
②(改・ジャンル一強禁止 得意ジャンルlift≤±1.5倍) 合計: 140/182周回
