=== override={"monster":{"killValueSec":8}} (100h) ===
click(S2) ㉘(a) 37/48 ②改 28/48 | 前半中央値 設38 金17 討15 打31 | 後半中央値 設12 金11 討16 打57
  run 0 対象 設25% 金8% 討7% 打59% (a)OK ②改NG
  run 1 対象 設31% 金20% 討7% 打42% (a)OK ②改OK
  run 2 対象 設40% 金26% 討7% 打28% (a)NG ②改OK
  run 3 対象 設30% 金39% 討6% 打25% (a)NG ②改OK
  run 4 対象 設30% 金41% 討9% 打20% (a)NG ②改OK
  run 5 対象 設30% 金35% 討16% 打19% (a)NG ②改OK
  run 6 対象 設33% 金36% 討15% 打16% (a)NG ②改OK
  run 7 対象 設38% 金22% 討17% 打22% (a)NG ②改OK
  run 8 対象 設38% 金24% 討17% 打21% (a)NG ②改OK
  run 9 対象 設36% 金27% 討15% 打21% (a)NG ②改OK
  run10 対象 設38% 金24% 討15% 打23% (a)NG ②改OK
  run11 対象 設39% 金22% 討15% 打24% (a)NG ②改OK
  run12 対象 設41% 金18% 討16% 打26% (a)NG ②改OK
  run13 対象 設38% 金16% 討16% 打31% (a)OK ②改OK
  run14 対象 設38% 金13% 討17% 打32% (a)OK ②改OK
  run15 対象 設39% 金11% 討16% 打34% (a)OK ②改OK
  run16 対象 設41% 金11% 討15% 打33% (a)OK ②改OK
  run17 対象 設41% 金11% 討15% 打33% (a)OK ②改OK
  run18 対象 設40% 金12% 討15% 打33% (a)OK ②改OK
  run19 対象 設38% 金13% 討14% 打35% (a)OK ②改OK
  run20 対象 設39% 金11% 討14% 打36% (a)OK ②改OK
  run21 対象 設41% 金10% 討16% 打33% (a)OK ②改OK
  run22 対象 設37% 金11% 討17% 打35% (a)OK ②改OK
  run23 対象 設31% 金11% 討15% 打43% (a)OK ②改OK
  run24 対象 設34% 金10% 討18% 打38% (a)OK ②改OK
  run25 対象 設27% 金11% 討17% 打45% (a)OK ②改OK
  run26 対象 設21% 金11% 討14% 打55% (a)OK ②改NG
  run27 対象 設24% 金9% 討16% 打50% (a)OK ②改OK
  run28 対象 設29% 金7% 討18% 打46% (a)OK ②改OK
  run29 対象 設19% 金9% 討19% 打53% (a)OK ②改NG
  run30 対象 設18% 金9% 討19% 打54% (a)OK ②改NG
  run31 対象 設16% 金10% 討16% 打58% (a)OK ②改NG
  run32 対象 設18% 金11% 討17% 打53% (a)OK ②改NG
  run33 対象 設14% 金19% 討17% 打50% (a)OK ②改OK
  run34 対象 設12% 金12% 討20% 打56% (a)OK ②改NG
  run35 対象 設12% 金17% 討19% 打51% (a)OK ②改NG
  run36 対象 設11% 金16% 討16% 打56% (a)OK ②改NG
  run37 対象 設10% 金11% 討16% 打64% (a)OK ②改NG
  run38 対象 設10% 金15% 討14% 打61% (a)OK ②改NG
  run39 対象 設9% 金11% 討13% 打68% (a)OK ②改NG
  run40 対象 設11% 金17% 討14% 打58% (a)OK ②改NG
  run41 対象 設9% 金10% 討13% 打67% (a)OK ②改NG
  run42 対象 設10% 金11% 討15% 打64% (a)OK ②改NG
  run43 対象 設11% 金15% 討14% 打60% (a)OK ②改NG
  run44 対象 設8% 金10% 討12% 打71% (a)OK ②改NG
  run45 対象 設9% 金13% 討13% 打65% (a)OK ②改NG
  run46 対象 設9% 金13% 討13% 打65% (a)OK ②改NG
  run47 対象 設8% 金10% 討13% 打69% (a)OK ②改NG
bake(S1) ㉘(a) 46/47 ②改 39/47 | 前半中央値 設49 金26 討12 打10 | 後半中央値 設39 金17 討30 打15
  run 0 対象 設36% 金12% 討10% 打41% (a)OK ②改OK
  run 1 対象 設48% 金23% 討7% 打22% (a)OK ②改OK
  run 2 対象 設41% 金33% 討11% 打15% (a)OK ②改OK
  run 3 対象 設35% 金45% 討8% 打12% (a)OK ②改OK
  run 4 対象 設28% 金51% 討12% 打10% (a)NG ②改OK
  run 5 対象 設37% 金39% 討13% 打10% (a)OK ②改OK
  run 6 対象 設78% 金11% 討0% 打10% (a)OK ②改NG
  run 7 対象 設45% 金31% 討13% 打11% (a)OK ②改OK
  run 8 対象 設42% 金36% 討12% 打10% (a)OK ②改OK
  run 9 対象 設45% 金33% 討11% 打10% (a)OK ②改OK
  run10 対象 設47% 金33% 討12% 打9% (a)OK ②改OK
  run11 対象 設49% 金32% 討11% 打9% (a)OK ②改OK
  run12 対象 設50% 金29% 討11% 打9% (a)OK ②改OK
  run13 対象 設49% 金26% 討12% 打13% (a)OK ②改OK
  run14 対象 設49% 金24% 討13% 打14% (a)OK ②改OK
  run15 対象 設52% 金22% 討13% 打13% (a)OK ②改NG
  run16 対象 設53% 金24% 討11% 打12% (a)OK ②改NG
  run17 対象 設52% 金25% 討12% 打11% (a)OK ②改NG
  run18 対象 設52% 金26% 討12% 打10% (a)OK ②改NG
  run19 対象 設53% 金25% 討12% 打10% (a)OK ②改NG
  run20 対象 設55% 金26% 討10% 打9% (a)OK ②改NG
  run21 対象 設53% 金22% 討16% 打10% (a)OK ②改NG
  run22 対象 設51% 金19% 討21% 打9% (a)OK ②改OK
  run23 対象 設48% 金19% 討25% 打9% (a)OK ②改OK
  run24 対象 設48% 金20% 討24% 打8% (a)OK ②改OK
  run25 対象 設42% 金19% 討30% 打8% (a)OK ②改OK
  run26 対象 設41% 金18% 討32% 打8% (a)OK ②改OK
  run27 対象 設48% 金22% 討19% 打11% (a)OK ②改OK
  run28 対象 設46% 金26% 討18% 打11% (a)OK ②改OK
  run29 対象 設46% 金24% 討20% 打11% (a)OK ②改OK
  run30 対象 設47% 金23% 討19% 打11% (a)OK ②改OK
  run31 対象 設43% 金17% 討29% 打10% (a)OK ②改OK
  run32 対象 設44% 金24% 討22% 打10% (a)OK ②改OK
  run33 対象 設40% 金19% 討25% 打16% (a)OK ②改OK
  run34 対象 設39% 金15% 討31% 打15% (a)OK ②改OK
  run35 対象 設38% 金17% 討31% 打14% (a)OK ②改OK
  run36 対象 設36% 金17% 討33% 打15% (a)OK ②改OK
  run37 対象 設38% 金15% 討31% 打16% (a)OK ②改OK
  run38 対象 設38% 金14% 討33% 打16% (a)OK ②改OK
  run39 対象 設38% 金15% 討32% 打15% (a)OK ②改OK
  run40 対象 設38% 金17% 討30% 打15% (a)OK ②改OK
  run41 対象 設34% 金12% 討31% 打23% (a)OK ②改OK
  run42 対象 設35% 金12% 討35% 打19% (a)OK ②改OK
  run43 対象 設35% 金14% 討33% 打18% (a)OK ②改OK
  run44 対象 設33% 金15% 討30% 打22% (a)OK ②改OK
  run45 対象 設33% 金10% 討33% 打23% (a)OK ②改OK
  run46 対象 設33% 金10% 討32% 打24% (a)OK ②改OK
合計(㉘(a) click+bake): 83/95 ②改 67/95
