=== override={"monster":{"killValueSec":9}} (100h) ===
hunt(S4) ㉘(a) 34/41 ②改 31/41 | 前半中央値 設14 金44 討36 打7 | 後半中央値 設9 金18 討49 打10
  run 0   外 設36% 金16% 討7% 打41%
  run 1   外 設32% 金50% 討4% 打14%
  run 2   外 設4% 金37% 討44% 打15%
  run 3   外 設4% 金40% 討42% 打13%
  run 4   外 設5% 金46% 討42% 打7%
  run 5 対象 設46% 金38% 討4% 打12% (a)NG ②改OK
  run 6 対象 設8% 金46% 討39% 打7% (a)OK ②改OK
  run 7 対象 設10% 金45% 討40% 打5% (a)OK ②改OK
  run 8 対象 設10% 金51% 討34% 打5% (a)OK ②改OK
  run 9 対象 設11% 金43% 討40% 打5% (a)OK ②改OK
  run10 対象 設10% 金48% 討37% 打5% (a)OK ②改OK
  run11 対象 設12% 金43% 討40% 打5% (a)OK ②改OK
  run12 対象 設13% 金44% 討39% 打5% (a)OK ②改OK
  run13 対象 設13% 金43% 討38% 打5% (a)OK ②改OK
  run14 対象 設13% 金49% 討33% 打5% (a)OK ②改OK
  run15 対象 設14% 金48% 討32% 打6% (a)OK ②改OK
  run16 対象 設47% 金5% 討31% 打16% (a)OK ②改OK
  run17 対象 設15% 金53% 討26% 打7% (a)NG ②改OK
  run18 対象 設15% 金56% 討23% 打7% (a)NG ②改OK
  run19 対象 設15% 金53% 討25% 打7% (a)NG ②改OK
  run20 対象 設34% 金21% 討34% 打11% (a)OK ②改OK
  run21 対象 設19% 金45% 討26% 打11% (a)NG ②改OK
  run22 対象 設16% 金37% 討38% 打9% (a)OK ②改OK
  run23 対象 設17% 金32% 討42% 打8% (a)OK ②改OK
  run24 対象 設18% 金29% 討45% 打8% (a)OK ②改OK
  run25 対象 設16% 金28% 討49% 打7% (a)OK ②改OK
  run26 対象 設16% 金26% 討52% 打7% (a)OK ②改NG
  run27 対象 設34% 金18% 討37% 打10% (a)OK ②改OK
  run28 対象 設31% 金19% 討40% 打10% (a)OK ②改OK
  run29 対象 設28% 金18% 討45% 打9% (a)OK ②改OK
  run30 対象 設27% 金17% 討47% 打9% (a)OK ②改OK
  run31 対象 設27% 金14% 討49% 打10% (a)OK ②改OK
  run32 対象 設26% 金19% 討46% 打10% (a)OK ②改OK
  run33 対象 設10% 金22% 討64% 打5% (a)OK ②改NG
  run34 対象 設9% 金21% 討61% 打8% (a)OK ②改NG
  run35 対象 設9% 金19% 討67% 打6% (a)OK ②改NG
  run36 対象 設10% 金27% 討49% 打13% (a)OK ②改OK
  run37 対象 設9% 金20% 討62% 打9% (a)OK ②改NG
  run38 対象 設8% 金17% 討66% 打10% (a)OK ②改NG
  run39 対象 設9% 金13% 討31% 打47% (a)OK ②改OK
  run40 対象 設9% 金17% 討24% 打49% (a)NG ②改OK
  run41 対象 設7% 金12% 討53% 打28% (a)OK ②改NG
  run42 対象 設7% 金13% 討63% 打16% (a)OK ②改NG
  run43 対象 設7% 金11% 討54% 打28% (a)OK ②改NG
  run44 対象 設9% 金21% 討23% 打46% (a)NG ②改OK
  run45 対象 設7% 金12% 討53% 打28% (a)OK ②改NG
balanced(S6) ㉘(a) 42/48 ②改 0/0 | 前半中央値 設35 金31 討17 打14 | 後半中央値 設18 金28 討33 打21
  run 0 対象 設38% 金13% 討13% 打37% (a)OK ②改OK
  run 1 対象 設44% 金22% 討11% 打23% (a)OK ②改OK
  run 2 対象 設43% 金28% 討12% 打16% (a)OK ②改OK
  run 3 対象 設37% 金41% 討9% 打13% (a)NG ②改OK
  run 4 対象 設29% 金51% 討11% 打9% (a)NG ②改OK
  run 5 対象 設33% 金43% 討16% 打9% (a)NG ②改OK
  run 6 対象 設33% 金45% 討15% 打7% (a)NG ②改OK
  run 7 対象 設34% 金39% 討16% 打11% (a)OK ②改OK
  run 8 対象 設32% 金43% 討15% 打10% (a)NG ②改OK
  run 9 対象 設33% 金43% 討14% 打10% (a)NG ②改OK
  run10 対象 設35% 金39% 討16% 打11% (a)OK ②改OK
  run11 対象 設36% 金37% 討16% 打11% (a)OK ②改OK
  run12 対象 設37% 金35% 討17% 打11% (a)OK ②改OK
  run13 対象 設36% 金30% 討18% 打16% (a)OK ②改OK
  run14 対象 設38% 金24% 討21% 打18% (a)OK ②改OK
  run15 対象 設38% 金20% 討22% 打20% (a)OK ②改OK
  run16 対象 設38% 金21% 討21% 打19% (a)OK ②改OK
  run17 対象 設37% 金25% 討20% 打17% (a)OK ②改OK
  run18 対象 設37% 金25% 討21% 打16% (a)OK ②改OK
  run19 対象 設32% 金31% 討22% 打15% (a)OK ②改OK
  run20 対象 設34% 金29% 討24% 打13% (a)OK ②改OK
  run21 対象 設31% 金33% 討21% 打15% (a)OK ②改OK
  run22 対象 設29% 金32% 討25% 打15% (a)OK ②改OK
  run23 対象 設25% 金31% 討31% 打13% (a)OK ②改OK
  run24 対象 設26% 金28% 討33% 打12% (a)OK ②改OK
  run25 対象 設23% 金29% 討35% 打14% (a)OK ②改OK
  run26 対象 設22% 金28% 討37% 打13% (a)OK ②改OK
  run27 対象 設22% 金24% 討41% 打14% (a)OK ②改OK
  run28 対象 設19% 金34% 討32% 打15% (a)OK ②改OK
  run29 対象 設18% 金35% 討33% 打14% (a)OK ②改OK
  run30 対象 設18% 金30% 討37% 打15% (a)OK ②改OK
  run31 対象 設16% 金36% 討33% 打14% (a)OK ②改OK
  run32 対象 設18% 金29% 討37% 打16% (a)OK ②改OK
  run33 対象 設18% 金29% 討38% 打15% (a)OK ②改OK
  run34 対象 設19% 金33% 討29% 打19% (a)OK ②改OK
  run35 対象 設19% 金31% 討29% 打21% (a)OK ②改OK
  run36 対象 設18% 金29% 討27% 打26% (a)OK ②改OK
  run37 対象 設17% 金26% 討33% 打24% (a)OK ②改OK
  run38 対象 設17% 金26% 討32% 打24% (a)OK ②改OK
  run39 対象 設18% 金30% 討31% 打21% (a)OK ②改OK
  run40 対象 設17% 金25% 討30% 打28% (a)OK ②改OK
  run41 対象 設17% 金24% 討31% 打27% (a)OK ②改OK
  run42 対象 設15% 金20% 討35% 打30% (a)OK ②改OK
  run43 対象 設16% 金23% 討34% 打27% (a)OK ②改OK
  run44 対象 設15% 金20% 討35% 打30% (a)OK ②改OK
  run45 対象 設18% 金26% 討31% 打24% (a)OK ②改OK
  run46 対象 設15% 金21% 討33% 打30% (a)OK ②改OK
  run47 対象 設15% 金20% 討32% 打33% (a)OK ②改OK
合計(㉘(a) hunt+balanced): 76/89 ②改 31/41
