=== override={"monster":{"killValueSec":8}} (100h) ===
hunt(S4) ㉘(a) 32/41 ②改 32/41 | 前半中央値 設14 金47 討33 打7 | 後半中央値 設10 金19 討49 打10
  run 0   外 設35% 金17% 討7% 打41%
  run 1   外 設48% 金30% 討3% 打19%
  run 2   外 設22% 金61% 討10% 打7%
  run 3   外 設5% 金42% 討39% 打14%
  run 4   外 設4% 金51% 討37% 打8%
  run 5 対象 設49% 金33% 討5% 打12% (a)NG ②改OK
  run 6 対象 設9% 金49% 討35% 打7% (a)OK ②改OK
  run 7 対象 設11% 金46% 討37% 打6% (a)OK ②改OK
  run 8 対象 設11% 金51% 討32% 打6% (a)OK ②改OK
  run 9 対象 設12% 金46% 討37% 打6% (a)OK ②改OK
  run10 対象 設10% 金55% 討31% 打4% (a)OK ②改OK
  run11 対象 設13% 金47% 討35% 打5% (a)OK ②改OK
  run12 対象 設13% 金47% 討35% 打5% (a)OK ②改OK
  run13 対象 設14% 金47% 討34% 打6% (a)OK ②改OK
  run14 対象 設12% 金55% 討28% 打6% (a)NG ②改OK
  run15 対象 設13% 金52% 討29% 打6% (a)NG ②改OK
  run16 対象 設41% 金6% 討39% 打14% (a)OK ②改OK
  run17 対象 設15% 金55% 討24% 打7% (a)NG ②改OK
  run18 対象 設15% 金58% 討20% 打8% (a)NG ②改OK
  run19 対象 設14% 金56% 討22% 打7% (a)NG ②改OK
  run20 対象 設35% 金22% 討31% 打12% (a)OK ②改OK
  run21 対象 設19% 金44% 討26% 打11% (a)NG ②改OK
  run22 対象 設16% 金38% 討37% 打10% (a)OK ②改OK
  run23 対象 設17% 金32% 討43% 打9% (a)OK ②改OK
  run24 対象 設18% 金29% 討44% 打8% (a)OK ②改OK
  run25 対象 設16% 金28% 討48% 打7% (a)OK ②改OK
  run26 対象 設16% 金26% 討51% 打7% (a)OK ②改OK
  run27 対象 設35% 金19% 討35% 打10% (a)OK ②改OK
  run28 対象 設31% 金19% 討39% 打10% (a)OK ②改OK
  run29 対象 設27% 金19% 討45% 打10% (a)OK ②改OK
  run30 対象 設27% 金17% 討46% 打10% (a)OK ②改OK
  run31 対象 設25% 金17% 討49% 打9% (a)OK ②改OK
  run32 対象 設25% 金19% 討46% 打10% (a)OK ②改OK
  run33 対象 設10% 金22% 討63% 打5% (a)OK ②改NG
  run34 対象 設10% 金22% 討64% 打4% (a)OK ②改NG
  run35 対象 設9% 金20% 討67% 打5% (a)OK ②改NG
  run36 対象 設10% 金27% 討48% 打14% (a)OK ②改OK
  run37 対象 設9% 金16% 討64% 打11% (a)OK ②改NG
  run38 対象 設9% 金18% 討64% 打9% (a)OK ②改NG
  run39 対象 設9% 金13% 討34% 打44% (a)OK ②改OK
  run40 対象 設9% 金18% 討26% 打47% (a)NG ②改OK
  run41 対象 設7% 金11% 討59% 打22% (a)OK ②改NG
  run42 対象 設7% 金13% 討69% 打10% (a)OK ②改NG
  run43 対象 設7% 金13% 討57% 打22% (a)OK ②改NG
  run44 対象 設10% 金22% 討25% 打43% (a)NG ②改OK
  run45 対象 設8% 金11% 討56% 打25% (a)OK ②改NG
balanced(S6) ㉘(a) 44/48 ②改 0/0 | 前半中央値 設35 金30 討15 打14 | 後半中央値 設18 金26 討34 打19
  run 0 対象 設38% 金13% 討12% 打38% (a)OK ②改OK
  run 1 対象 設45% 金22% 討10% 打23% (a)OK ②改OK
  run 2 対象 設43% 金29% 討12% 打17% (a)OK ②改OK
  run 3 対象 設35% 金44% 討9% 打13% (a)NG ②改OK
  run 4 対象 設30% 金50% 討11% 打9% (a)NG ②改OK
  run 5 対象 設35% 金42% 討15% 打9% (a)NG ②改OK
  run 6 対象 設33% 金46% 討14% 打7% (a)NG ②改OK
  run 7 対象 設34% 金41% 討15% 打11% (a)OK ②改OK
  run 8 対象 設34% 金42% 討14% 打10% (a)OK ②改OK
  run 9 対象 設33% 金43% 討13% 打10% (a)OK ②改OK
  run10 対象 設35% 金40% 討14% 打11% (a)OK ②改OK
  run11 対象 設37% 金38% 討14% 打11% (a)OK ②改OK
  run12 対象 設38% 金35% 討15% 打11% (a)OK ②改OK
  run13 対象 設36% 金32% 討16% 打16% (a)OK ②改OK
  run14 対象 設39% 金25% 討18% 打18% (a)OK ②改OK
  run15 対象 設39% 金20% 討20% 打21% (a)OK ②改OK
  run16 対象 設39% 金22% 討19% 打19% (a)OK ②改OK
  run17 対象 設38% 金25% 討19% 打18% (a)OK ②改OK
  run18 対象 設38% 金27% 討19% 打17% (a)OK ②改OK
  run19 対象 設33% 金30% 討21% 打16% (a)OK ②改OK
  run20 対象 設34% 金30% 討22% 打14% (a)OK ②改OK
  run21 対象 設33% 金27% 討26% 打15% (a)OK ②改OK
  run22 対象 設32% 金22% 討32% 打14% (a)OK ②改OK
  run23 対象 設27% 金28% 討30% 打14% (a)OK ②改OK
  run24 対象 設28% 金21% 討38% 打13% (a)OK ②改OK
  run25 対象 設24% 金25% 討38% 打13% (a)OK ②改OK
  run26 対象 設24% 金23% 討40% 打13% (a)OK ②改OK
  run27 対象 設22% 金27% 討37% 打14% (a)OK ②改OK
  run28 対象 設19% 金36% 討31% 打14% (a)OK ②改OK
  run29 対象 設18% 金36% 討31% 打14% (a)OK ②改OK
  run30 対象 設19% 金33% 討34% 打15% (a)OK ②改OK
  run31 対象 設19% 金31% 討33% 打16% (a)OK ②改OK
  run32 対象 設18% 金29% 討38% 打16% (a)OK ②改OK
  run33 対象 設18% 金34% 討37% 打11% (a)OK ②改OK
  run34 対象 設19% 金34% 討29% 打18% (a)OK ②改OK
  run35 対象 設19% 金30% 討30% 打22% (a)OK ②改OK
  run36 対象 設17% 金32% 討34% 打16% (a)OK ②改OK
  run37 対象 設18% 金26% 討32% 打24% (a)OK ②改OK
  run38 対象 設17% 金25% 討32% 打25% (a)OK ②改OK
  run39 対象 設18% 金33% 討29% 打20% (a)OK ②改OK
  run40 対象 設17% 金26% 討30% 打26% (a)OK ②改OK
  run41 対象 設17% 金23% 討32% 打29% (a)OK ②改OK
  run42 対象 設16% 金23% 討34% 打27% (a)OK ②改OK
  run43 対象 設16% 金22% 討36% 打26% (a)OK ②改OK
  run44 対象 設16% 金22% 討34% 打27% (a)OK ②改OK
  run45 対象 設15% 金22% 討41% 打21% (a)OK ②改OK
  run46 対象 設16% 金19% 討35% 打29% (a)OK ②改OK
  run47 対象 設16% 金20% 討34% 打30% (a)OK ②改OK
合計(㉘(a) hunt+balanced): 76/89 ②改 32/41
