=== override={"tapDirect":{"anchorGolden":0.65}} (100h) ===
click(S2) ㉘(a) 37/48 ②改 24/48 | 前半中央値 設35 金17 討14 打35 | 後半中央値 設11 金10 討15 打59
  run 0 対象 設25% 金8% 討6% 打60% (a)OK ②改NG
  run 1 対象 設31% 金20% 討7% 打42% (a)OK ②改OK
  run 2 対象 設40% 金26% 討6% 打29% (a)NG ②改OK
  run 3 対象 設30% 金39% 討5% 打26% (a)NG ②改OK
  run 4 対象 設28% 金44% 討8% 打20% (a)NG ②改OK
  run 5 対象 設29% 金37% 討15% 打19% (a)NG ②改OK
  run 6 対象 設31% 金38% 討14% 打16% (a)NG ②改OK
  run 7 対象 設36% 金24% 討16% 打24% (a)NG ②改OK
  run 8 対象 設36% 金26% 討16% 打23% (a)NG ②改OK
  run 9 対象 設34% 金29% 討14% 打23% (a)NG ②改OK
  run10 対象 設35% 金26% 討14% 打25% (a)NG ②改OK
  run11 対象 設38% 金21% 討14% 打26% (a)NG ②改OK
  run12 対象 設37% 金21% 討15% 打27% (a)NG ②改OK
  run13 対象 設35% 金14% 討16% 打35% (a)OK ②改OK
  run14 対象 設35% 金13% 討16% 打36% (a)OK ②改OK
  run15 対象 設37% 金11% 討16% 打36% (a)OK ②改OK
  run16 対象 設37% 金11% 討15% 打37% (a)OK ②改OK
  run17 対象 設38% 金11% 討15% 打36% (a)OK ②改OK
  run18 対象 設37% 金13% 討14% 打37% (a)OK ②改OK
  run19 対象 設37% 金13% 討14% 打36% (a)OK ②改OK
  run20 対象 設35% 金13% 討13% 打40% (a)OK ②改OK
  run21 対象 設33% 金10% 討12% 打45% (a)OK ②改OK
  run22 対象 設29% 金11% 討13% 打47% (a)OK ②改OK
  run23 対象 設26% 金11% 討14% 打49% (a)OK ②改OK
  run24 対象 設30% 金10% 討17% 打43% (a)OK ②改OK
  run25 対象 設21% 金10% 討13% 打56% (a)OK ②改NG
  run26 対象 設22% 金9% 討15% 打53% (a)OK ②改NG
  run27 対象 設21% 金9% 討15% 打55% (a)OK ②改NG
  run28 対象 設26% 金6% 討16% 打52% (a)OK ②改NG
  run29 対象 設17% 金9% 討17% 打57% (a)OK ②改NG
  run30 対象 設16% 金9% 討16% 打59% (a)OK ②改NG
  run31 対象 設18% 金10% 討13% 打60% (a)OK ②改NG
  run32 対象 設14% 金9% 討15% 打62% (a)OK ②改NG
  run33 対象 設12% 金17% 討19% 打52% (a)OK ②改NG
  run34 対象 設11% 金13% 討20% 打56% (a)OK ②改NG
  run35 対象 設11% 金18% 討18% 打53% (a)OK ②改NG
  run36 対象 設9% 金12% 討16% 打63% (a)OK ②改NG
  run37 対象 設9% 金11% 討16% 打64% (a)OK ②改NG
  run38 対象 設10% 金15% 討13% 打62% (a)OK ②改NG
  run39 対象 設8% 金10% 討13% 打69% (a)OK ②改NG
  run40 対象 設11% 金16% 討15% 打59% (a)OK ②改NG
  run41 対象 設8% 金11% 討14% 打67% (a)OK ②改NG
  run42 対象 設11% 金15% 討15% 打59% (a)OK ②改NG
  run43 対象 設10% 金14% 討14% 打62% (a)OK ②改NG
  run44 対象 設7% 金8% 討12% 打73% (a)OK ②改NG
  run45 対象 設7% 金9% 討12% 打72% (a)OK ②改NG
  run46 対象 設9% 金12% 討13% 打66% (a)OK ②改NG
  run47 対象 設9% 金13% 討13% 打65% (a)OK ②改NG
balanced(S6) ㉘(a) 43/48 ②改 0/0 | 前半中央値 設37 金30 討13 打17 | 後半中央値 設18 金27 討31 打23
  run 0 対象 設38% 金13% 討11% 打39% (a)OK ②改OK
  run 1 対象 設45% 金22% 討9% 打24% (a)NG ②改OK
  run 2 対象 設43% 金29% 討11% 打17% (a)OK ②改OK
  run 3 対象 設35% 金44% 討8% 打13% (a)NG ②改OK
  run 4 対象 設30% 金51% 討10% 打10% (a)NG ②改OK
  run 5 対象 設35% 金42% 討13% 打9% (a)NG ②改OK
  run 6 対象 設34% 金47% 討12% 打7% (a)NG ②改OK
  run 7 対象 設34% 金42% 討13% 打11% (a)OK ②改OK
  run 8 対象 設35% 金42% 討13% 打10% (a)OK ②改OK
  run 9 対象 設34% 金44% 討12% 打10% (a)OK ②改OK
  run10 対象 設37% 金39% 討13% 打11% (a)OK ②改OK
  run11 対象 設37% 金39% 討13% 打11% (a)OK ②改OK
  run12 対象 設39% 金36% 討14% 打12% (a)OK ②改OK
  run13 対象 設37% 金32% 討15% 打17% (a)OK ②改OK
  run14 対象 設40% 金25% 討17% 打18% (a)OK ②改OK
  run15 対象 設40% 金25% 討17% 打19% (a)OK ②改OK
  run16 対象 設39% 金25% 討16% 打20% (a)OK ②改OK
  run17 対象 設40% 金24% 討17% 打19% (a)OK ②改OK
  run18 対象 設40% 金24% 討18% 打18% (a)OK ②改OK
  run19 対象 設40% 金25% 討17% 打18% (a)OK ②改OK
  run20 対象 設39% 金28% 討17% 打16% (a)OK ②改OK
  run21 対象 設34% 金32% 討16% 打18% (a)OK ②改OK
  run22 対象 設36% 金20% 討28% 打16% (a)OK ②改OK
  run23 対象 設27% 金29% 討27% 打17% (a)OK ②改OK
  run24 対象 設27% 金27% 討31% 打15% (a)OK ②改OK
  run25 対象 設23% 金29% 討32% 打16% (a)OK ②改OK
  run26 対象 設24% 金23% 討38% 打15% (a)OK ②改OK
  run27 対象 設22% 金24% 討37% 打16% (a)OK ②改OK
  run28 対象 設19% 金34% 討29% 打17% (a)OK ②改OK
  run29 対象 設19% 金36% 討28% 打18% (a)OK ②改OK
  run30 対象 設22% 金39% 討21% 打18% (a)OK ②改OK
  run31 対象 設18% 金41% 討25% 打15% (a)OK ②改OK
  run32 対象 設19% 金38% 討25% 打18% (a)OK ②改OK
  run33 対象 設20% 金35% 討25% 打21% (a)OK ②改OK
  run34 対象 設18% 金28% 討29% 打24% (a)OK ②改OK
  run35 対象 設18% 金27% 討29% 打25% (a)OK ②改OK
  run36 対象 設16% 金31% 討36% 打17% (a)OK ②改OK
  run37 対象 設18% 金27% 討31% 打25% (a)OK ②改OK
  run38 対象 設17% 金28% 討31% 打23% (a)OK ②改OK
  run39 対象 設19% 金29% 討29% 打23% (a)OK ②改OK
  run40 対象 設18% 金25% 討31% 打26% (a)OK ②改OK
  run41 対象 設16% 金19% 討32% 打32% (a)OK ②改OK
  run42 対象 設16% 金20% 討35% 打29% (a)OK ②改OK
  run43 対象 設16% 金21% 討35% 打28% (a)OK ②改OK
  run44 対象 設16% 金20% 討35% 打29% (a)OK ②改OK
  run45 対象 設16% 金24% 討38% 打23% (a)OK ②改OK
  run46 対象 設16% 金23% 討34% 打27% (a)OK ②改OK
  run47 対象 設16% 金21% 討32% 打31% (a)OK ②改OK
合計(㉘(a) click+balanced): 80/96 ②改 24/48
