=== override={"monster":{"killValueSec":10}} (100h) ===
hunt(S4) ㉘(a) 35/42 ②改 31/42 | 前半中央値 設14 金42 討39 打6 | 後半中央値 設9 金17 討52 打10
  run 0   外 設36% 金16% 討8% 打40%
  run 1   外 設32% 金50% 討4% 打13%
  run 2   外 設4% 金36% 討46% 打15%
  run 3   外 設4% 金39% 討44% 打13%
  run 4   外 設5% 金44% 討44% 打7%
  run 5 対象 設46% 金38% 討4% 打12% (a)NG ②改OK
  run 6 対象 設8% 金44% 討41% 打6% (a)OK ②改OK
  run 7 対象 設10% 金43% 討42% 打5% (a)OK ②改OK
  run 8 対象 設10% 金49% 討36% 打5% (a)OK ②改OK
  run 9 対象 設11% 金41% 討43% 打5% (a)OK ②改OK
  run10 対象 設10% 金46% 討39% 打4% (a)OK ②改OK
  run11 対象 設12% 金42% 討42% 打5% (a)OK ②改OK
  run12 対象 設13% 金42% 討41% 打5% (a)OK ②改OK
  run13 対象 設13% 金42% 討40% 打5% (a)OK ②改OK
  run14 対象 設12% 金48% 討35% 打5% (a)OK ②改OK
  run15 対象 設13% 金47% 討34% 打6% (a)OK ②改OK
  run16 対象 設46% 金5% 討33% 打16% (a)OK ②改OK
  run17 対象 設14% 金52% 討27% 打6% (a)NG ②改OK
  run18 対象 設14% 金55% 討24% 打7% (a)NG ②改OK
  run19 対象 設15% 金52% 討26% 打7% (a)NG ②改OK
  run20 対象 設33% 金20% 討36% 打11% (a)OK ②改OK
  run21 対象 設18% 金45% 討27% 打10% (a)NG ②改OK
  run22 対象 設15% 金37% 討39% 打9% (a)OK ②改OK
  run23 対象 設17% 金31% 討44% 打8% (a)OK ②改OK
  run24 対象 設18% 金29% 討45% 打8% (a)OK ②改OK
  run25 対象 設16% 金28% 討49% 打7% (a)OK ②改OK
  run26 対象 設15% 金26% 討52% 打7% (a)OK ②改NG
  run27 対象 設33% 金18% 討39% 打10% (a)OK ②改OK
  run28 対象 設30% 金19% 討41% 打10% (a)OK ②改OK
  run29 対象 設27% 金17% 討47% 打9% (a)OK ②改OK
  run30 対象 設26% 金17% 討48% 打9% (a)OK ②改OK
  run31 対象 設26% 金16% 討49% 打9% (a)OK ②改OK
  run32 対象 設26% 金18% 討46% 打10% (a)OK ②改OK
  run33 対象 設9% 金22% 討64% 打4% (a)OK ②改NG
  run34 対象 設9% 金23% 討61% 打7% (a)OK ②改NG
  run35 対象 設9% 金18% 討67% 打6% (a)OK ②改NG
  run36 対象 設9% 金18% 討44% 打30% (a)OK ②改OK
  run37 対象 設8% 金17% 討65% 打9% (a)OK ②改NG
  run38 対象 設9% 金19% 討64% 打9% (a)OK ②改NG
  run39 対象 設9% 金13% 討35% 打44% (a)OK ②改OK
  run40 対象 設9% 金17% 討25% 打48% (a)NG ②改OK
  run41 対象 設7% 金11% 討56% 打26% (a)OK ②改NG
  run42 対象 設7% 金13% 討69% 打11% (a)OK ②改NG
  run43 対象 設7% 金12% 討54% 打27% (a)OK ②改NG
  run44 対象 設9% 金22% 討22% 打46% (a)NG ②改OK
  run45 対象 設8% 金11% 討52% 打29% (a)OK ②改NG
  run46 対象 設6% 金10% 討70% 打14% (a)OK ②改NG
click(S2) ㉘(a) 37/48 ②改 27/48 | 前半中央値 設37 金16 討18 打31 | 後半中央値 設11 金10 討15 打58
  run 0 対象 設25% 金8% 討8% 打58% (a)OK ②改NG
  run 1 対象 設31% 金20% 討9% 打40% (a)OK ②改OK
  run 2 対象 設39% 金25% 討8% 打28% (a)NG ②改OK
  run 3 対象 設30% 金38% 討7% 打25% (a)NG ②改OK
  run 4 対象 設28% 金42% 討10% 打19% (a)NG ②改OK
  run 5 対象 設30% 金33% 討19% 打17% (a)NG ②改OK
  run 6 対象 設34% 金32% 討19% 打15% (a)NG ②改OK
  run 7 対象 設37% 金21% 討21% 打21% (a)NG ②改OK
  run 8 対象 設37% 金23% 討20% 打20% (a)NG ②改OK
  run 9 対象 設39% 金20% 討20% 打22% (a)NG ②改OK
  run10 対象 設37% 金22% 討18% 打22% (a)NG ②改OK
  run11 対象 設38% 金22% 討18% 打23% (a)NG ②改OK
  run12 対象 設39% 金17% 討19% 打25% (a)NG ②改OK
  run13 対象 設37% 金14% 討19% 打30% (a)OK ②改OK
  run14 対象 設37% 金13% 討20% 打31% (a)OK ②改OK
  run15 対象 設39% 金10% 討20% 打31% (a)OK ②改OK
  run16 対象 設39% 金12% 討18% 打31% (a)OK ②改OK
  run17 対象 設39% 金11% 討18% 打32% (a)OK ②改OK
  run18 対象 設39% 金12% 討18% 打31% (a)OK ②改OK
  run19 対象 設38% 金11% 討17% 打34% (a)OK ②改OK
  run20 対象 設38% 金10% 討17% 打34% (a)OK ②改OK
  run21 対象 設34% 金11% 討14% 打40% (a)OK ②改OK
  run22 対象 設34% 金12% 討19% 打34% (a)OK ②改OK
  run23 対象 設34% 金10% 討21% 打36% (a)OK ②改OK
  run24 対象 設28% 金12% 討17% 打43% (a)OK ②改OK
  run25 対象 設27% 金10% 討19% 打44% (a)OK ②改OK
  run26 対象 設22% 金10% 討16% 打52% (a)OK ②改NG
  run27 対象 設20% 金11% 討15% 打54% (a)OK ②改NG
  run28 対象 設29% 金7% 討20% 打44% (a)OK ②改OK
  run29 対象 設18% 金10% 討21% 打51% (a)OK ②改NG
  run30 対象 設18% 金10% 討20% 打51% (a)OK ②改NG
  run31 対象 設19% 金8% 討15% 打57% (a)OK ②改NG
  run32 対象 設17% 金12% 討19% 打53% (a)OK ②改NG
  run33 対象 設12% 金14% 討23% 打51% (a)OK ②改OK
  run34 対象 設12% 金13% 討21% 打54% (a)OK ②改NG
  run35 対象 設11% 金17% 討18% 打53% (a)OK ②改NG
  run36 対象 設11% 金16% 討15% 打59% (a)OK ②改NG
  run37 対象 設9% 金10% 討14% 打67% (a)OK ②改NG
  run38 対象 設8% 金10% 討12% 打70% (a)OK ②改NG
  run39 対象 設10% 金14% 討12% 打64% (a)OK ②改NG
  run40 対象 設9% 金12% 討14% 打66% (a)OK ②改NG
  run41 対象 設9% 金9% 討13% 打69% (a)OK ②改NG
  run42 対象 設11% 金14% 討14% 打61% (a)OK ②改NG
  run43 対象 設10% 金14% 討13% 打63% (a)OK ②改NG
  run44 対象 設7% 金8% 討11% 打74% (a)OK ②改NG
  run45 対象 設7% 金9% 討12% 打72% (a)OK ②改NG
  run46 対象 設7% 金8% 討12% 打72% (a)OK ②改NG
  run47 対象 設8% 金8% 討12% 打72% (a)OK ②改NG
合計(㉘(a) hunt+click): 72/90 ②改 58/90
