=== override={"goldenDirect":{"otherMul":{"click":0.3,"balanced":0.25,"hunt":0.3,"default":1}},"monster":{"scarceBonus":2.5}} (100h) ===
balanced(S6) ㉘(a) 42/48 ②改 0/0 | 前半中央値 設36 金30 討15 打15 | 後半中央値 設19 金28 討32 打22
  run 0 対象 設38% 金13% 討12% 打38% (a)OK ②改OK
  run 1 対象 設45% 金22% 討10% 打23% (a)NG ②改OK
  run 2 対象 設43% 金29% 討12% 打17% (a)OK ②改OK
  run 3 対象 設35% 金44% 討9% 打13% (a)NG ②改OK
  run 4 対象 設30% 金50% 討10% 打9% (a)NG ②改OK
  run 5 対象 設35% 金42% 討14% 打9% (a)NG ②改OK
  run 6 対象 設33% 金46% 討13% 打7% (a)NG ②改OK
  run 7 対象 設34% 金41% 討14% 打11% (a)OK ②改OK
  run 8 対象 設35% 金42% 討14% 打10% (a)OK ②改OK
  run 9 対象 設33% 金45% 討13% 打10% (a)NG ②改OK
  run10 対象 設37% 金38% 討14% 打11% (a)OK ②改OK
  run11 対象 設38% 金38% 討14% 打11% (a)OK ②改OK
  run12 対象 設39% 金35% 討15% 打11% (a)OK ②改OK
  run13 対象 設37% 金31% 討16% 打17% (a)OK ②改OK
  run14 対象 設39% 金25% 討18% 打17% (a)OK ②改OK
  run15 対象 設40% 金20% 討19% 打21% (a)OK ②改OK
  run16 対象 設40% 金21% 討19% 打20% (a)OK ②改OK
  run17 対象 設39% 金25% 討18% 打18% (a)OK ②改OK
  run18 対象 設39% 金25% 討18% 打17% (a)OK ②改OK
  run19 対象 設34% 金32% 討19% 打15% (a)OK ②改OK
  run20 対象 設36% 金29% 討21% 打15% (a)OK ②改OK
  run21 対象 設34% 金26% 討24% 打15% (a)OK ②改OK
  run22 対象 設34% 金21% 討31% 打15% (a)OK ②改OK
  run23 対象 設27% 金29% 討30% 打14% (a)OK ②改OK
  run24 対象 設26% 金29% 討32% 打13% (a)OK ②改OK
  run25 対象 設25% 金24% 討37% 打13% (a)OK ②改OK
  run26 対象 設23% 金28% 討35% 打14% (a)OK ②改OK
  run27 対象 設22% 金27% 討37% 打14% (a)OK ②改OK
  run28 対象 設19% 金37% 討29% 打15% (a)OK ②改OK
  run29 対象 設19% 金33% 討33% 打15% (a)OK ②改OK
  run30 対象 設19% 金33% 討33% 打15% (a)OK ②改OK
  run31 対象 設21% 金27% 討35% 打17% (a)OK ②改OK
  run32 対象 設21% 金37% 討27% 打16% (a)OK ②改OK
  run33 対象 設20% 金32% 討26% 打22% (a)OK ②改OK
  run34 対象 設19% 金36% 討27% 打18% (a)OK ②改OK
  run35 対象 設18% 金29% 討29% 打23% (a)OK ②改OK
  run36 対象 設16% 金29% 討36% 打18% (a)OK ②改OK
  run37 対象 設18% 金28% 討31% 打23% (a)OK ②改OK
  run38 対象 設18% 金26% 討31% 打26% (a)OK ②改OK
  run39 対象 設19% 金30% 討29% 打23% (a)OK ②改OK
  run40 対象 設17% 金27% 討30% 打25% (a)OK ②改OK
  run41 対象 設16% 金22% 討36% 打26% (a)OK ②改OK
  run42 対象 設16% 金20% 討35% 打29% (a)OK ②改OK
  run43 対象 設16% 金22% 討35% 打27% (a)OK ②改OK
  run44 対象 設15% 金20% 討34% 打31% (a)OK ②改OK
  run45 対象 設19% 金27% 討31% 打23% (a)OK ②改OK
  run46 対象 設17% 金22% 討37% 打24% (a)OK ②改OK
  run47 対象 設15% 金17% 討30% 打38% (a)OK ②改OK
hunt(S4) ㉘(a) 31/42 ②改 33/42 | 前半中央値 設15 金48 討32 打7 | 後半中央値 設10 金18 討48 打11
  run 0   外 設37% 金16% 討6% 打41%
  run 1   外 設44% 金33% 討3% 打19%
  run 2   外 設5% 金39% 討38% 打17%
  run 3   外 設6% 金42% 討37% 打15%
  run 4   外 設4% 金51% 討35% 打9%
  run 5 対象 設49% 金34% 討4% 打12% (a)NG ②改OK
  run 6 対象 設10% 金49% 討33% 打8% (a)OK ②改OK
  run 7 対象 設12% 金46% 討36% 打6% (a)OK ②改OK
  run 8 対象 設11% 金54% 討29% 打6% (a)NG ②改OK
  run 9 対象 設12% 金49% 討33% 打6% (a)OK ②改OK
  run10 対象 設11% 金53% 討31% 打5% (a)OK ②改OK
  run11 対象 設14% 金48% 討33% 打5% (a)OK ②改OK
  run12 対象 設14% 金49% 討32% 打5% (a)OK ②改OK
  run13 対象 設15% 金47% 討32% 打6% (a)OK ②改OK
  run14 対象 設12% 金56% 討26% 打6% (a)NG ②改OK
  run15 対象 設14% 金52% 討27% 打7% (a)NG ②改OK
  run16 対象 設44% 金6% 討36% 打14% (a)OK ②改OK
  run17 対象 設15% 金54% 討23% 打7% (a)NG ②改OK
  run18 対象 設15% 金59% 討19% 打7% (a)NG ②改OK
  run19 対象 設15% 金56% 討21% 打8% (a)NG ②改OK
  run20 対象 設37% 金23% 討29% 打12% (a)NG ②改OK
  run21 対象 設20% 金44% 討25% 打11% (a)NG ②改OK
  run22 対象 設17% 金36% 討37% 打10% (a)OK ②改OK
  run23 対象 設18% 金31% 討42% 打9% (a)OK ②改OK
  run24 対象 設19% 金29% 討44% 打9% (a)OK ②改OK
  run25 対象 設17% 金28% 討48% 打8% (a)OK ②改OK
  run26 対象 設16% 金26% 討51% 打7% (a)OK ②改OK
  run27 対象 設37% 金19% 討34% 打11% (a)OK ②改OK
  run28 対象 設31% 金19% 討38% 打11% (a)OK ②改OK
  run29 対象 設29% 金18% 討43% 打10% (a)OK ②改OK
  run30 対象 設29% 金16% 討45% 打10% (a)OK ②改OK
  run31 対象 設26% 金17% 討48% 打10% (a)OK ②改OK
  run32 対象 設26% 金19% 討45% 打10% (a)OK ②改OK
  run33 対象 設10% 金22% 討63% 打5% (a)OK ②改NG
  run34 対象 設10% 金22% 討64% 打5% (a)OK ②改NG
  run35 対象 設9% 金20% 討66% 打5% (a)OK ②改NG
  run36 対象 設10% 金28% 討48% 打14% (a)OK ②改OK
  run37 対象 設8% 金18% 討62% 打11% (a)OK ②改NG
  run38 対象 設9% 金18% 討63% 打11% (a)OK ②改NG
  run39 対象 設9% 金12% 討34% 打45% (a)OK ②改OK
  run40 対象 設9% 金17% 討26% 打47% (a)NG ②改OK
  run41 対象 設8% 金11% 討57% 打24% (a)OK ②改NG
  run42 対象 設8% 金12% 討66% 打14% (a)OK ②改NG
  run43 対象 設7% 金13% 討57% 打23% (a)OK ②改NG
  run44 対象 設9% 金22% 討25% 打44% (a)NG ②改OK
  run45 対象 設8% 金11% 討56% 打25% (a)OK ②改NG
  run46 対象 設14% 金26% 討39% 打22% (a)OK ②改OK
合計(㉘(a) balanced+hunt): 73/90 ②改 33/42
