=== override={} (100h) ===
click(S2) ㉘(a) 41/50 ②改 36/50 | 前半中央値 設41 金12 討14 打30 | 後半中央値 設23 金8 討11 打57
  run 0 対象 設13% 金28% 討8% 打50% (a)OK ②改OK
  run 1 対象 設17% 金40% 討9% 打34% (a)OK ②改OK
  run 2 対象 設25% 金37% 討8% 打30% (a)NG ②改OK
  run 3 対象 設29% 金31% 討8% 打32% (a)OK ②改OK
  run 4 対象 設28% 金38% 討6% 打27% (a)NG ②改OK
  run 5 対象 設28% 金42% 討10% 打20% (a)NG ②改OK
  run 6 対象 設26% 金40% 討12% 打22% (a)NG ②改OK
  run 7 対象 設32% 金27% 討18% 打23% (a)NG ②改OK
  run 8 対象 設38% 金27% 討16% 打19% (a)NG ②改OK
  run 9 対象 設40% 金11% 討19% 打31% (a)OK ②改OK
  run10 対象 設39% 金12% 討19% 打30% (a)OK ②改OK
  run11 対象 設42% 金10% 討18% 打30% (a)OK ②改OK
  run12 対象 設41% 金13% 討17% 打29% (a)NG ②改OK
  run13 対象 設42% 金13% 討16% 打30% (a)NG ②改OK
  run14 対象 設41% 金12% 討16% 打30% (a)OK ②改OK
  run15 対象 設41% 金12% 討15% 打32% (a)OK ②改OK
  run16 対象 設43% 金10% 討15% 打32% (a)OK ②改OK
  run17 対象 設45% 金10% 討15% 打31% (a)OK ②改OK
  run18 対象 設46% 金9% 討14% 打30% (a)OK ②改OK
  run19 対象 設45% 金10% 討14% 打31% (a)OK ②改OK
  run20 対象 設45% 金10% 討14% 打31% (a)OK ②改OK
  run21 対象 設44% 金10% 討14% 打31% (a)OK ②改OK
  run22 対象 設43% 金10% 討13% 打34% (a)OK ②改OK
  run23 対象 設47% 金9% 討14% 打30% (a)NG ②改OK
  run24 対象 設44% 金10% 討15% 打31% (a)OK ②改OK
  run25 対象 設43% 金9% 討16% 打32% (a)OK ②改OK
  run26 対象 設39% 金9% 討14% 打38% (a)OK ②改OK
  run27 対象 設35% 金10% 討16% 打40% (a)OK ②改OK
  run28 対象 設31% 金9% 討15% 打44% (a)OK ②改OK
  run29 対象 設28% 金9% 討13% 打50% (a)OK ②改OK
  run30 対象 設38% 金5% 討16% 打41% (a)OK ②改OK
  run31 対象 設27% 金9% 討17% 打47% (a)OK ②改OK
  run32 対象 設26% 金8% 討18% 打48% (a)OK ②改OK
  run33 対象 設29% 金7% 討15% 打49% (a)OK ②改OK
  run34 対象 設30% 金8% 討15% 打48% (a)OK ②改OK
  run35 対象 設26% 金9% 討15% 打50% (a)OK ②改OK
  run36 対象 設22% 金7% 討13% 打58% (a)OK ②改NG
  run37 対象 設20% 金7% 討11% 打62% (a)OK ②改NG
  run38 対象 設23% 金10% 討11% 打56% (a)OK ②改NG
  run39 対象 設18% 金7% 討9% 打66% (a)OK ②改NG
  run40 対象 設17% 金6% 討9% 打68% (a)OK ②改NG
  run41 対象 設21% 金9% 討9% 打61% (a)OK ②改NG
  run42 対象 設23% 金10% 討10% 打57% (a)OK ②改NG
  run43 対象 設22% 金9% 討9% 打59% (a)OK ②改NG
  run44 対象 設20% 金7% 討10% 打64% (a)OK ②改NG
  run45 対象 設22% 金9% 討9% 打60% (a)OK ②改NG
  run46 対象 設14% 金5% 討7% 打74% (a)OK ②改NG
  run47 対象 設14% 金5% 討8% 打73% (a)OK ②改NG
  run48 対象 設18% 金8% 討8% 打66% (a)OK ②改NG
  run49 対象 設18% 金8% 討8% 打66% (a)OK ②改NG
hunt(S4) ㉘(a) 39/42 ②改 31/42 | 前半中央値 設15 金42 討42 打6 | 後半中央値 設11 金15 討51 打12
  run 0   外 設20% 金37% 討10% 打33%
  run 1   外 設36% 金44% 討3% 打17%
  run 2   外 設12% 金66% 討14% 打8%
  run 3   外 設5% 金44% 討37% 打15%
  run 4   外 設6% 金52% 討36% 打6%
  run 5   外 設4% 金47% 討41% 打8%
  run 6 対象 設7% 金44% 討42% 打7% (a)OK ②改OK
  run 7 対象 設9% 金44% 討42% 打5% (a)OK ②改OK
  run 8 対象 設8% 金47% 討38% 打6% (a)OK ②改OK
  run 9 対象 設10% 金42% 討42% 打6% (a)OK ②改OK
  run10 対象 設8% 金45% 討42% 打5% (a)OK ②改OK
  run11 対象 設10% 金43% 討42% 打5% (a)OK ②改OK
  run12 対象 設11% 金41% 討43% 打5% (a)OK ②改OK
  run13 対象 設11% 金43% 討41% 打5% (a)OK ②改OK
  run14 対象 設12% 金40% 討42% 打6% (a)OK ②改OK
  run15 対象 設13% 金44% 討37% 打6% (a)OK ②改OK
  run16 対象 設31% 金19% 討34% 打15% (a)OK ②改OK
  run17 対象 設15% 金44% 討35% 打6% (a)OK ②改OK
  run18 対象 設15% 金41% 討37% 打6% (a)OK ②改OK
  run19 対象 設16% 金45% 討34% 打6% (a)OK ②改OK
  run20 対象 設25% 金32% 討31% 打12% (a)OK ②改OK
  run21 対象 設18% 金43% 討32% 打7% (a)OK ②改OK
  run22 対象 設20% 金37% 討33% 打10% (a)OK ②改OK
  run23 対象 設17% 金30% 討44% 打9% (a)OK ②改OK
  run24 対象 設17% 金28% 討47% 打8% (a)OK ②改OK
  run25 対象 設17% 金26% 討49% 打8% (a)OK ②改OK
  run26 対象 設16% 金24% 討53% 打7% (a)OK ②改NG
  run27 対象 設16% 金23% 討54% 打7% (a)OK ②改NG
  run28 対象 設34% 金15% 討40% 打11% (a)OK ②改OK
  run29 対象 設29% 金16% 討45% 打10% (a)OK ②改OK
  run30 対象 設28% 金15% 討48% 打10% (a)OK ②改OK
  run31 対象 設27% 金14% 討49% 打10% (a)OK ②改OK
  run32 対象 設28% 金15% 討47% 打10% (a)OK ②改OK
  run33 対象 設22% 金15% 討54% 打9% (a)OK ②改NG
  run34 対象 設11% 金18% 討66% 打5% (a)OK ②改NG
  run35 対象 設11% 金17% 討64% 打8% (a)OK ②改NG
  run36 対象 設10% 金17% 討56% 打16% (a)OK ②改NG
  run37 対象 設10% 金13% 討55% 打21% (a)OK ②改NG
  run38 対象 設11% 金16% 討62% 打12% (a)OK ②改NG
  run39 対象 設10% 金15% 討63% 打11% (a)OK ②改NG
  run40 対象 設10% 金15% 討23% 打52% (a)NG ②改OK
  run41 対象 設9% 金11% 討39% 打41% (a)OK ②改OK
  run42 対象 設8% 金10% 討56% 打26% (a)OK ②改NG
  run43 対象 設9% 金11% 討62% 打18% (a)OK ②改NG
  run44 対象 設11% 金20% 討26% 打43% (a)NG ②改OK
  run45 対象 設8% 金9% 討50% 打33% (a)OK ②改OK
  run46 対象 設8% 金10% 討51% 打30% (a)OK ②改OK
  run47 対象 設14% 金33% 討25% 打28% (a)NG ②改OK
合計(㉘(a) click+hunt): 80/92 ②改 67/92
