=== chain.prodCoef=0.016 (100h) ===
balanced(S6) ㉘(a) 10/48 ②改 0/0 | 前半中央値 設30 金41 討10 打14 | 後半中央値 設6 金30 討44 打22
  run 0 対象 設41% 金13% 討6% 打40% (a)NG ②改OK
  run 1 対象 設47% 金23% 討4% 打25% (a)NG ②改OK
  run 2 対象 設48% 金30% 討5% 打18% (a)NG ②改OK
  run 3 対象 設35% 金47% 討4% 打14% (a)NG ②改OK
  run 4 対象 設25% 金57% 討7% 打11% (a)NG ②改OK
  run 5 対象 設30% 金49% 討9% 打11% (a)NG ②改OK
  run 6 対象 設35% 金47% 討9% 打9% (a)NG ②改OK
  run 7 対象 設31% 金47% 討10% 打13% (a)NG ②改OK
  run 8 対象 設29% 金51% 討8% 打11% (a)NG ②改OK
  run 9 対象 設28% 金53% 討8% 打11% (a)NG ②改OK
  run10 対象 設30% 金49% 討9% 打12% (a)NG ②改OK
  run11 対象 設30% 金49% 討9% 打11% (a)NG ②改OK
  run12 対象 設32% 金46% 討10% 打12% (a)NG ②改OK
  run13 対象 設30% 金42% 討11% 打18% (a)OK ②改OK
  run14 対象 設32% 金36% 討12% 打20% (a)OK ②改OK
  run15 対象 設32% 金37% 討13% 打19% (a)OK ②改OK
  run16 対象 設32% 金34% 討13% 打20% (a)OK ②改OK
  run17 対象 設30% 金37% 討13% 打20% (a)OK ②改OK
  run18 対象 設30% 金38% 討13% 打19% (a)OK ②改OK
  run19 対象 設29% 金40% 討13% 打18% (a)OK ②改OK
  run20 対象 設30% 金42% 討13% 打15% (a)OK ②改OK
  run21 対象 設29% 金39% 討18% 打14% (a)OK ②改OK
  run22 対象 設28% 金33% 討28% 打12% (a)OK ②改OK
  run23 対象 設22% 金36% 討33% 打10% (a)NG ②改OK
  run24 対象 設18% 金41% 討33% 打8% (a)NG ②改OK
  run25 対象 設13% 金39% 討42% 打6% (a)NG ②改OK
  run26 対象 設15% 金32% 討47% 打6% (a)NG ②改OK
  run27 対象 設14% 金30% 討50% 打6% (a)NG ②改OK
  run28 対象 設8% 金41% 討46% 打5% (a)NG ②改OK
  run29 対象 設9% 金53% 討33% 打6% (a)NG ②改OK
  run30 対象 設10% 金46% 討39% 打5% (a)NG ②改OK
  run31 対象 設7% 金53% 討35% 打5% (a)NG ②改OK
  run32 対象 設7% 金41% 討48% 打4% (a)NG ②改OK
  run33 対象 設7% 金38% 討34% 打21% (a)NG ②改OK
  run34 対象 設6% 金30% 討35% 打29% (a)NG ②改OK
  run35 対象 設5% 金35% 討40% 打19% (a)NG ②改OK
  run36 対象 設5% 金27% 討45% 打23% (a)NG ②改OK
  run37 対象 設6% 金28% 討45% 打22% (a)NG ②改OK
  run38 対象 設5% 金29% 討42% 打25% (a)NG ②改OK
  run39 対象 設6% 金30% 討41% 打22% (a)NG ②改OK
  run40 対象 設5% 金27% 討39% 打29% (a)NG ②改OK
  run41 対象 設6% 金22% 討49% 打23% (a)NG ②改OK
  run42 対象 設6% 金19% 討44% 打31% (a)NG ②改OK
  run43 対象 設6% 金20% 討48% 打26% (a)NG ②改OK
  run44 対象 設5% 金21% 討45% 打28% (a)NG ②改OK
  run45 対象 設5% 金23% 討51% 打22% (a)NG ②改OK
  run46 対象 設5% 金23% 討45% 打26% (a)NG ②改OK
  run47 対象 設6% 金19% 討45% 打30% (a)NG ②改OK
hunt(S4) ㉘(a) 26/43 ②改 34/43 | 前半中央値 設10 金54 討28 打6 | 後半中央値 設6 金24 討50 打14
  run 0   外 設44% 金17% 討3% 打36%
  run 1   外 設43% 金35% 討2% 打19%
  run 2   外 設5% 金39% 討35% 打20%
  run 3   外 設5% 金50% 討34% 打11%
  run 4 対象 設5% 金59% 討28% 打8% (a)NG ②改OK
  run 5 対象 設43% 金40% 討2% 打15% (a)NG ②改OK
  run 6 対象 設49% 金39% 討5% 打6% (a)NG ②改OK
  run 7 対象 設9% 金50% 討34% 打7% (a)OK ②改OK
  run 8 対象 設11% 金41% 討41% 打7% (a)OK ②改OK
  run 9 対象 設8% 金59% 討27% 打6% (a)NG ②改OK
  run10 対象 設10% 金54% 討30% 打6% (a)NG ②改OK
  run11 対象 設10% 金57% 討28% 打5% (a)NG ②改OK
  run12 対象 設11% 金55% 討28% 打5% (a)NG ②改OK
  run13 対象 設9% 金59% 討27% 打5% (a)NG ②改OK
  run14 対象 設7% 金61% 討26% 打5% (a)NG ②改OK
  run15 対象 設10% 金53% 討30% 打7% (a)OK ②改OK
  run16 対象 設35% 金13% 討36% 打16% (a)OK ②改OK
  run17 対象 設8% 金64% 討23% 打5% (a)NG ②改OK
  run18 対象 設10% 金59% 討24% 打6% (a)NG ②改OK
  run19 対象 設10% 金60% 討23% 打6% (a)NG ②改OK
  run20 対象 設27% 金34% 討27% 打12% (a)NG ②改OK
  run21 対象 設7% 金61% 討25% 打7% (a)NG ②改OK
  run22 対象 設14% 金50% 討30% 打6% (a)NG ②改OK
  run23 対象 設10% 金51% 討34% 打5% (a)OK ②改OK
  run24 対象 設12% 金48% 討34% 打6% (a)OK ②改OK
  run25 対象 設10% 金44% 討41% 打5% (a)OK ②改OK
  run26 対象 設10% 金41% 討45% 打4% (a)OK ②改OK
  run27 対象 設29% 金28% 討36% 打8% (a)OK ②改OK
  run28 対象 設11% 金31% 討54% 打4% (a)OK ②改NG
  run29 対象 設20% 金26% 討48% 打6% (a)OK ②改OK
  run30 対象 設18% 金25% 討51% 打6% (a)OK ②改OK
  run31 対象 設17% 金25% 討52% 打6% (a)OK ②改NG
  run32 対象 設19% 金25% 討49% 打6% (a)OK ②改OK
  run33 対象 設3% 金26% 討64% 打7% (a)OK ②改NG
  run34 対象 設5% 金24% 討37% 打34% (a)OK ②改OK
  run35 対象 設3% 金21% 討56% 打19% (a)OK ②改NG
  run36 対象 設4% 金28% 討53% 打15% (a)OK ②改NG
  run37 対象 設3% 金20% 討64% 打13% (a)OK ②改NG
  run38 対象 設4% 金19% 討64% 打14% (a)OK ②改NG
  run39 対象 設6% 金15% 討31% 打48% (a)OK ②改OK
  run40 対象 設5% 金21% 討36% 打38% (a)OK ②改OK
  run41 対象 設4% 金16% 討66% 打15% (a)OK ②改NG
  run42 対象 設4% 金15% 討51% 打30% (a)OK ②改OK
  run43 対象 設5% 金12% 討39% 打43% (a)OK ②改OK
  run44 対象 設6% 金23% 討20% 打51% (a)NG ②改OK
  run45 対象 設5% 金14% 討57% 打24% (a)OK ②改NG
  run46 対象 設14% 金34% 討17% 打34% (a)NG ②改OK
bake(S1) ㉘(a) 26/47 ②改 43/47 | 前半中央値 設49 金29 討8 打13 | 後半中央値 設12 金24 討41 打21
  run 0 対象 設39% 金13% 討5% 打43% (a)OK ②改OK
  run 1 対象 設50% 金23% 討3% 打23% (a)OK ②改OK
  run 2 対象 設49% 金31% 討4% 打16% (a)OK ②改OK
  run 3 対象 設42% 金43% 討3% 打12% (a)OK ②改OK
  run 4 対象 設24% 金56% 討8% 打12% (a)NG ②改OK
  run 5 対象 設36% 金43% 討9% 打13% (a)OK ②改OK
  run 6 対象 設77% 金12% 討0% 打11% (a)OK ②改NG
  run 7 対象 設43% 金33% 討9% 打15% (a)OK ②改OK
  run 8 対象 設44% 金37% 討7% 打11% (a)OK ②改OK
  run 9 対象 設43% 金38% 討7% 打12% (a)OK ②改OK
  run10 対象 設45% 金35% 討8% 打12% (a)OK ②改OK
  run11 対象 設50% 金32% 討7% 打10% (a)OK ②改OK
  run12 対象 設49% 金32% 討8% 打11% (a)OK ②改OK
  run13 対象 設49% 金28% 討8% 打15% (a)OK ②改OK
  run14 対象 設47% 金26% 討10% 打17% (a)OK ②改OK
  run15 対象 設50% 金24% 討10% 打16% (a)OK ②改OK
  run16 対象 設54% 金22% 討9% 打15% (a)OK ②改NG
  run17 対象 設50% 金27% 討9% 打14% (a)OK ②改OK
  run18 対象 設52% 金26% 討9% 打13% (a)OK ②改NG
  run19 対象 設50% 金28% 討9% 打13% (a)OK ②改OK
  run20 対象 設52% 金29% 討9% 打11% (a)OK ②改NG
  run21 対象 設49% 金25% 討15% 打11% (a)OK ②改OK
  run22 対象 設39% 金36% 討16% 打8% (a)OK ②改OK
  run23 対象 設45% 金26% 討22% 打8% (a)OK ②改OK
  run24 対象 設44% 金24% 討25% 打7% (a)OK ②改OK
  run25 対象 設33% 金24% 討37% 打6% (a)OK ②改OK
  run26 対象 設30% 金23% 討41% 打5% (a)OK ②改OK
  run27 対象 設22% 金43% 討28% 打7% (a)NG ②改OK
  run28 対象 設18% 金41% 討36% 打5% (a)NG ②改OK
  run29 対象 設25% 金39% 討28% 打8% (a)NG ②改OK
  run30 対象 設18% 金35% 討42% 打5% (a)NG ②改OK
  run31 対象 設21% 金39% 討34% 打7% (a)NG ②改OK
  run32 対象 設14% 金33% 討49% 打5% (a)NG ②改OK
  run33 対象 設13% 金29% 討38% 打20% (a)NG ②改OK
  run34 対象 設10% 金28% 討40% 打21% (a)NG ②改OK
  run35 対象 設11% 金25% 討43% 打21% (a)NG ②改OK
  run36 対象 設13% 金18% 討33% 打35% (a)NG ②改OK
  run37 対象 設11% 金24% 討45% 打21% (a)NG ②改OK
  run38 対象 設10% 金24% 討44% 打23% (a)NG ②改OK
  run39 対象 設10% 金23% 討45% 打22% (a)NG ②改OK
  run40 対象 設9% 金25% 討45% 打20% (a)NG ②改OK
  run41 対象 設11% 金22% 討44% 打23% (a)NG ②改OK
  run42 対象 設10% 金22% 討43% 打25% (a)NG ②改OK
  run43 対象 設11% 金17% 討44% 打27% (a)NG ②改OK
  run44 対象 設11% 金17% 討43% 打29% (a)NG ②改OK
  run45 対象 設11% 金19% 討40% 打30% (a)NG ②改OK
  run46 対象 設12% 金16% 討40% 打32% (a)NG ②改OK
合計(㉘(a) balanced+hunt+bake): 62/138
