=== chain.prodCoef=0.01 (100h) ===
balanced(S6) ㉘(a) 10/48 ②改 0/0 | 前半中央値 設30 金41 討9 打14 | 後半中央値 設6 金31 討43 打21
  run 0 対象 設41% 金13% 討6% 打40% (a)NG ②改OK
  run 1 対象 設47% 金22% 討4% 打26% (a)NG ②改OK
  run 2 対象 設45% 金32% 討5% 打18% (a)NG ②改OK
  run 3 対象 設42% 金41% 討3% 打14% (a)NG ②改OK
  run 4 対象 設27% 金58% 討5% 打10% (a)NG ②改OK
  run 5 対象 設28% 金52% 討9% 打11% (a)NG ②改OK
  run 6 対象 設31% 金52% 討9% 打8% (a)NG ②改OK
  run 7 対象 設29% 金49% 討9% 打12% (a)NG ②改OK
  run 8 対象 設29% 金52% 討8% 打11% (a)NG ②改OK
  run 9 対象 設28% 金53% 討8% 打11% (a)NG ②改OK
  run10 対象 設30% 金49% 討9% 打12% (a)NG ②改OK
  run11 対象 設30% 金50% 討9% 打11% (a)NG ②改OK
  run12 対象 設32% 金47% 討9% 打12% (a)NG ②改OK
  run13 対象 設29% 金42% 討10% 打18% (a)OK ②改OK
  run14 対象 設30% 金40% 討12% 打19% (a)OK ②改OK
  run15 対象 設32% 金35% 討13% 打20% (a)OK ②改OK
  run16 対象 設31% 金36% 討13% 打21% (a)OK ②改OK
  run17 対象 設31% 金37% 討13% 打20% (a)OK ②改OK
  run18 対象 設29% 金41% 討13% 打17% (a)OK ②改OK
  run19 対象 設30% 金39% 討13% 打18% (a)OK ②改OK
  run20 対象 設29% 金43% 討13% 打15% (a)OK ②改OK
  run21 対象 設29% 金39% 討18% 打14% (a)OK ②改OK
  run22 対象 設28% 金32% 討28% 打12% (a)OK ②改OK
  run23 対象 設23% 金35% 討32% 打10% (a)NG ②改OK
  run24 対象 設22% 金33% 討35% 打9% (a)NG ②改OK
  run25 対象 設12% 金41% 討41% 打6% (a)NG ②改OK
  run26 対象 設15% 金31% 討47% 打6% (a)NG ②改OK
  run27 対象 設10% 金37% 討48% 打5% (a)NG ②改OK
  run28 対象 設8% 金42% 討45% 打5% (a)NG ②改OK
  run29 対象 設11% 金47% 討35% 打7% (a)NG ②改OK
  run30 対象 設10% 金43% 討42% 打5% (a)NG ②改OK
  run31 対象 設7% 金52% 討36% 打5% (a)NG ②改OK
  run32 対象 設8% 金41% 討48% 打4% (a)NG ②改OK
  run33 対象 設8% 金36% 討35% 打21% (a)NG ②改OK
  run34 対象 設6% 金30% 討35% 打28% (a)NG ②改OK
  run35 対象 設5% 金34% 討41% 打19% (a)NG ②改OK
  run36 対象 設6% 金27% 討34% 打33% (a)NG ②改OK
  run37 対象 設5% 金29% 討44% 打22% (a)NG ②改OK
  run38 対象 設5% 金26% 討43% 打26% (a)NG ②改OK
  run39 対象 設6% 金32% 討41% 打21% (a)NG ②改OK
  run40 対象 設5% 金26% 討38% 打30% (a)NG ②改OK
  run41 対象 設6% 金24% 討45% 打25% (a)NG ②改OK
  run42 対象 設6% 金21% 討45% 打28% (a)NG ②改OK
  run43 対象 設6% 金20% 討47% 打28% (a)NG ②改OK
  run44 対象 設6% 金20% 討47% 打28% (a)NG ②改OK
  run45 対象 設5% 金21% 討50% 打24% (a)NG ②改OK
  run46 対象 設6% 金18% 討45% 打30% (a)NG ②改OK
  run47 対象 設6% 金21% 討44% 打30% (a)NG ②改OK
hunt(S4) ㉘(a) 26/43 ②改 35/43 | 前半中央値 設10 金54 討27 打6 | 後半中央値 設5 金23 討48 打13
  run 0   外 設44% 金17% 討3% 打36%
  run 1   外 設43% 金35% 討2% 打19%
  run 2   外 設5% 金39% 討35% 打21%
  run 3   外 設26% 金61% 討4% 打9%
  run 4 対象 設3% 金53% 討33% 打10% (a)OK ②改OK
  run 5 対象 設42% 金40% 討2% 打16% (a)NG ②改OK
  run 6 対象 設52% 金37% 討4% 打7% (a)NG ②改OK
  run 7 対象 設9% 金50% 討34% 打7% (a)OK ②改OK
  run 8 対象 設12% 金40% 討41% 打7% (a)OK ②改OK
  run 9 対象 設9% 金59% 討27% 打6% (a)NG ②改OK
  run10 対象 設10% 金55% 討29% 打6% (a)NG ②改OK
  run11 対象 設10% 金56% 討29% 打5% (a)NG ②改OK
  run12 対象 設11% 金57% 討27% 打5% (a)NG ②改OK
  run13 対象 設9% 金59% 討27% 打5% (a)NG ②改OK
  run14 対象 設7% 金61% 討26% 打5% (a)NG ②改OK
  run15 対象 設10% 金54% 討30% 打7% (a)NG ②改OK
  run16 対象 設35% 金14% 討35% 打16% (a)OK ②改OK
  run17 対象 設7% 金63% 討24% 打6% (a)NG ②改OK
  run18 対象 設10% 金60% 討24% 打6% (a)NG ②改OK
  run19 対象 設10% 金59% 討25% 打7% (a)NG ②改OK
  run20 対象 設26% 金36% 討26% 打12% (a)NG ②改OK
  run21 対象 設7% 金60% 討27% 打7% (a)NG ②改OK
  run22 対象 設14% 金51% 討29% 打6% (a)NG ②改OK
  run23 対象 設10% 金51% 討33% 打5% (a)OK ②改OK
  run24 対象 設12% 金49% 討34% 打6% (a)OK ②改OK
  run25 対象 設9% 金46% 討41% 打5% (a)OK ②改OK
  run26 対象 設10% 金42% 討44% 打4% (a)OK ②改OK
  run27 対象 設29% 金28% 討36% 打8% (a)OK ②改OK
  run28 対象 設12% 金31% 討53% 打4% (a)OK ②改NG
  run29 対象 設19% 金28% 討48% 打6% (a)OK ②改OK
  run30 対象 設18% 金25% 討50% 打6% (a)OK ②改OK
  run31 対象 設17% 金25% 討52% 打6% (a)OK ②改NG
  run32 対象 設19% 金26% 討49% 打6% (a)OK ②改OK
  run33 対象 設3% 金26% 討64% 打7% (a)OK ②改NG
  run34 対象 設5% 金23% 討38% 打34% (a)OK ②改OK
  run35 対象 設4% 金21% 討56% 打19% (a)OK ②改NG
  run36 対象 設5% 金21% 討32% 打41% (a)OK ②改OK
  run37 対象 設4% 金20% 討63% 打13% (a)OK ②改NG
  run38 対象 設3% 金20% 討64% 打13% (a)OK ②改NG
  run39 対象 設6% 金15% 討33% 打47% (a)OK ②改OK
  run40 対象 設5% 金21% 討35% 打39% (a)OK ②改OK
  run41 対象 設3% 金17% 討67% 打13% (a)OK ②改NG
  run42 対象 設5% 金15% 討50% 打31% (a)OK ②改OK
  run43 対象 設5% 金13% 討40% 打42% (a)OK ②改OK
  run44 対象 設5% 金24% 討22% 打49% (a)NG ②改OK
  run45 対象 設5% 金13% 討57% 打25% (a)OK ②改NG
  run46 対象 設14% 金36% 討18% 打32% (a)NG ②改OK
bake(S1) ㉘(a) 25/47 ②改 44/47 | 前半中央値 設49 金29 討8 打12 | 後半中央値 設12 金25 討40 打20
  run 0 対象 設39% 金13% 討5% 打43% (a)OK ②改OK
  run 1 対象 設49% 金23% 討3% 打24% (a)OK ②改OK
  run 2 対象 設50% 金30% 討3% 打16% (a)OK ②改OK
  run 3 対象 設42% 金43% 討3% 打12% (a)OK ②改OK
  run 4 対象 設23% 金59% 討7% 打12% (a)NG ②改OK
  run 5 対象 設34% 金46% 討8% 打12% (a)OK ②改OK
  run 6 対象 設77% 金12% 討0% 打11% (a)OK ②改NG
  run 7 対象 設41% 金38% 討8% 打13% (a)OK ②改OK
  run 8 対象 設42% 金39% 討7% 打11% (a)OK ②改OK
  run 9 対象 設43% 金39% 討7% 打11% (a)OK ②改OK
  run10 対象 設44% 金37% 討8% 打11% (a)OK ②改OK
  run11 対象 設49% 金33% 討7% 打11% (a)OK ②改OK
  run12 対象 設49% 金33% 討8% 打10% (a)OK ②改OK
  run13 対象 設49% 金28% 討8% 打15% (a)OK ②改OK
  run14 対象 設45% 金29% 討9% 打16% (a)OK ②改OK
  run15 対象 設51% 金23% 討10% 打16% (a)OK ②改OK
  run16 対象 設54% 金22% 討9% 打15% (a)OK ②改NG
  run17 対象 設51% 金26% 討9% 打14% (a)OK ②改OK
  run18 対象 設48% 金30% 討9% 打12% (a)OK ②改OK
  run19 対象 設49% 金29% 討9% 打13% (a)OK ②改OK
  run20 対象 設53% 金26% 討9% 打11% (a)OK ②改NG
  run21 対象 設47% 金27% 討15% 打11% (a)OK ②改OK
  run22 対象 設49% 金23% 討19% 打9% (a)OK ②改OK
  run23 対象 設47% 金23% 討22% 打8% (a)OK ②改OK
  run24 対象 設44% 金23% 討26% 打7% (a)OK ②改OK
  run25 対象 設32% 金25% 討37% 打6% (a)OK ②改OK
  run26 対象 設24% 金32% 討40% 打5% (a)NG ②改OK
  run27 対象 設22% 金43% 討28% 打7% (a)NG ②改OK
  run28 対象 設20% 金39% 討36% 打5% (a)NG ②改OK
  run29 対象 設23% 金41% 討28% 打8% (a)NG ②改OK
  run30 対象 設19% 金41% 討35% 打5% (a)NG ②改OK
  run31 対象 設25% 金43% 討25% 打8% (a)NG ②改OK
  run32 対象 設12% 金36% 討49% 打4% (a)NG ②改OK
  run33 対象 設12% 金29% 討39% 打19% (a)NG ②改OK
  run34 対象 設11% 金27% 討39% 打23% (a)NG ②改OK
  run35 対象 設12% 金25% 討42% 打21% (a)NG ②改OK
  run36 対象 設12% 金23% 討32% 打33% (a)NG ②改OK
  run37 対象 設10% 金24% 討45% 打20% (a)NG ②改OK
  run38 対象 設10% 金24% 討43% 打23% (a)NG ②改OK
  run39 対象 設10% 金23% 討46% 打21% (a)NG ②改OK
  run40 対象 設9% 金26% 討45% 打20% (a)NG ②改OK
  run41 対象 設13% 金16% 討39% 打33% (a)NG ②改OK
  run42 対象 設11% 金20% 討45% 打25% (a)NG ②改OK
  run43 対象 設11% 金19% 討42% 打28% (a)NG ②改OK
  run44 対象 設10% 金21% 討41% 打28% (a)NG ②改OK
  run45 対象 設12% 金17% 討41% 打31% (a)NG ②改OK
  run46 対象 設11% 金16% 討42% 打30% (a)NG ②改OK
合計(㉘(a) balanced+hunt+bake): 61/138
