=== chain.prodCoef=0.014 (100h) ===
balanced(S6) ㉘(a) 10/48 ②改 0/0 | 前半中央値 設30 金43 討9 打13 | 後半中央値 設6 金29 討44 打23
  run 0 対象 設41% 金13% 討6% 打40% (a)NG ②改OK
  run 1 対象 設47% 金23% 討4% 打26% (a)NG ②改OK
  run 2 対象 設48% 金30% 討5% 打18% (a)NG ②改OK
  run 3 対象 設41% 金42% 討3% 打14% (a)NG ②改OK
  run 4 対象 設25% 金57% 討7% 打11% (a)NG ②改OK
  run 5 対象 設29% 金51% 討9% 打11% (a)NG ②改OK
  run 6 対象 設34% 金48% 討9% 打9% (a)NG ②改OK
  run 7 対象 設30% 金47% 討9% 打13% (a)NG ②改OK
  run 8 対象 設31% 金49% 討9% 打11% (a)NG ②改OK
  run 9 対象 設28% 金54% 討8% 打11% (a)NG ②改OK
  run10 対象 設31% 金48% 討9% 打12% (a)NG ②改OK
  run11 対象 設30% 金49% 討9% 打11% (a)NG ②改OK
  run12 対象 設31% 金47% 討9% 打12% (a)NG ②改OK
  run13 対象 設30% 金42% 討11% 打18% (a)OK ②改OK
  run14 対象 設31% 金38% 討12% 打20% (a)OK ②改OK
  run15 対象 設30% 金34% 討13% 打23% (a)OK ②改OK
  run16 対象 設31% 金35% 討13% 打21% (a)OK ②改OK
  run17 対象 設30% 金38% 討13% 打19% (a)OK ②改OK
  run18 対象 設29% 金40% 討13% 打18% (a)OK ②改OK
  run19 対象 設23% 金48% 討14% 打15% (a)OK ②改OK
  run20 対象 設26% 金46% 討15% 打13% (a)OK ②改OK
  run21 対象 設24% 金45% 討20% 打12% (a)OK ②改OK
  run22 対象 設24% 金35% 討30% 打11% (a)OK ②改OK
  run23 対象 設22% 金36% 討32% 打10% (a)NG ②改OK
  run24 対象 設22% 金34% 討35% 打9% (a)NG ②改OK
  run25 対象 設16% 金32% 討44% 打7% (a)NG ②改OK
  run26 対象 設15% 金30% 討48% 打7% (a)NG ②改OK
  run27 対象 設14% 金30% 討50% 打6% (a)NG ②改OK
  run28 対象 設8% 金42% 討45% 打5% (a)NG ②改OK
  run29 対象 設10% 金47% 討38% 打6% (a)NG ②改OK
  run30 対象 設13% 金47% 討32% 打8% (a)NG ②改OK
  run31 対象 設5% 金40% 討51% 打4% (a)NG ②改OK
  run32 対象 設10% 金47% 討37% 打6% (a)NG ②改OK
  run33 対象 設6% 金31% 討41% 打22% (a)NG ②改OK
  run34 対象 設6% 金31% 討41% 打23% (a)NG ②改OK
  run35 対象 設6% 金29% 討41% 打24% (a)NG ②改OK
  run36 対象 設6% 金27% 討38% 打29% (a)NG ②改OK
  run37 対象 設6% 金26% 討44% 打24% (a)NG ②改OK
  run38 対象 設5% 金27% 討43% 打25% (a)NG ②改OK
  run39 対象 設5% 金27% 討45% 打22% (a)NG ②改OK
  run40 対象 設5% 金28% 討42% 打25% (a)NG ②改OK
  run41 対象 設6% 金20% 討44% 打30% (a)NG ②改OK
  run42 対象 設6% 金19% 討46% 打29% (a)NG ②改OK
  run43 対象 設5% 金23% 討45% 打26% (a)NG ②改OK
  run44 対象 設6% 金20% 討46% 打29% (a)NG ②改OK
  run45 対象 設6% 金18% 討46% 打30% (a)NG ②改OK
  run46 対象 設7% 金21% 討48% 打24% (a)NG ②改OK
  run47 対象 設6% 金20% 討32% 打42% (a)NG ②改OK
hunt(S4) ㉘(a) 27/43 ②改 34/43 | 前半中央値 設10 金54 討28 打6 | 後半中央値 設5 金23 討50 打14
  run 0   外 設44% 金17% 討3% 打36%
  run 1   外 設43% 金35% 討2% 打19%
  run 2   外 設5% 金39% 討35% 打21%
  run 3   外 設5% 金50% 討34% 打11%
  run 4 対象 設5% 金58% 討28% 打8% (a)NG ②改OK
  run 5 対象 設43% 金40% 討2% 打15% (a)NG ②改OK
  run 6 対象 設49% 金39% 討5% 打7% (a)NG ②改OK
  run 7 対象 設9% 金49% 討35% 打7% (a)OK ②改OK
  run 8 対象 設11% 金42% 討40% 打7% (a)OK ②改OK
  run 9 対象 設7% 金59% 討27% 打6% (a)NG ②改OK
  run10 対象 設10% 金54% 討30% 打6% (a)OK ②改OK
  run11 対象 設10% 金57% 討28% 打5% (a)NG ②改OK
  run12 対象 設11% 金56% 討28% 打6% (a)NG ②改OK
  run13 対象 設9% 金58% 討28% 打5% (a)NG ②改OK
  run14 対象 設8% 金61% 討26% 打6% (a)NG ②改OK
  run15 対象 設10% 金53% 討30% 打7% (a)OK ②改OK
  run16 対象 設36% 金8% 討40% 打16% (a)OK ②改OK
  run17 対象 設7% 金64% 討24% 打5% (a)NG ②改OK
  run18 対象 設11% 金59% 討24% 打6% (a)NG ②改OK
  run19 対象 設10% 金62% 討24% 打5% (a)NG ②改OK
  run20 対象 設27% 金34% 討28% 打12% (a)NG ②改OK
  run21 対象 設7% 金61% 討26% 打7% (a)NG ②改OK
  run22 対象 設14% 金51% 討29% 打6% (a)NG ②改OK
  run23 対象 設10% 金51% 討34% 打5% (a)OK ②改OK
  run24 対象 設12% 金49% 討34% 打5% (a)OK ②改OK
  run25 対象 設9% 金46% 討41% 打4% (a)OK ②改OK
  run26 対象 設10% 金41% 討45% 打4% (a)OK ②改OK
  run27 対象 設29% 金28% 討35% 打8% (a)OK ②改OK
  run28 対象 設11% 金31% 討54% 打4% (a)OK ②改NG
  run29 対象 設19% 金27% 討48% 打6% (a)OK ②改OK
  run30 対象 設18% 金26% 討51% 打6% (a)OK ②改OK
  run31 対象 設20% 金21% 討53% 打6% (a)OK ②改NG
  run32 対象 設18% 金26% 討49% 打6% (a)OK ②改OK
  run33 対象 設3% 金25% 討64% 打8% (a)OK ②改NG
  run34 対象 設5% 金22% 討37% 打35% (a)OK ②改OK
  run35 対象 設3% 金20% 討57% 打19% (a)OK ②改NG
  run36 対象 設4% 金29% 討53% 打14% (a)OK ②改NG
  run37 対象 設4% 金21% 討63% 打13% (a)OK ②改NG
  run38 対象 設3% 金19% 討65% 打13% (a)OK ②改NG
  run39 対象 設6% 金14% 討33% 打47% (a)OK ②改OK
  run40 対象 設5% 金22% 討34% 打39% (a)OK ②改OK
  run41 対象 設4% 金15% 討67% 打14% (a)OK ②改NG
  run42 対象 設4% 金16% 討50% 打30% (a)OK ②改OK
  run43 対象 設5% 金12% 討40% 打42% (a)OK ②改OK
  run44 対象 設6% 金23% 討22% 打50% (a)NG ②改OK
  run45 対象 設5% 金12% 討56% 打27% (a)OK ②改NG
  run46 対象 設13% 金38% 討18% 打31% (a)NG ②改OK
bake(S1) ㉘(a) 25/47 ②改 43/47 | 前半中央値 設48 金29 討8 打13 | 後半中央値 設12 金26 討41 打20
  run 0 対象 設39% 金13% 討5% 打43% (a)OK ②改OK
  run 1 対象 設50% 金23% 討3% 打24% (a)OK ②改OK
  run 2 対象 設49% 金31% 討4% 打16% (a)OK ②改OK
  run 3 対象 設42% 金42% 討3% 打13% (a)OK ②改OK
  run 4 対象 設23% 金57% 討8% 打12% (a)NG ②改OK
  run 5 対象 設35% 金43% 討9% 打13% (a)OK ②改OK
  run 6 対象 設77% 金12% 討0% 打11% (a)OK ②改NG
  run 7 対象 設43% 金34% 討9% 打14% (a)OK ②改OK
  run 8 対象 設41% 金40% 討7% 打11% (a)OK ②改OK
  run 9 対象 設43% 金39% 討7% 打11% (a)OK ②改OK
  run10 対象 設45% 金35% 討8% 打12% (a)OK ②改OK
  run11 対象 設50% 金32% 討7% 打10% (a)OK ②改OK
  run12 対象 設48% 金33% 討8% 打11% (a)OK ②改OK
  run13 対象 設48% 金29% 討8% 打15% (a)OK ②改OK
  run14 対象 設48% 金25% 討10% 打17% (a)OK ②改OK
  run15 対象 設48% 金26% 討10% 打16% (a)OK ②改OK
  run16 対象 設54% 金22% 討9% 打15% (a)OK ②改NG
  run17 対象 設52% 金24% 討10% 打14% (a)OK ②改NG
  run18 対象 設50% 金29% 討9% 打12% (a)OK ②改OK
  run19 対象 設51% 金27% 討10% 打13% (a)OK ②改OK
  run20 対象 設52% 金28% 討9% 打11% (a)OK ②改NG
  run21 対象 設49% 金25% 討15% 打11% (a)OK ②改OK
  run22 対象 設38% 金39% 討15% 打8% (a)OK ②改OK
  run23 対象 設47% 金24% 討21% 打8% (a)OK ②改OK
  run24 対象 設35% 金35% 討24% 打7% (a)OK ②改OK
  run25 対象 設33% 金24% 討37% 打6% (a)OK ②改OK
  run26 対象 設30% 金24% 討41% 打5% (a)NG ②改OK
  run27 対象 設25% 金38% 討28% 打8% (a)NG ②改OK
  run28 対象 設19% 金40% 討35% 打5% (a)NG ②改OK
  run29 対象 設25% 金39% 討28% 打8% (a)NG ②改OK
  run30 対象 設16% 金38% 討41% 打5% (a)NG ②改OK
  run31 対象 設21% 金39% 討34% 打7% (a)NG ②改OK
  run32 対象 設14% 金33% 討49% 打5% (a)NG ②改OK
  run33 対象 設12% 金31% 討38% 打20% (a)NG ②改OK
  run34 対象 設10% 金26% 討42% 打21% (a)NG ②改OK
  run35 対象 設12% 金24% 討43% 打22% (a)NG ②改OK
  run36 対象 設9% 金27% 討45% 打19% (a)NG ②改OK
  run37 対象 設9% 金27% 討43% 打21% (a)NG ②改OK
  run38 対象 設9% 金26% 討44% 打22% (a)NG ②改OK
  run39 対象 設9% 金26% 討45% 打21% (a)NG ②改OK
  run40 対象 設9% 金26% 討45% 打21% (a)NG ②改OK
  run41 対象 設11% 金22% 討45% 打22% (a)NG ②改OK
  run42 対象 設10% 金22% 討41% 打27% (a)NG ②改OK
  run43 対象 設12% 金17% 討42% 打29% (a)NG ②改OK
  run44 対象 設11% 金18% 討42% 打29% (a)NG ②改OK
  run45 対象 設12% 金15% 討41% 打32% (a)NG ②改OK
  run46 対象 設11% 金20% 討39% 打30% (a)NG ②改OK
合計(㉘(a) balanced+hunt+bake): 62/138
