=== override={"resStageCostEach":{"portalNetwork":{"s2":50000000000}}} (100h) ===
hunt(S4) ㉘(a) 35/43 ②改 22/43 | 前半中央値 設14 金47 討33 打6 | 後半中央値 設7 金6 討71 打12
  run 0   外 設44% 金17% 討5% 打34%
  run 1   外 設43% 金35% 討3% 打18%
  run 2   外 設5% 金39% 討38% 打18%
  run 3   外 設5% 金49% 討36% 打9%
  run 4 対象 設5% 金54% 討33% 打8% (a)OK ②改OK
  run 5 対象 設40% 金43% 討3% 打14% (a)NG ②改OK
  run 6 対象 設46% 金40% 討8% 打6% (a)NG ②改OK
  run 7 対象 設9% 金48% 討36% 打6% (a)OK ②改OK
  run 8 対象 設11% 金41% 討42% 打6% (a)OK ②改OK
  run 9 対象 設10% 金55% 討30% 打6% (a)NG ②改OK
  run10 対象 設12% 金47% 討35% 打6% (a)OK ②改OK
  run11 対象 設13% 金49% 討33% 打5% (a)OK ②改OK
  run12 対象 設14% 金48% 討32% 打6% (a)OK ②改OK
  run13 対象 設14% 金49% 討31% 打6% (a)OK ②改OK
  run14 対象 設12% 金56% 討27% 打5% (a)NG ②改OK
  run15 対象 設15% 金44% 討34% 打7% (a)OK ②改OK
  run16 対象 設36% 金10% 討39% 打15% (a)OK ②改OK
  run17 対象 設15% 金55% 討25% 打5% (a)NG ②改OK
  run18 対象 設17% 金49% 討28% 打6% (a)NG ②改OK
  run19 対象 設17% 金50% 討27% 打5% (a)NG ②改OK
  run20 対象 設24% 金20% 討45% 打11% (a)OK ②改OK
  run21 対象 設7% 金12% 討75% 打6% (a)OK ②改NG
  run22 対象 設14% 金12% 討67% 打6% (a)OK ②改NG
  run23 対象 設11% 金12% 討72% 打5% (a)OK ②改NG
  run24 対象 設13% 金12% 討69% 打5% (a)OK ②改NG
  run25 対象 設11% 金12% 討73% 打4% (a)OK ②改NG
  run26 対象 設10% 金11% 討75% 打4% (a)OK ②改NG
  run27 対象 設29% 金4% 討60% 打8% (a)OK ②改NG
  run28 対象 設12% 金6% 討78% 打4% (a)OK ②改NG
  run29 対象 設20% 金4% 討70% 打6% (a)OK ②改NG
  run30 対象 設18% 金4% 討72% 打5% (a)OK ②改NG
  run31 対象 設18% 金5% 討72% 打5% (a)OK ②改NG
  run32 対象 設20% 金12% 討62% 打6% (a)OK ②改NG
  run33 対象 設5% 金6% 討82% 打7% (a)OK ②改NG
  run34 対象 設6% 金5% 討55% 打34% (a)OK ②改NG
  run35 対象 設5% 金6% 討71% 打18% (a)OK ②改NG
  run36 対象 設7% 金14% 討37% 打42% (a)OK ②改OK
  run37 対象 設6% 金7% 討76% 打11% (a)OK ②改NG
  run38 対象 設5% 金7% 討77% 打11% (a)OK ②改NG
  run39 対象 設7% 金4% 討43% 打46% (a)OK ②改OK
  run40 対象 設8% 金15% 討38% 打39% (a)OK ②改OK
  run41 対象 設6% 金5% 討75% 打13% (a)OK ②改NG
  run42 対象 設6% 金5% 討59% 打29% (a)OK ②改NG
  run43 対象 設7% 金4% 討48% 打42% (a)OK ②改OK
  run44 対象 設9% 金18% 討24% 打50% (a)NG ②改OK
  run45 対象 設6% 金6% 討64% 打23% (a)OK ②改NG
  run46 対象 設6% 金5% 討73% 打16% (a)OK ②改NG
balanced(S6) ㉘(a) 33/48 ②改 0/0 | 前半中央値 設32 金33 討15 打12 | 後半中央値 設18 金26 討33 打21
  run 0 対象 設40% 金13% 討10% 打36% (a)OK ②改OK
  run 1 対象 設46% 金23% 討8% 打22% (a)NG ②改OK
  run 2 対象 設41% 金32% 討10% 打17% (a)OK ②改OK
  run 3 対象 設34% 金46% 討7% 打13% (a)NG ②改OK
  run 4 対象 設21% 金55% 討12% 打11% (a)OK ②改OK
  run 5 対象 設28% 金47% 討15% 打10% (a)NG ②改OK
  run 6 対象 設31% 金47% 討14% 打8% (a)NG ②改OK
  run 7 対象 設30% 金43% 討15% 打12% (a)OK ②改OK
  run 8 対象 設31% 金44% 討14% 打11% (a)OK ②改OK
  run 9 対象 設29% 金47% 討13% 打11% (a)OK ②改OK
  run10 対象 設32% 金43% 討14% 打12% (a)OK ②改OK
  run11 対象 設34% 金41% 討14% 打11% (a)OK ②改OK
  run12 対象 設35% 金37% 討15% 打12% (a)OK ②改OK
  run13 対象 設33% 金33% 討16% 打17% (a)OK ②改OK
  run14 対象 設35% 金27% 討19% 打20% (a)OK ②改OK
  run15 対象 設35% 金23% 討21% 打22% (a)OK ②改OK
  run16 対象 設37% 金22% 討20% 打21% (a)OK ②改OK
  run17 対象 設37% 金23% 討20% 打20% (a)OK ②改OK
  run18 対象 設35% 金28% 討19% 打18% (a)OK ②改OK
  run19 対象 設31% 金33% 討21% 打16% (a)OK ②改OK
  run20 対象 設25% 金25% 討38% 打12% (a)OK ②改OK
  run21 対象 設23% 金25% 討42% 打10% (a)OK ②改OK
  run22 対象 設26% 金21% 討43% 打10% (a)NG ②改OK
  run23 対象 設21% 金28% 討43% 打7% (a)NG ②改OK
  run24 対象 設23% 金25% 討44% 打8% (a)NG ②改OK
  run25 対象 設21% 金24% 討49% 打6% (a)NG ②改OK
  run26 対象 設21% 金23% 討50% 打6% (a)NG ②改OK
  run27 対象 設20% 金24% 討51% 打5% (a)NG ②改OK
  run28 対象 設19% 金35% 討42% 打4% (a)NG ②改OK
  run29 対象 設24% 金39% 討29% 打7% (a)NG ②改OK
  run30 対象 設25% 金38% 討33% 打5% (a)NG ②改OK
  run31 対象 設26% 金47% 討21% 打7% (a)NG ②改OK
  run32 対象 設21% 金34% 討41% 打4% (a)NG ②改OK
  run33 対象 設18% 金32% 討31% 打20% (a)OK ②改OK
  run34 対象 設16% 金27% 討26% 打30% (a)OK ②改OK
  run35 対象 設18% 金32% 討31% 打19% (a)OK ②改OK
  run36 対象 設18% 金28% 討25% 打29% (a)OK ②改OK
  run37 対象 設17% 金26% 討34% 打23% (a)OK ②改OK
  run38 対象 設17% 金26% 討32% 打26% (a)OK ②改OK
  run39 対象 設17% 金29% 討33% 打20% (a)OK ②改OK
  run40 対象 設16% 金25% 討31% 打27% (a)OK ②改OK
  run41 対象 設15% 金20% 討40% 打26% (a)OK ②改OK
  run42 対象 設15% 金19% 討37% 打28% (a)OK ②改OK
  run43 対象 設15% 金22% 討36% 打27% (a)OK ②改OK
  run44 対象 設15% 金22% 討34% 打29% (a)OK ②改OK
  run45 対象 設18% 金28% 討32% 打22% (a)OK ②改OK
  run46 対象 設14% 金18% 討30% 打38% (a)OK ②改OK
  run47 対象 設15% 金21% 討34% 打29% (a)OK ②改OK
合計(㉘(a) hunt+balanced): 68/91 ②改 22/43
