=== override={"equipDirect":{"anchorGolden":0.5}} (100h) ===
balanced(S6) ㉘(a) 24/48 ②改 0/0 | 前半中央値 設32 金41 討10 打13 | 後半中央値 設31 金19 討34 打18
  run 0 対象 設41% 金13% 討6% 打40% (a)NG ②改OK
  run 1 対象 設47% 金24% 討5% 打25% (a)NG ②改OK
  run 2 対象 設43% 金34% 討6% 打18% (a)NG ②改OK
  run 3 対象 設36% 金47% 討4% 打14% (a)NG ②改OK
  run 4 対象 設23% 金58% 討8% 打12% (a)NG ②改OK
  run 5 対象 設31% 金49% 討9% 打11% (a)NG ②改OK
  run 6 対象 設35% 金47% 討9% 打9% (a)NG ②改OK
  run 7 対象 設34% 金44% 討10% 打13% (a)NG ②改OK
  run 8 対象 設33% 金46% 討9% 打12% (a)NG ②改OK
  run 9 対象 設31% 金49% 討8% 打11% (a)NG ②改OK
  run10 対象 設32% 金47% 討9% 打12% (a)NG ②改OK
  run11 対象 設32% 金48% 討9% 打11% (a)NG ②改OK
  run12 対象 設32% 金46% 討10% 打12% (a)NG ②改OK
  run13 対象 設30% 金42% 討10% 打18% (a)OK ②改OK
  run14 対象 設33% 金35% 討12% 打20% (a)OK ②改OK
  run15 対象 設31% 金33% 討13% 打23% (a)OK ②改OK
  run16 対象 設32% 金34% 討13% 打20% (a)OK ②改OK
  run17 対象 設31% 金37% 討13% 打19% (a)OK ②改OK
  run18 対象 設30% 金40% 討12% 打18% (a)OK ②改OK
  run19 対象 設32% 金41% 討13% 打14% (a)OK ②改OK
  run20 対象 設30% 金42% 討14% 打13% (a)OK ②改OK
  run21 対象 設40% 金32% 討16% 打12% (a)OK ②改OK
  run22 対象 設38% 金31% 討22% 打9% (a)NG ②改OK
  run23 対象 設33% 金28% 討30% 打10% (a)NG ②改OK
  run24 対象 設31% 金29% 討31% 打8% (a)NG ②改OK
  run25 対象 設32% 金25% 討36% 打7% (a)NG ②改OK
  run26 対象 設32% 金24% 討38% 打6% (a)NG ②改OK
  run27 対象 設32% 金23% 討40% 打6% (a)NG ②改OK
  run28 対象 設35% 金26% 討34% 打5% (a)NG ②改OK
  run29 対象 設34% 金23% 討38% 打4% (a)NG ②改OK
  run30 対象 設33% 金23% 討39% 打4% (a)NG ②改OK
  run31 対象 設35% 金23% 討37% 打5% (a)NG ②改OK
  run32 対象 設33% 金22% 討41% 打4% (a)NG ②改OK
  run33 対象 設30% 金19% 討35% 打16% (a)OK ②改OK
  run34 対象 設32% 金22% 討29% 打17% (a)OK ②改OK
  run35 対象 設33% 金21% 討27% 打20% (a)OK ②改OK
  run36 対象 設32% 金19% 討26% 打23% (a)OK ②改OK
  run37 対象 設31% 金19% 討32% 打19% (a)OK ②改OK
  run38 対象 設31% 金18% 討30% 打21% (a)OK ②改OK
  run39 対象 設31% 金20% 討31% 打18% (a)OK ②改OK
  run40 対象 設30% 金18% 討31% 打21% (a)OK ②改OK
  run41 対象 設27% 金14% 討33% 打26% (a)OK ②改OK
  run42 対象 設26% 金15% 討34% 打25% (a)OK ②改OK
  run43 対象 設26% 金15% 討35% 打24% (a)OK ②改OK
  run44 対象 設26% 金14% 討34% 打26% (a)OK ②改OK
  run45 対象 設30% 金16% 討32% 打22% (a)OK ②改OK
  run46 対象 設27% 金17% 討36% 打19% (a)OK ②改OK
  run47 対象 設24% 金14% 討36% 打26% (a)OK ②改OK
bake(S1) ㉘(a) 46/47 ②改 14/47 | 前半中央値 設51 金25 討8 打13 | 後半中央値 設61 金9 討17 打13
  run 0 対象 設39% 金13% 討5% 打43% (a)OK ②改OK
  run 1 対象 設50% 金23% 討3% 打23% (a)OK ②改OK
  run 2 対象 設49% 金31% 討4% 打16% (a)OK ②改OK
  run 3 対象 設42% 金42% 討3% 打12% (a)OK ②改OK
  run 4 対象 設23% 金55% 討8% 打13% (a)NG ②改OK
  run 5 対象 設40% 金39% 討9% 打13% (a)OK ②改OK
  run 6 対象 設77% 金12% 討0% 打11% (a)OK ②改NG
  run 7 対象 設45% 金32% 討9% 打15% (a)OK ②改OK
  run 8 対象 設46% 金36% 討7% 打11% (a)OK ②改OK
  run 9 対象 設45% 金36% 討7% 打12% (a)OK ②改OK
  run10 対象 設48% 金33% 討8% 打11% (a)OK ②改OK
  run11 対象 設51% 金31% 討7% 打10% (a)OK ②改OK
  run12 対象 設51% 金30% 討8% 打11% (a)OK ②改OK
  run13 対象 設50% 金27% 討8% 打15% (a)OK ②改OK
  run14 対象 設51% 金23% 討9% 打17% (a)OK ②改OK
  run15 対象 設53% 金21% 討10% 打16% (a)OK ②改NG
  run16 対象 設55% 金21% 討9% 打15% (a)OK ②改NG
  run17 対象 設53% 金23% 討10% 打14% (a)OK ②改NG
  run18 対象 設54% 金25% 討9% 打13% (a)OK ②改NG
  run19 対象 設55% 金24% 討9% 打12% (a)OK ②改NG
  run20 対象 設54% 金25% 討9% 打11% (a)OK ②改NG
  run21 対象 設59% 金18% 討12% 打11% (a)OK ②改NG
  run22 対象 設58% 金18% 討16% 打9% (a)OK ②改NG
  run23 対象 設58% 金17% 討17% 打8% (a)OK ②改NG
  run24 対象 設59% 金16% 討19% 打7% (a)OK ②改NG
  run25 対象 設65% 金12% 討17% 打5% (a)OK ②改NG
  run26 対象 設63% 金12% 討20% 打5% (a)OK ②改NG
  run27 対象 設68% 金13% 討12% 打7% (a)OK ②改NG
  run28 対象 設72% 金12% 討12% 打4% (a)OK ②改NG
  run29 対象 設69% 金14% 討10% 打7% (a)OK ②改NG
  run30 対象 設73% 金12% 討10% 打4% (a)OK ②改NG
  run31 対象 設62% 金15% 討17% 打6% (a)OK ②改NG
  run32 対象 設70% 金11% 討16% 打3% (a)OK ②改NG
  run33 対象 設63% 金10% 討14% 打13% (a)OK ②改NG
  run34 対象 設64% 金9% 討15% 打11% (a)OK ②改NG
  run35 対象 設60% 金8% 討16% 打16% (a)OK ②改NG
  run36 対象 設63% 金8% 討12% 打17% (a)OK ②改NG
  run37 対象 設60% 金8% 討17% 打14% (a)OK ②改NG
  run38 対象 設60% 金8% 討16% 打16% (a)OK ②改NG
  run39 対象 設62% 金8% 討17% 打14% (a)OK ②改NG
  run40 対象 設61% 金8% 討16% 打14% (a)OK ②改NG
  run41 対象 設60% 金7% 討16% 打17% (a)OK ②改NG
  run42 対象 設56% 金7% 討19% 打18% (a)OK ②改NG
  run43 対象 設56% 金7% 討17% 打19% (a)OK ②改NG
  run44 対象 設54% 金6% 討18% 打21% (a)OK ②改NG
  run45 対象 設55% 金7% 討17% 打21% (a)OK ②改NG
  run46 対象 設55% 金7% 討17% 打21% (a)OK ②改NG
合計(㉘(a) balanced+bake): 70/95 ②改 14/47
