=== override={"monster":{"scarceBonus":2,"scarceHalf":0.02},"goldenDirect":{"otherMul":0.3},"tapDirect":{"clickBonus":3}} (100h) ===
bake(S1) ㉘(a) 46/47 ②改 30/47 | 前半中央値 設53 金19 討13 打12 | 後半中央値 設40 金13 討29 打17
  run 0 対象 設39% 金13% 討9% 打39% (a)OK ②改OK
  run 1 対象 設50% 金23% 討6% 打21% (a)OK ②改OK
  run 2 対象 設48% 金30% 討7% 打15% (a)OK ②改OK
  run 3 対象 設42% 金42% 討5% 打11% (a)OK ②改OK
  run 4 対象 設22% 金53% 討14% 打12% (a)NG ②改OK
  run 5 対象 設36% 金39% 討14% 打11% (a)OK ②改OK
  run 6 対象 設77% 金12% 討0% 打11% (a)OK ②改NG
  run 7 対象 設42% 金30% 討14% 打14% (a)OK ②改OK
  run 8 対象 設44% 金33% 討11% 打11% (a)OK ②改OK
  run 9 対象 設46% 金31% 討12% 打11% (a)OK ②改OK
  run10 対象 設48% 金27% 討13% 打11% (a)OK ②改OK
  run11 対象 設56% 金23% 討11% 打10% (a)OK ②改NG
  run12 対象 設53% 金24% 討12% 打11% (a)OK ②改NG
  run13 対象 設54% 金19% 討12% 打14% (a)OK ②改NG
  run14 対象 設52% 金18% 討14% 打16% (a)OK ②改NG
  run15 対象 設54% 金16% 討14% 打15% (a)OK ②改NG
  run16 対象 設59% 金13% 討13% 打15% (a)OK ②改NG
  run17 対象 設57% 金16% 討14% 打13% (a)OK ②改NG
  run18 対象 設58% 金18% 討13% 打12% (a)OK ②改NG
  run19 対象 設57% 金17% 討14% 打13% (a)OK ②改NG
  run20 対象 設60% 金16% 討13% 打11% (a)OK ②改NG
  run21 対象 設59% 金12% 討18% 打11% (a)OK ②改NG
  run22 対象 設58% 金13% 討21% 打9% (a)OK ②改NG
  run23 対象 設56% 金12% 討24% 打8% (a)OK ②改NG
  run24 対象 設53% 金12% 討27% 打8% (a)OK ②改NG
  run25 対象 設48% 金13% 討33% 打6% (a)OK ②改OK
  run26 対象 設47% 金14% 討34% 打5% (a)OK ②改OK
  run27 対象 設51% 金20% 討21% 打8% (a)OK ②改OK
  run28 対象 設51% 金22% 討23% 打4% (a)OK ②改OK
  run29 対象 設52% 金23% 討19% 打7% (a)OK ②改NG
  run30 対象 設52% 金19% 討25% 打5% (a)OK ②改NG
  run31 対象 設50% 金20% 討24% 打6% (a)OK ②改OK
  run32 対象 設46% 金18% 討32% 打4% (a)OK ②改OK
  run33 対象 設41% 金16% 討26% 打17% (a)OK ②改OK
  run34 対象 設40% 金16% 討28% 打16% (a)OK ②改OK
  run35 対象 設39% 金12% 討29% 打20% (a)OK ②改OK
  run36 対象 設37% 金12% 討24% 打26% (a)OK ②改OK
  run37 対象 設39% 金14% 討30% 打17% (a)OK ②改OK
  run38 対象 設39% 金15% 討29% 打18% (a)OK ②改OK
  run39 対象 設38% 金12% 討30% 打19% (a)OK ②改OK
  run40 対象 設40% 金14% 討29% 打17% (a)OK ②改OK
  run41 対象 設32% 金9% 討29% 打30% (a)OK ②改OK
  run42 対象 設35% 金11% 討32% 打22% (a)OK ②改OK
  run43 対象 設34% 金10% 討31% 打25% (a)OK ②改OK
  run44 対象 設35% 金11% 討29% 打25% (a)OK ②改OK
  run45 対象 設34% 金10% 討29% 打27% (a)OK ②改OK
  run46 対象 設33% 金9% 討30% 打28% (a)OK ②改OK
golden(S3) ㉘(a) 40/44 ②改 31/44 | 前半中央値 設22 金41 討19 打13 | 後半中央値 設25 金35 討5 打33
  run 0   外 設43% 金12% 討8% 打37%
  run 1   外 設49% 金28% 討6% 打17%
  run 2   外 設23% 金56% 討8% 打13%
  run 3 対象 設30% 金55% 討5% 打10% (a)OK ②改NG
  run 4 対象 設11% 金64% 討12% 打13% (a)OK ②改NG
  run 5 対象 設14% 金62% 討12% 打12% (a)OK ②改NG
  run 6 対象 設64% 金20% 討0% 打15% (a)NG ②改OK
  run 7 対象 設18% 金57% 討13% 打12% (a)OK ②改NG
  run 8 対象 設18% 金59% 討12% 打11% (a)OK ②改NG
  run 9 対象 設17% 金62% 討11% 打10% (a)OK ②改NG
  run10 対象 設18% 金61% 討12% 打10% (a)OK ②改NG
  run11 対象 設21% 金55% 討14% 打11% (a)OK ②改NG
  run12 対象 設20% 金55% 討14% 打11% (a)OK ②改NG
  run13 対象 設20% 金43% 討18% 打19% (a)OK ②改OK
  run14 対象 設21% 金39% 討20% 打21% (a)OK ②改OK
  run15 対象 設23% 金35% 討21% 打21% (a)OK ②改OK
  run16 対象 設26% 金30% 討23% 打22% (a)NG ②改OK
  run17 対象 設25% 金33% 討22% 打20% (a)OK ②改OK
  run18 対象 設22% 金41% 討19% 打18% (a)OK ②改OK
  run19 対象 設23% 金40% 討20% 打17% (a)OK ②改OK
  run20 対象 設23% 金41% 討21% 打16% (a)OK ②改OK
  run21 対象 設29% 金36% 討20% 打15% (a)OK ②改OK
  run22 対象 設30% 金36% 討21% 打13% (a)OK ②改OK
  run23 対象 設30% 金36% 討22% 打12% (a)OK ②改OK
  run24 対象 設30% 金34% 討23% 打12% (a)OK ②改OK
  run25 対象 設27% 金35% 討28% 打10% (a)OK ②改OK
  run26 対象 設27% 金34% 討29% 打10% (a)OK ②改OK
  run27 対象 設30% 金50% 討11% 打9% (a)OK ②改OK
  run28 対象 設31% 金54% 討7% 打7% (a)OK ②改NG
  run29 対象 設32% 金52% 討7% 打8% (a)OK ②改NG
  run30 対象 設33% 金51% 討8% 打8% (a)OK ②改OK
  run31 対象 設33% 金52% 討7% 打8% (a)OK ②改NG
  run32 対象 設33% 金53% 討7% 打7% (a)OK ②改NG
  run33 対象 設24% 金38% 討5% 打33% (a)OK ②改OK
  run34 対象 設21% 金33% 討5% 打41% (a)OK ②改OK
  run35 対象 設25% 金35% 討5% 打35% (a)OK ②改OK
  run36 対象 設21% 金31% 討4% 打44% (a)OK ②改OK
  run37 対象 設25% 金38% 討5% 打33% (a)OK ②改OK
  run38 対象 設21% 金30% 討4% 打44% (a)OK ②改OK
  run39 対象 設25% 金35% 討4% 打36% (a)OK ②改OK
  run40 対象 設24% 金33% 討4% 打39% (a)OK ②改OK
  run41 対象 設26% 金34% 討4% 打36% (a)OK ②改OK
  run42 対象 設24% 金33% 討4% 打39% (a)OK ②改OK
  run43 対象 設26% 金37% 討4% 打34% (a)OK ②改OK
  run44 対象 設24% 金32% 討4% 打39% (a)OK ②改OK
  run45 対象 設21% 金30% 討17% 打33% (a)NG ②改OK
  run46 対象 設18% 金27% 討14% 打41% (a)NG ②改OK
合計(㉘(a) bake+golden): 86/91 ②改 61/91
