=== override={"monster":{"scarceBonus":2,"scarceHalf":0.02},"goldenDirect":{"otherMul":0.3},"tapDirect":{"clickBonus":3}} (100h) ===
balanced(S6) ㉘(a) 35/48 ②改 0/0 | 前半中央値 設34 金33 討15 打13 | 後半中央値 設16 金25 討42 打21
  run 0 対象 設40% 金13% 討10% 打36% (a)OK ②改OK
  run 1 対象 設46% 金23% 討8% 打22% (a)NG ②改OK
  run 2 対象 設41% 金32% 討10% 打17% (a)OK ②改OK
  run 3 対象 設34% 金46% 討7% 打13% (a)NG ②改OK
  run 4 対象 設21% 金55% 討12% 打11% (a)OK ②改OK
  run 5 対象 設28% 金47% 討15% 打10% (a)NG ②改OK
  run 6 対象 設31% 金47% 討14% 打8% (a)NG ②改OK
  run 7 対象 設30% 金43% 討15% 打12% (a)OK ②改OK
  run 8 対象 設31% 金44% 討14% 打11% (a)OK ②改OK
  run 9 対象 設29% 金47% 討13% 打11% (a)OK ②改OK
  run10 対象 設32% 金43% 討14% 打12% (a)OK ②改OK
  run11 対象 設34% 金41% 討14% 打11% (a)OK ②改OK
  run12 対象 設35% 金37% 討15% 打12% (a)OK ②改OK
  run13 対象 設33% 金33% 討16% 打17% (a)OK ②改OK
  run14 対象 設35% 金27% 討19% 打20% (a)OK ②改OK
  run15 対象 設35% 金23% 討21% 打22% (a)OK ②改OK
  run16 対象 設37% 金22% 討20% 打21% (a)OK ②改OK
  run17 対象 設37% 金23% 討20% 打20% (a)OK ②改OK
  run18 対象 設35% 金28% 討19% 打18% (a)OK ②改OK
  run19 対象 設31% 金33% 討21% 打16% (a)OK ②改OK
  run20 対象 設34% 金30% 討22% 打14% (a)OK ②改OK
  run21 対象 設35% 金25% 討26% 打14% (a)OK ②改OK
  run22 対象 設30% 金25% 討35% 打11% (a)OK ②改OK
  run23 対象 設29% 金23% 討38% 打10% (a)OK ②改OK
  run24 対象 設27% 金28% 討37% 打8% (a)NG ②改OK
  run25 対象 設23% 金24% 討46% 打7% (a)NG ②改OK
  run26 対象 設22% 金23% 討49% 打7% (a)NG ②改OK
  run27 対象 設20% 金28% 討46% 打5% (a)NG ②改OK
  run28 対象 設18% 金36% 討41% 打5% (a)NG ②改OK
  run29 対象 設18% 金29% 討49% 打4% (a)NG ②改OK
  run30 対象 設17% 金31% 討48% 打4% (a)NG ②改OK
  run31 対象 設20% 金26% 討49% 打5% (a)NG ②改OK
  run32 対象 設18% 金28% 討50% 打4% (a)NG ②改OK
  run33 対象 設17% 金27% 討33% 打22% (a)OK ②改OK
  run34 対象 設16% 金26% 討30% 打28% (a)OK ②改OK
  run35 対象 設16% 金28% 討36% 打19% (a)OK ②改OK
  run36 対象 設16% 金25% 討32% 打27% (a)OK ②改OK
  run37 対象 設15% 金25% 討39% 打20% (a)OK ②改OK
  run38 対象 設15% 金21% 討39% 打25% (a)OK ②改OK
  run39 対象 設16% 金26% 討38% 打20% (a)OK ②改OK
  run40 対象 設14% 金22% 討32% 打31% (a)OK ②改OK
  run41 対象 設15% 金20% 討41% 打23% (a)OK ②改OK
  run42 対象 設13% 金20% 討39% 打28% (a)OK ②改OK
  run43 対象 設13% 金21% 討44% 打23% (a)OK ②改OK
  run44 対象 設13% 金17% 討43% 打28% (a)OK ②改OK
  run45 対象 設14% 金20% 討42% 打24% (a)OK ②改OK
  run46 対象 設13% 金18% 討43% 打26% (a)OK ②改OK
  run47 対象 設14% 金17% 討47% 打23% (a)OK ②改OK
click(S2) ㉘(a) 29/48 ②改 32/48 | 前半中央値 設31 金20 討17 打33 | 後半中央値 設8 金14 討19 打62
  run 0 対象 設26% 金8% 討6% 打59% (a)OK ②改NG
  run 1 対象 設31% 金21% 討7% 打41% (a)OK ②改OK
  run 2 対象 設35% 金28% 討7% 打31% (a)OK ②改OK
  run 3 対象 設29% 金39% 討5% 打26% (a)NG ②改OK
  run 4 対象 設22% 金49% 討7% 打22% (a)NG ②改OK
  run 5 対象 設22% 金40% 討17% 打21% (a)NG ②改OK
  run 6 対象 設28% 金40% 討15% 打17% (a)NG ②改OK
  run 7 対象 設27% 金28% 討18% 打26% (a)NG ②改OK
  run 8 対象 設30% 金29% 討17% 打24% (a)NG ②改OK
  run 9 対象 設28% 金32% 討16% 打25% (a)NG ②改OK
  run10 対象 設31% 金24% 討17% 打27% (a)NG ②改OK
  run11 対象 設33% 金22% 討17% 打29% (a)NG ②改OK
  run12 対象 設31% 金25% 討16% 打28% (a)NG ②改OK
  run13 対象 設28% 金19% 討17% 打36% (a)OK ②改OK
  run14 対象 設30% 金16% 討19% 打35% (a)OK ②改OK
  run15 対象 設30% 金15% 討18% 打37% (a)OK ②改OK
  run16 対象 設31% 金12% 討18% 打39% (a)OK ②改OK
  run17 対象 設31% 金13% 討17% 打38% (a)OK ②改OK
  run18 対象 設32% 金13% 討17% 打38% (a)OK ②改OK
  run19 対象 設31% 金15% 討17% 打37% (a)OK ②改OK
  run20 対象 設31% 金15% 討15% 打39% (a)OK ②改OK
  run21 対象 設36% 金14% 討19% 打32% (a)OK ②改OK
  run22 対象 設35% 金12% 討18% 打35% (a)OK ②改OK
  run23 対象 設33% 金13% 討21% 打33% (a)OK ②改OK
  run24 対象 設31% 金22% 討21% 打26% (a)NG ②改OK
  run25 対象 設27% 金15% 討31% 打27% (a)NG ②改OK
  run26 対象 設25% 金22% 討29% 打24% (a)NG ②改OK
  run27 対象 設25% 金14% 討34% 打27% (a)NG ②改OK
  run28 対象 設26% 金20% 討27% 打27% (a)NG ②改OK
  run29 対象 設22% 金19% 討36% 打23% (a)NG ②改OK
  run30 対象 設21% 金18% 討37% 打24% (a)NG ②改OK
  run31 対象 設21% 金18% 討34% 打27% (a)NG ②改OK
  run32 対象 設25% 金16% 討43% 打16% (a)NG ②改OK
  run33 対象 設11% 金16% 討22% 打52% (a)OK ②改NG
  run34 対象 設7% 金7% 討11% 打74% (a)OK ②改NG
  run35 対象 設7% 金10% 討18% 打65% (a)OK ②改NG
  run36 対象 設7% 金9% 討14% 打70% (a)OK ②改NG
  run37 対象 設9% 金14% 討16% 打62% (a)OK ②改NG
  run38 対象 設8% 金14% 討14% 打63% (a)OK ②改NG
  run39 対象 設7% 金8% 討17% 打68% (a)OK ②改NG
  run40 対象 設7% 金9% 討19% 打65% (a)OK ②改NG
  run41 対象 設8% 金13% 討16% 打62% (a)OK ②改NG
  run42 対象 設8% 金8% 討20% 打64% (a)OK ②改NG
  run43 対象 設9% 金14% 討16% 打61% (a)OK ②改NG
  run44 対象 設6% 金8% 討14% 打72% (a)OK ②改NG
  run45 対象 設8% 金12% 討16% 打64% (a)OK ②改NG
  run46 対象 設7% 金7% 討20% 打66% (a)OK ②改NG
  run47 対象 設6% 金7% 討16% 打72% (a)OK ②改NG
合計(㉘(a) balanced+click): 64/96 ②改 32/48
