=== override={"tapDirect":{"anchorGolden":0.5}} (100h) ===
balanced(S6) ㉘(a) 44/48 ②改 0/0 | 前半中央値 設33 金32 討15 打15 | 後半中央値 設18 金27 討31 打25
  run 0 対象 設40% 金13% 討10% 打36% (a)OK ②改OK
  run 1 対象 設46% 金23% 討8% 打22% (a)NG ②改OK
  run 2 対象 設41% 金32% 討10% 打17% (a)OK ②改OK
  run 3 対象 設34% 金46% 討7% 打13% (a)NG ②改OK
  run 4 対象 設21% 金55% 討12% 打11% (a)OK ②改OK
  run 5 対象 設28% 金47% 討15% 打10% (a)NG ②改OK
  run 6 対象 設31% 金47% 討14% 打8% (a)NG ②改OK
  run 7 対象 設30% 金43% 討15% 打12% (a)OK ②改OK
  run 8 対象 設31% 金44% 討14% 打11% (a)OK ②改OK
  run 9 対象 設29% 金47% 討13% 打11% (a)OK ②改OK
  run10 対象 設32% 金43% 討14% 打12% (a)OK ②改OK
  run11 対象 設34% 金41% 討14% 打11% (a)OK ②改OK
  run12 対象 設35% 金37% 討15% 打12% (a)OK ②改OK
  run13 対象 設33% 金33% 討16% 打18% (a)OK ②改OK
  run14 対象 設34% 金27% 討19% 打20% (a)OK ②改OK
  run15 対象 設36% 金22% 討20% 打22% (a)OK ②改OK
  run16 対象 設38% 金21% 討20% 打21% (a)OK ②改OK
  run17 対象 設37% 金24% 討20% 打20% (a)OK ②改OK
  run18 対象 設35% 金27% 討19% 打18% (a)OK ②改OK
  run19 対象 設30% 金34% 討20% 打16% (a)OK ②改OK
  run20 対象 設33% 金31% 討21% 打15% (a)OK ②改OK
  run21 対象 設32% 金32% 討19% 打16% (a)OK ②改OK
  run22 対象 設32% 金23% 討31% 打15% (a)OK ②改OK
  run23 対象 設30% 金23% 討33% 打14% (a)OK ②改OK
  run24 対象 設27% 金28% 討31% 打14% (a)OK ②改OK
  run25 対象 設25% 金24% 討36% 打14% (a)OK ②改OK
  run26 対象 設23% 金28% 討35% 打15% (a)OK ②改OK
  run27 対象 設22% 金28% 討35% 打15% (a)OK ②改OK
  run28 対象 設20% 金33% 討32% 打16% (a)OK ②改OK
  run29 対象 設19% 金29% 討35% 打16% (a)OK ②改OK
  run30 対象 設19% 金30% 討33% 打17% (a)OK ②改OK
  run31 対象 設24% 金34% 討25% 打17% (a)OK ②改OK
  run32 対象 設20% 金31% 討31% 打18% (a)OK ②改OK
  run33 対象 設19% 金31% 討27% 打23% (a)OK ②改OK
  run34 対象 設18% 金29% 討22% 打31% (a)OK ②改OK
  run35 対象 設20% 金29% 討28% 打24% (a)OK ②改OK
  run36 対象 設18% 金24% 討22% 打36% (a)OK ②改OK
  run37 対象 設18% 金26% 討31% 打25% (a)OK ②改OK
  run38 対象 設18% 金26% 討29% 打27% (a)OK ②改OK
  run39 対象 設18% 金27% 討31% 打24% (a)OK ②改OK
  run40 対象 設18% 金27% 討28% 打28% (a)OK ②改OK
  run41 対象 設18% 金24% 討31% 打27% (a)OK ②改OK
  run42 対象 設16% 金22% 討31% 打31% (a)OK ②改OK
  run43 対象 設16% 金21% 討33% 打30% (a)OK ②改OK
  run44 対象 設16% 金20% 討31% 打33% (a)OK ②改OK
  run45 対象 設17% 金24% 討31% 打28% (a)OK ②改OK
  run46 対象 設16% 金22% 討31% 打31% (a)OK ②改OK
  run47 対象 設16% 金22% 討29% 打33% (a)OK ②改OK
click(S2) ㉘(a) 38/48 ②改 26/48 | 前半中央値 設30 金20 討17 打37 | 後半中央値 設10 金11 討14 打63
  run 0 対象 設26% 金8% 討6% 打59% (a)OK ②改NG
  run 1 対象 設31% 金21% 討7% 打41% (a)OK ②改OK
  run 2 対象 設35% 金28% 討7% 打31% (a)OK ②改OK
  run 3 対象 設29% 金39% 討5% 打26% (a)NG ②改OK
  run 4 対象 設22% 金49% 討7% 打22% (a)NG ②改OK
  run 5 対象 設22% 金40% 討17% 打21% (a)NG ②改OK
  run 6 対象 設28% 金40% 討15% 打17% (a)NG ②改OK
  run 7 対象 設27% 金28% 討18% 打26% (a)NG ②改OK
  run 8 対象 設30% 金29% 討17% 打24% (a)NG ②改OK
  run 9 対象 設28% 金32% 討16% 打25% (a)NG ②改OK
  run10 対象 設31% 金24% 討17% 打28% (a)NG ②改OK
  run11 対象 設33% 金22% 討17% 打29% (a)NG ②改OK
  run12 対象 設30% 金25% 討16% 打28% (a)NG ②改OK
  run13 対象 設28% 金18% 討17% 打37% (a)OK ②改OK
  run14 対象 設29% 金15% 討19% 打37% (a)OK ②改OK
  run15 対象 設29% 金14% 討18% 打39% (a)OK ②改OK
  run16 対象 設31% 金11% 討18% 打40% (a)OK ②改OK
  run17 対象 設31% 金12% 討17% 打40% (a)OK ②改OK
  run18 対象 設31% 金12% 討17% 打40% (a)OK ②改OK
  run19 対象 設30% 金14% 討17% 打39% (a)OK ②改OK
  run20 対象 設30% 金12% 討15% 打43% (a)OK ②改OK
  run21 対象 設35% 金11% 討17% 打38% (a)OK ②改OK
  run22 対象 設28% 金13% 討14% 打45% (a)OK ②改OK
  run23 対象 設32% 金11% 討17% 打39% (a)OK ②改OK
  run24 対象 設30% 金12% 討18% 打41% (a)OK ②改OK
  run25 対象 設22% 金11% 討14% 打53% (a)OK ②改NG
  run26 対象 設23% 金10% 討17% 打50% (a)OK ②改OK
  run27 対象 設19% 金11% 討14% 打57% (a)OK ②改NG
  run28 対象 設22% 金9% 討15% 打54% (a)OK ②改NG
  run29 対象 設19% 金9% 討19% 打52% (a)OK ②改NG
  run30 対象 設18% 金10% 討19% 打53% (a)OK ②改NG
  run31 対象 設17% 金9% 討17% 打58% (a)OK ②改NG
  run32 対象 設22% 金7% 討17% 打54% (a)OK ②改NG
  run33 対象 設12% 金18% 討19% 打51% (a)OK ②改OK
  run34 対象 設8% 金9% 討9% 打74% (a)OK ②改NG
  run35 対象 設9% 金12% 討14% 打65% (a)OK ②改NG
  run36 対象 設9% 金15% 討11% 打65% (a)OK ②改NG
  run37 対象 設8% 金11% 討12% 打69% (a)OK ②改NG
  run38 対象 設9% 金16% 討11% 打64% (a)OK ②改NG
  run39 対象 設9% 金15% 討12% 打64% (a)OK ②改NG
  run40 対象 設9% 金12% 討14% 打65% (a)OK ②改NG
  run41 対象 設10% 金16% 討12% 打63% (a)OK ②改NG
  run42 対象 設11% 金17% 討15% 打58% (a)OK ②改NG
  run43 対象 設8% 金9% 討12% 打71% (a)OK ②改NG
  run44 対象 設8% 金12% 討11% 打68% (a)OK ②改NG
  run45 対象 設8% 金8% 討14% 打70% (a)OK ②改NG
  run46 対象 設8% 金9% 討13% 打70% (a)OK ②改NG
  run47 対象 設8% 金9% 討13% 打71% (a)OK ②改NG
合計(㉘(a) balanced+click): 82/96 ②改 26/48
