=== override={"huntDirect":{"otherMul":0.15}} (100h) ===
balanced(S6) ㉘(a) 10/48 ②改 0/0 | 前半中央値 設31 金42 討10 打14 | 後半中央値 設6 金35 討34 打26
  run 0 対象 設41% 金13% 討6% 打40% (a)NG ②改OK
  run 1 対象 設47% 金24% 討5% 打25% (a)NG ②改OK
  run 2 対象 設43% 金34% 討6% 打18% (a)NG ②改OK
  run 3 対象 設36% 金47% 討4% 打14% (a)NG ②改OK
  run 4 対象 設23% 金58% 討8% 打12% (a)NG ②改OK
  run 5 対象 設30% 金50% 討9% 打11% (a)NG ②改OK
  run 6 対象 設33% 金49% 討9% 打9% (a)NG ②改OK
  run 7 対象 設32% 金45% 討10% 打13% (a)NG ②改OK
  run 8 対象 設31% 金49% 討9% 打11% (a)NG ②改OK
  run 9 対象 設29% 金51% 討9% 打11% (a)NG ②改OK
  run10 対象 設30% 金50% 討9% 打12% (a)NG ②改OK
  run11 対象 設30% 金50% 討9% 打11% (a)NG ②改OK
  run12 対象 設32% 金46% 討10% 打12% (a)NG ②改OK
  run13 対象 設29% 金43% 討10% 打18% (a)OK ②改OK
  run14 対象 設31% 金37% 討12% 打20% (a)OK ②改OK
  run15 対象 設31% 金38% 討12% 打19% (a)OK ②改OK
  run16 対象 設32% 金33% 討13% 打21% (a)OK ②改OK
  run17 対象 設31% 金36% 討13% 打21% (a)OK ②改OK
  run18 対象 設29% 金41% 討12% 打18% (a)OK ②改OK
  run19 対象 設30% 金39% 討13% 打18% (a)OK ②改OK
  run20 対象 設29% 金43% 討13% 打15% (a)OK ②改OK
  run21 対象 設31% 金36% 討19% 打14% (a)OK ②改OK
  run22 対象 設28% 金37% 討24% 打12% (a)OK ②改OK
  run23 対象 設24% 金38% 討28% 打10% (a)NG ②改OK
  run24 対象 設24% 金37% 討29% 打10% (a)NG ②改OK
  run25 対象 設14% 金44% 討36% 打6% (a)NG ②改OK
  run26 対象 設17% 金36% 討40% 打7% (a)NG ②改OK
  run27 対象 設14% 金36% 討44% 打6% (a)NG ②改OK
  run28 対象 設7% 金48% 討40% 打5% (a)NG ②改OK
  run29 対象 設12% 金51% 討31% 打6% (a)NG ②改OK
  run30 対象 設12% 金56% 討25% 打7% (a)NG ②改OK
  run31 対象 設5% 金49% 討43% 打3% (a)NG ②改OK
  run32 対象 設9% 金52% 討33% 打6% (a)NG ②改OK
  run33 対象 設7% 金36% 討31% 打26% (a)NG ②改OK
  run34 対象 設6% 金35% 討30% 打28% (a)NG ②改OK
  run35 対象 設6% 金34% 討33% 打27% (a)NG ②改OK
  run36 対象 設5% 金33% 討37% 打25% (a)NG ②改OK
  run37 対象 設5% 金35% 討34% 打26% (a)NG ②改OK
  run38 対象 設6% 金33% 討32% 打30% (a)NG ②改OK
  run39 対象 設6% 金32% 討35% 打27% (a)NG ②改OK
  run40 対象 設6% 金31% 討32% 打31% (a)NG ②改OK
  run41 対象 設5% 金31% 討40% 打25% (a)NG ②改OK
  run42 対象 設5% 金28% 討34% 打32% (a)NG ②改OK
  run43 対象 設6% 金25% 討36% 打33% (a)NG ②改OK
  run44 対象 設6% 金25% 討35% 打34% (a)NG ②改OK
  run45 対象 設6% 金34% 討34% 打25% (a)NG ②改OK
  run46 対象 設6% 金22% 討29% 打42% (a)NG ②改OK
  run47 対象 設6% 金24% 討36% 打34% (a)NG ②改OK
hunt(S4) ㉘(a) 28/43 ②改 33/43 | 前半中央値 設10 金54 討28 打6 | 後半中央値 設5 金23 討50 打13
  run 0   外 設44% 金17% 討3% 打36%
  run 1   外 設43% 金35% 討2% 打19%
  run 2   外 設5% 金39% 討35% 打20%
  run 3   外 設5% 金50% 討34% 打11%
  run 4 対象 設5% 金54% 討31% 打9% (a)OK ②改OK
  run 5 対象 設40% 金43% 討3% 打14% (a)NG ②改OK
  run 6 対象 設47% 金41% 討7% 打6% (a)NG ②改OK
  run 7 対象 設9% 金49% 討35% 打7% (a)OK ②改OK
  run 8 対象 設11% 金44% 討39% 打6% (a)OK ②改OK
  run 9 対象 設8% 金59% 討27% 打6% (a)NG ②改OK
  run10 対象 設10% 金54% 討30% 打6% (a)OK ②改OK
  run11 対象 設10% 金57% 討28% 打5% (a)NG ②改OK
  run12 対象 設11% 金55% 討28% 打6% (a)NG ②改OK
  run13 対象 設9% 金59% 討27% 打5% (a)NG ②改OK
  run14 対象 設7% 金61% 討26% 打5% (a)NG ②改OK
  run15 対象 設10% 金53% 討30% 打7% (a)OK ②改OK
  run16 対象 設36% 金9% 討39% 打16% (a)OK ②改OK
  run17 対象 設8% 金63% 討24% 打5% (a)NG ②改OK
  run18 対象 設11% 金59% 討25% 打6% (a)NG ②改OK
  run19 対象 設10% 金62% 討23% 打5% (a)NG ②改OK
  run20 対象 設26% 金35% 討27% 打12% (a)NG ②改OK
  run21 対象 設7% 金60% 討26% 打7% (a)NG ②改OK
  run22 対象 設14% 金51% 討29% 打6% (a)NG ②改OK
  run23 対象 設10% 金50% 討34% 打5% (a)OK ②改OK
  run24 対象 設12% 金48% 討35% 打6% (a)OK ②改OK
  run25 対象 設10% 金44% 討41% 打5% (a)OK ②改OK
  run26 対象 設10% 金42% 討44% 打4% (a)OK ②改OK
  run27 対象 設29% 金27% 討36% 打8% (a)OK ②改OK
  run28 対象 設12% 金30% 討54% 打4% (a)OK ②改NG
  run29 対象 設19% 金26% 討48% 打6% (a)OK ②改OK
  run30 対象 設18% 金26% 討50% 打6% (a)OK ②改OK
  run31 対象 設17% 金24% 討53% 打6% (a)OK ②改NG
  run32 対象 設19% 金26% 討49% 打6% (a)OK ②改OK
  run33 対象 設3% 金26% 討64% 打8% (a)OK ②改NG
  run34 対象 設5% 金23% 討36% 打36% (a)OK ②改OK
  run35 対象 設3% 金21% 討58% 打18% (a)OK ②改NG
  run36 対象 設6% 金22% 討30% 打43% (a)NG ②改OK
  run37 対象 設4% 金20% 討63% 打13% (a)OK ②改NG
  run38 対象 設3% 金19% 討64% 打13% (a)OK ②改NG
  run39 対象 設6% 金13% 討33% 打47% (a)OK ②改OK
  run40 対象 設5% 金21% 討35% 打39% (a)OK ②改OK
  run41 対象 設4% 金15% 討65% 打16% (a)OK ②改NG
  run42 対象 設4% 金14% 討54% 打28% (a)OK ②改NG
  run43 対象 設5% 金13% 討40% 打41% (a)OK ②改OK
  run44 対象 設6% 金24% 討19% 打52% (a)NG ②改OK
  run45 対象 設5% 金13% 討57% 打25% (a)OK ②改NG
  run46 対象 設5% 金18% 討64% 打13% (a)OK ②改NG
合計(㉘(a) balanced+hunt): 38/91 ②改 33/43
