=== override={"equipDirect":{"anchorGolden":0.35}} (100h) ===
balanced(S6) ㉘(a) 25/48 ②改 0/0 | 前半中央値 設32 金39 討10 打14 | 後半中央値 設26 金22 討37 打20
  run 0 対象 設41% 金13% 討6% 打40% (a)NG ②改OK
  run 1 対象 設47% 金24% 討5% 打25% (a)NG ②改OK
  run 2 対象 設43% 金34% 討6% 打18% (a)NG ②改OK
  run 3 対象 設36% 金47% 討4% 打14% (a)NG ②改OK
  run 4 対象 設23% 金58% 討8% 打12% (a)NG ②改OK
  run 5 対象 設30% 金49% 討9% 打11% (a)NG ②改OK
  run 6 対象 設34% 金49% 討9% 打9% (a)NG ②改OK
  run 7 対象 設33% 金44% 討10% 打13% (a)NG ②改OK
  run 8 対象 設32% 金48% 討9% 打11% (a)NG ②改OK
  run 9 対象 設30% 金50% 討8% 打11% (a)NG ②改OK
  run10 対象 設30% 金49% 討9% 打12% (a)NG ②改OK
  run11 対象 設30% 金50% 討9% 打11% (a)NG ②改OK
  run12 対象 設32% 金45% 討10% 打12% (a)NG ②改OK
  run13 対象 設29% 金43% 討10% 打18% (a)OK ②改OK
  run14 対象 設32% 金36% 討12% 打20% (a)OK ②改OK
  run15 対象 設33% 金36% 討12% 打19% (a)OK ②改OK
  run16 対象 設32% 金35% 討13% 打20% (a)OK ②改OK
  run17 対象 設32% 金36% 討13% 打19% (a)OK ②改OK
  run18 対象 設31% 金37% 討13% 打19% (a)OK ②改OK
  run19 対象 設32% 金37% 討14% 打18% (a)OK ②改OK
  run20 対象 設31% 金41% 討13% 打16% (a)OK ②改OK
  run21 対象 設34% 金32% 討18% 打15% (a)OK ②改OK
  run22 対象 設37% 金31% 討22% 打11% (a)OK ②改OK
  run23 対象 設30% 金31% 討30% 打9% (a)NG ②改OK
  run24 対象 設29% 金28% 討34% 打9% (a)NG ②改OK
  run25 対象 設28% 金28% 討38% 打7% (a)NG ②改OK
  run26 対象 設27% 金26% 討40% 打6% (a)NG ②改OK
  run27 対象 設29% 金25% 討40% 打5% (a)NG ②改OK
  run28 対象 設29% 金29% 討36% 打5% (a)NG ②改OK
  run29 対象 設27% 金28% 討41% 打4% (a)NG ②改OK
  run30 対象 設28% 金27% 討41% 打4% (a)NG ②改OK
  run31 対象 設27% 金30% 討39% 打4% (a)NG ②改OK
  run32 対象 設28% 金25% 討43% 打4% (a)NG ②改OK
  run33 対象 設26% 金27% 討29% 打18% (a)OK ②改OK
  run34 対象 設26% 金24% 討26% 打25% (a)OK ②改OK
  run35 対象 設26% 金23% 討32% 打19% (a)OK ②改OK
  run36 対象 設22% 金21% 討37% 打20% (a)OK ②改OK
  run37 対象 設26% 金22% 討33% 打20% (a)OK ②改OK
  run38 対象 設24% 金20% 討34% 打22% (a)OK ②改OK
  run39 対象 設26% 金22% 討32% 打20% (a)OK ②改OK
  run40 対象 設24% 金20% 討29% 打27% (a)OK ②改OK
  run41 対象 設21% 金16% 討39% 打24% (a)OK ②改OK
  run42 対象 設21% 金15% 討36% 打28% (a)OK ②改OK
  run43 対象 設21% 金16% 討39% 打24% (a)OK ②改OK
  run44 対象 設21% 金15% 討37% 打28% (a)OK ②改OK
  run45 対象 設22% 金14% 討37% 打27% (a)OK ②改OK
  run46 対象 設21% 金16% 討38% 打24% (a)OK ②改OK
  run47 対象 設19% 金14% 討27% 打40% (a)OK ②改OK
bake(S1) ㉘(a) 46/47 ②改 20/47 | 前半中央値 設50 金27 討8 打13 | 後半中央値 設55 金10 討20 打16
  run 0 対象 設39% 金13% 討5% 打43% (a)OK ②改OK
  run 1 対象 設50% 金23% 討3% 打23% (a)OK ②改OK
  run 2 対象 設49% 金31% 討4% 打16% (a)OK ②改OK
  run 3 対象 設42% 金42% 討3% 打12% (a)OK ②改OK
  run 4 対象 設23% 金55% 討8% 打13% (a)NG ②改OK
  run 5 対象 設38% 金41% 討9% 打12% (a)OK ②改OK
  run 6 対象 設77% 金12% 討0% 打12% (a)OK ②改NG
  run 7 対象 設44% 金33% 討9% 打14% (a)OK ②改OK
  run 8 対象 設44% 金37% 討7% 打11% (a)OK ②改OK
  run 9 対象 設44% 金37% 討7% 打12% (a)OK ②改OK
  run10 対象 設45% 金35% 討8% 打12% (a)OK ②改OK
  run11 対象 設51% 金32% 討7% 打10% (a)OK ②改OK
  run12 対象 設50% 金31% 討8% 打11% (a)OK ②改OK
  run13 対象 設49% 金28% 討8% 打15% (a)OK ②改OK
  run14 対象 設50% 金23% 討9% 打17% (a)OK ②改OK
  run15 対象 設52% 金22% 討10% 打16% (a)OK ②改NG
  run16 対象 設54% 金22% 討9% 打15% (a)OK ②改NG
  run17 対象 設53% 金24% 討9% 打14% (a)OK ②改NG
  run18 対象 設52% 金27% 討9% 打13% (a)OK ②改NG
  run19 対象 設53% 金25% 討10% 打13% (a)OK ②改NG
  run20 対象 設53% 金26% 討9% 打11% (a)OK ②改NG
  run21 対象 設64% 金16% 討10% 打10% (a)OK ②改NG
  run22 対象 設60% 金17% 討15% 打8% (a)OK ②改NG
  run23 対象 設59% 金17% 討17% 打7% (a)OK ②改NG
  run24 対象 設58% 金16% 討19% 打7% (a)OK ②改NG
  run25 対象 設57% 金15% 討22% 打6% (a)OK ②改NG
  run26 対象 設60% 金13% 討22% 打5% (a)OK ②改NG
  run27 対象 設62% 金16% 討14% 打8% (a)OK ②改NG
  run28 対象 設67% 金15% 討13% 打5% (a)OK ②改NG
  run29 対象 設63% 金17% 討13% 打7% (a)OK ②改NG
  run30 対象 設67% 金15% 討14% 打4% (a)OK ②改NG
  run31 対象 設57% 金18% 討19% 打6% (a)OK ②改NG
  run32 対象 設64% 金13% 討19% 打4% (a)OK ②改NG
  run33 対象 設55% 金11% 討18% 打16% (a)OK ②改NG
  run34 対象 設57% 金11% 討19% 打13% (a)OK ②改NG
  run35 対象 設55% 金9% 討19% 打17% (a)OK ②改NG
  run36 対象 設52% 金10% 討22% 打15% (a)OK ②改NG
  run37 対象 設54% 金10% 討20% 打16% (a)OK ②改NG
  run38 対象 設54% 金9% 討21% 打17% (a)OK ②改NG
  run39 対象 設54% 金10% 討21% 打16% (a)OK ②改NG
  run40 対象 設55% 金10% 討20% 打16% (a)OK ②改NG
  run41 対象 設47% 金8% 討24% 打20% (a)OK ②改OK
  run42 対象 設50% 金8% 討22% 打20% (a)OK ②改OK
  run43 対象 設49% 金8% 討20% 打22% (a)OK ②改OK
  run44 対象 設48% 金8% 討22% 打23% (a)OK ②改OK
  run45 対象 設48% 金8% 討21% 打23% (a)OK ②改OK
  run46 対象 設49% 金8% 討20% 打23% (a)OK ②改OK
合計(㉘(a) balanced+bake): 71/95 ②改 20/47
