=== override={"equipDirect":{"anchorGolden":1}} (100h) ===
balanced(S6) ㉘(a) 24/48 ②改 0/0 | 前半中央値 設36 金37 討9 打13 | 後半中央値 設44 金15 討27 打18
  run 0 対象 設41% 金13% 討6% 打40% (a)NG ②改OK
  run 1 対象 設47% 金24% 討5% 打25% (a)NG ②改OK
  run 2 対象 設43% 金34% 討6% 打18% (a)NG ②改OK
  run 3 対象 設36% 金47% 討4% 打14% (a)NG ②改OK
  run 4 対象 設23% 金58% 討8% 打12% (a)NG ②改OK
  run 5 対象 設34% 金46% 討9% 打11% (a)NG ②改OK
  run 6 対象 設39% 金44% 討9% 打9% (a)NG ②改OK
  run 7 対象 設38% 金40% 討9% 打13% (a)NG ②改OK
  run 8 対象 設37% 金43% 討8% 打11% (a)NG ②改OK
  run 9 対象 設35% 金46% 討8% 打11% (a)NG ②改OK
  run10 対象 設37% 金43% 討9% 打12% (a)NG ②改OK
  run11 対象 設36% 金44% 討8% 打11% (a)NG ②改OK
  run12 対象 設37% 金41% 討9% 打12% (a)NG ②改OK
  run13 対象 設33% 金39% 討10% 打18% (a)OK ②改OK
  run14 対象 設34% 金34% 討12% 打20% (a)OK ②改OK
  run15 対象 設33% 金31% 討13% 打23% (a)OK ②改OK
  run16 対象 設33% 金33% 討13% 打21% (a)OK ②改OK
  run17 対象 設34% 金35% 討12% 打19% (a)OK ②改OK
  run18 対象 設36% 金36% 討11% 打17% (a)OK ②改OK
  run19 対象 設36% 金36% 討13% 打15% (a)OK ②改OK
  run20 対象 設35% 金38% 討14% 打13% (a)OK ②改OK
  run21 対象 設41% 金29% 討17% 打12% (a)OK ②改OK
  run22 対象 設44% 金26% 討21% 打9% (a)NG ②改OK
  run23 対象 設40% 金25% 討27% 打9% (a)NG ②改OK
  run24 対象 設39% 金25% 討27% 打8% (a)NG ②改OK
  run25 対象 設47% 金20% 討28% 打6% (a)NG ②改OK
  run26 対象 設46% 金19% 討30% 打5% (a)NG ②改OK
  run27 対象 設46% 金18% 討31% 打5% (a)NG ②改OK
  run28 対象 設48% 金20% 討28% 打5% (a)NG ②改OK
  run29 対象 設47% 金19% 討30% 打4% (a)NG ②改OK
  run30 対象 設47% 金19% 討30% 打4% (a)NG ②改OK
  run31 対象 設56% 金26% 討12% 打7% (a)NG ②改OK
  run32 対象 設51% 金19% 討26% 打4% (a)NG ②改OK
  run33 対象 設44% 金18% 討20% 打18% (a)OK ②改OK
  run34 対象 設44% 金16% 討20% 打20% (a)OK ②改OK
  run35 対象 設44% 金15% 討24% 打18% (a)OK ②改OK
  run36 対象 設47% 金15% 討19% 打20% (a)OK ②改OK
  run37 対象 設44% 金15% 討24% 打16% (a)OK ②改OK
  run38 対象 設42% 金13% 討25% 打20% (a)OK ②改OK
  run39 対象 設43% 金15% 討24% 打17% (a)OK ②改OK
  run40 対象 設43% 金14% 討21% 打22% (a)OK ②改OK
  run41 対象 設42% 金13% 討25% 打20% (a)OK ②改OK
  run42 対象 設39% 金13% 討27% 打21% (a)OK ②改OK
  run43 対象 設40% 金13% 討28% 打19% (a)OK ②改OK
  run44 対象 設39% 金12% 討29% 打21% (a)OK ②改OK
  run45 対象 設38% 金10% 討27% 打24% (a)OK ②改OK
  run46 対象 設38% 金11% 討28% 打23% (a)OK ②改OK
  run47 対象 設38% 金14% 討30% 打18% (a)OK ②改OK
bake(S1) ㉘(a) 46/47 ②改 7/47 | 前半中央値 設54 金23 討8 打12 | 後半中央値 設71 金6 討11 打12
  run 0 対象 設39% 金13% 討5% 打43% (a)OK ②改OK
  run 1 対象 設50% 金23% 討3% 打23% (a)OK ②改OK
  run 2 対象 設49% 金31% 討4% 打16% (a)OK ②改OK
  run 3 対象 設42% 金42% 討3% 打12% (a)OK ②改OK
  run 4 対象 設23% 金55% 討8% 打13% (a)NG ②改OK
  run 5 対象 設43% 金35% 討8% 打13% (a)OK ②改OK
  run 6 対象 設77% 金12% 討0% 打12% (a)OK ②改NG
  run 7 対象 設50% 金27% 討9% 打15% (a)OK ②改OK
  run 8 対象 設53% 金30% 討7% 打11% (a)OK ②改NG
  run 9 対象 設52% 金30% 討7% 打11% (a)OK ②改NG
  run10 対象 設53% 金28% 討7% 打11% (a)OK ②改NG
  run11 対象 設54% 金28% 討7% 打10% (a)OK ②改NG
  run12 対象 設55% 金27% 討7% 打11% (a)OK ②改NG
  run13 対象 設55% 金23% 討8% 打14% (a)OK ②改NG
  run14 対象 設52% 金21% 討9% 打18% (a)OK ②改NG
  run15 対象 設54% 金19% 討10% 打16% (a)OK ②改NG
  run16 対象 設56% 金20% 討9% 打14% (a)OK ②改NG
  run17 対象 設57% 金20% 討9% 打14% (a)OK ②改NG
  run18 対象 設57% 金22% 討8% 打12% (a)OK ②改NG
  run19 対象 設59% 金21% 討8% 打12% (a)OK ②改NG
  run20 対象 設62% 金20% 討8% 打11% (a)OK ②改NG
  run21 対象 設70% 金12% 討9% 打10% (a)OK ②改NG
  run22 対象 設70% 金11% 討11% 打8% (a)OK ②改NG
  run23 対象 設65% 金14% 討14% 打7% (a)OK ②改NG
  run24 対象 設71% 金10% 討12% 打6% (a)OK ②改NG
  run25 対象 設74% 金8% 討12% 打5% (a)OK ②改NG
  run26 対象 設75% 金8% 討13% 打5% (a)OK ②改NG
  run27 対象 設75% 金10% 討9% 打7% (a)OK ②改NG
  run28 対象 設80% 金8% 討7% 打5% (a)OK ②改NG
  run29 対象 設75% 金10% 討9% 打6% (a)OK ②改NG
  run30 対象 設80% 金8% 討8% 打4% (a)OK ②改NG
  run31 対象 設77% 金10% 討6% 打7% (a)OK ②改NG
  run32 対象 設78% 金7% 討12% 打4% (a)OK ②改NG
  run33 対象 設72% 金6% 討10% 打12% (a)OK ②改NG
  run34 対象 設72% 金6% 討10% 打12% (a)OK ②改NG
  run35 対象 設72% 金5% 討10% 打12% (a)OK ②改NG
  run36 対象 設72% 金6% 討7% 打16% (a)OK ②改NG
  run37 対象 設71% 金6% 討11% 打12% (a)OK ②改NG
  run38 対象 設71% 金5% 討11% 打14% (a)OK ②改NG
  run39 対象 設71% 金5% 討11% 打13% (a)OK ②改NG
  run40 対象 設71% 金5% 討11% 打13% (a)OK ②改NG
  run41 対象 設62% 金4% 討12% 打22% (a)OK ②改NG
  run42 対象 設66% 金5% 討12% 打18% (a)OK ②改NG
  run43 対象 設65% 金4% 討12% 打19% (a)OK ②改NG
  run44 対象 設66% 金5% 討12% 打18% (a)OK ②改NG
  run45 対象 設66% 金5% 討12% 打18% (a)OK ②改NG
  run46 対象 設67% 金5% 討11% 打17% (a)OK ②改NG
合計(㉘(a) balanced+bake): 70/95 ②改 7/47
