=== override={"equipDirect":{"anchorGolden":0.18}} (100h) ===
balanced(S6) ㉘(a) 25/48 ②改 0/0 | 前半中央値 設31 金41 討10 打14 | 後半中央値 設17 金25 討39 打21
  run 0 対象 設41% 金13% 討6% 打40% (a)NG ②改OK
  run 1 対象 設47% 金24% 討5% 打25% (a)NG ②改OK
  run 2 対象 設43% 金34% 討6% 打18% (a)NG ②改OK
  run 3 対象 設36% 金47% 討4% 打14% (a)NG ②改OK
  run 4 対象 設23% 金58% 討8% 打12% (a)NG ②改OK
  run 5 対象 設30% 金50% 討9% 打11% (a)NG ②改OK
  run 6 対象 設33% 金49% 討9% 打9% (a)NG ②改OK
  run 7 対象 設32% 金45% 討10% 打13% (a)NG ②改OK
  run 8 対象 設31% 金49% 討9% 打11% (a)NG ②改OK
  run 9 対象 設29% 金51% 討9% 打11% (a)NG ②改OK
  run10 対象 設30% 金50% 討9% 打12% (a)NG ②改OK
  run11 対象 設30% 金50% 討9% 打11% (a)NG ②改OK
  run12 対象 設32% 金46% 討10% 打12% (a)NG ②改OK
  run13 対象 設29% 金43% 討10% 打18% (a)OK ②改OK
  run14 対象 設31% 金37% 討12% 打20% (a)OK ②改OK
  run15 対象 設32% 金37% 討12% 打19% (a)OK ②改OK
  run16 対象 設33% 金33% 討13% 打21% (a)OK ②改OK
  run17 対象 設31% 金35% 討13% 打21% (a)OK ②改OK
  run18 対象 設30% 金40% 討12% 打18% (a)OK ②改OK
  run19 対象 設31% 金38% 討13% 打18% (a)OK ②改OK
  run20 対象 設30% 金42% 討13% 打15% (a)OK ②改OK
  run21 対象 設33% 金34% 討19% 打14% (a)OK ②改OK
  run22 対象 設30% 金36% 討23% 打10% (a)OK ②改OK
  run23 対象 設26% 金31% 討33% 打10% (a)NG ②改OK
  run24 対象 設25% 金32% 討34% 打9% (a)NG ②改OK
  run25 対象 設23% 金32% 討39% 打6% (a)NG ②改OK
  run26 対象 設22% 金27% 討45% 打7% (a)NG ②改OK
  run27 対象 設21% 金29% 討44% 打5% (a)NG ②改OK
  run28 対象 設21% 金33% 討41% 打5% (a)NG ②改OK
  run29 対象 設24% 金38% 討32% 打6% (a)NG ②改OK
  run30 対象 設26% 金39% 討27% 打8% (a)NG ②改OK
  run31 対象 設18% 金34% 討44% 打3% (a)NG ②改OK
  run32 対象 設22% 金37% 討35% 打6% (a)NG ②改OK
  run33 対象 設17% 金26% 討35% 打21% (a)OK ②改OK
  run34 対象 設17% 金25% 討35% 打23% (a)OK ②改OK
  run35 対象 設18% 金27% 討35% 打20% (a)OK ②改OK
  run36 対象 設15% 金24% 討42% 打19% (a)OK ②改OK
  run37 対象 設16% 金25% 討38% 打21% (a)OK ②改OK
  run38 対象 設16% 金23% 討38% 打23% (a)OK ②改OK
  run39 対象 設17% 金22% 討39% 打23% (a)OK ②改OK
  run40 対象 設16% 金22% 討39% 打24% (a)OK ②改OK
  run41 対象 設16% 金20% 討39% 打25% (a)OK ②改OK
  run42 対象 設14% 金18% 討41% 打27% (a)OK ②改OK
  run43 対象 設15% 金17% 討42% 打26% (a)OK ②改OK
  run44 対象 設15% 金18% 討41% 打26% (a)OK ②改OK
  run45 対象 設15% 金17% 討41% 打28% (a)OK ②改OK
  run46 対象 設15% 金17% 討41% 打27% (a)OK ②改OK
  run47 対象 設14% 金18% 討38% 打30% (a)OK ②改OK
bake(S1) ㉘(a) 46/47 ②改 33/47 | 前半中央値 設49 金27 討8 打12 | 後半中央値 設43 金14 討27 打17
  run 0 対象 設39% 金13% 討5% 打43% (a)OK ②改OK
  run 1 対象 設50% 金23% 討3% 打23% (a)OK ②改OK
  run 2 対象 設49% 金31% 討4% 打16% (a)OK ②改OK
  run 3 対象 設42% 金42% 討3% 打12% (a)OK ②改OK
  run 4 対象 設23% 金55% 討8% 打13% (a)NG ②改OK
  run 5 対象 設38% 金41% 討9% 打12% (a)OK ②改OK
  run 6 対象 設77% 金12% 討0% 打11% (a)OK ②改NG
  run 7 対象 設44% 金32% 討9% 打15% (a)OK ②改OK
  run 8 対象 設44% 金37% 討7% 打11% (a)OK ②改OK
  run 9 対象 設43% 金38% 討7% 打11% (a)OK ②改OK
  run10 対象 設45% 金36% 討8% 打11% (a)OK ②改OK
  run11 対象 設50% 金32% 討7% 打11% (a)OK ②改OK
  run12 対象 設49% 金33% 討8% 打11% (a)OK ②改OK
  run13 対象 設49% 金28% 討8% 打15% (a)OK ②改OK
  run14 対象 設48% 金25% 討10% 打17% (a)OK ②改OK
  run15 対象 設51% 金23% 討10% 打16% (a)OK ②改NG
  run16 対象 設54% 金22% 討9% 打15% (a)OK ②改NG
  run17 対象 設52% 金24% 討10% 打14% (a)OK ②改NG
  run18 対象 設51% 金27% 討9% 打13% (a)OK ②改OK
  run19 対象 設52% 金27% 討9% 打12% (a)OK ②改NG
  run20 対象 設53% 金27% 討9% 打11% (a)OK ②改NG
  run21 対象 設55% 金21% 討14% 打11% (a)OK ②改NG
  run22 対象 設56% 金20% 討15% 打8% (a)OK ②改NG
  run23 対象 設52% 金20% 討20% 打8% (a)OK ②改NG
  run24 対象 設49% 金19% 討24% 打7% (a)OK ②改OK
  run25 対象 設50% 金18% 討27% 打5% (a)OK ②改OK
  run26 対象 設47% 金17% 討31% 打5% (a)OK ②改OK
  run27 対象 設53% 金22% 討18% 打7% (a)OK ②改NG
  run28 対象 設55% 金20% 討20% 打5% (a)OK ②改NG
  run29 対象 設54% 金22% 討17% 打7% (a)OK ②改NG
  run30 対象 設56% 金20% 討20% 打4% (a)OK ②改NG
  run31 対象 設51% 金20% 討22% 打7% (a)OK ②改NG
  run32 対象 設49% 金18% 討29% 打4% (a)OK ②改OK
  run33 対象 設44% 金16% 討24% 打17% (a)OK ②改OK
  run34 対象 設42% 金14% 討26% 打18% (a)OK ②改OK
  run35 対象 設43% 金14% 討26% 打17% (a)OK ②改OK
  run36 対象 設40% 金15% 討28% 打17% (a)OK ②改OK
  run37 対象 設42% 金13% 討28% 打17% (a)OK ②改OK
  run38 対象 設41% 金13% 討27% 打18% (a)OK ②改OK
  run39 対象 設43% 金13% 討27% 打17% (a)OK ②改OK
  run40 対象 設43% 金14% 討27% 打16% (a)OK ②改OK
  run41 対象 設42% 金14% 討26% 打18% (a)OK ②改OK
  run42 対象 設38% 金10% 討30% 打23% (a)OK ②改OK
  run43 対象 設38% 金11% 討29% 打23% (a)OK ②改OK
  run44 対象 設38% 金12% 討26% 打24% (a)OK ②改OK
  run45 対象 設37% 金11% 討27% 打25% (a)OK ②改OK
  run46 対象 設36% 金10% 討28% 打27% (a)OK ②改OK
合計(㉘(a) balanced+bake): 71/95 ②改 33/47
