=== override={"monster":{"scarceBonus":2}} (100h) ===
balanced(S6) ㉘(a) 32/48 ②改 0/0 | 前半中央値 設28 金39 討18 打13 | 後半中央値 設15 金27 討40 打19
  run 0 対象 設40% 金13% 討12% 打35% (a)OK ②改OK
  run 1 対象 設46% 金23% 討10% 打21% (a)NG ②改OK
  run 2 対象 設40% 金32% 討12% 打16% (a)OK ②改OK
  run 3 対象 設34% 金45% 討8% 打12% (a)NG ②改OK
  run 4 対象 設21% 金54% 討15% 打10% (a)OK ②改OK
  run 5 対象 設27% 金46% 討18% 打9% (a)NG ②改OK
  run 6 対象 設30% 金45% 討17% 打8% (a)NG ②改OK
  run 7 対象 設29% 金41% 討18% 打12% (a)OK ②改OK
  run 8 対象 設28% 金45% 討16% 打10% (a)OK ②改OK
  run 9 対象 設27% 金47% 討16% 打10% (a)OK ②改OK
  run10 対象 設27% 金46% 討16% 打10% (a)OK ②改OK
  run11 対象 設28% 金47% 討15% 打10% (a)NG ②改OK
  run12 対象 設29% 金43% 討17% 打11% (a)OK ②改OK
  run13 対象 設26% 金41% 討17% 打16% (a)OK ②改OK
  run14 対象 設28% 金34% 討20% 打17% (a)OK ②改OK
  run15 対象 設29% 金35% 討20% 打16% (a)OK ②改OK
  run16 対象 設30% 金31% 討21% 打18% (a)OK ②改OK
  run17 対象 設28% 金34% 討20% 打18% (a)OK ②改OK
  run18 対象 設27% 金38% 討19% 打16% (a)OK ②改OK
  run19 対象 設28% 金36% 討19% 打16% (a)OK ②改OK
  run20 対象 設28% 金40% 討18% 打13% (a)OK ②改OK
  run21 対象 設30% 金33% 討24% 打13% (a)OK ②改OK
  run22 対象 設28% 金37% 討26% 打9% (a)NG ②改OK
  run23 対象 設24% 金31% 討36% 打9% (a)NG ②改OK
  run24 対象 設23% 金32% 討37% 打8% (a)NG ②改OK
  run25 対象 設20% 金29% 討44% 打6% (a)NG ②改OK
  run26 対象 設19% 金31% 討45% 打5% (a)NG ②改OK
  run27 対象 設19% 金30% 討46% 打5% (a)NG ②改OK
  run28 対象 設17% 金37% 討42% 打4% (a)NG ②改OK
  run29 対象 設20% 金41% 討33% 打6% (a)NG ②改OK
  run30 対象 設24% 金39% 討33% 打5% (a)NG ②改OK
  run31 対象 設22% 金36% 討35% 打7% (a)NG ②改OK
  run32 対象 設18% 金32% 討46% 打4% (a)NG ②改OK
  run33 対象 設16% 金32% 討33% 打18% (a)OK ②改OK
  run34 対象 設15% 金28% 討32% 打26% (a)OK ②改OK
  run35 対象 設15% 金27% 討38% 打19% (a)OK ②改OK
  run36 対象 設13% 金23% 討42% 打22% (a)OK ②改OK
  run37 対象 設15% 金27% 討40% 打18% (a)OK ②改OK
  run38 対象 設15% 金24% 討38% 打23% (a)OK ②改OK
  run39 対象 設15% 金26% 討40% 打19% (a)OK ②改OK
  run40 対象 設14% 金22% 討38% 打25% (a)OK ②改OK
  run41 対象 設15% 金21% 討42% 打23% (a)OK ②改OK
  run42 対象 設13% 金20% 討41% 打26% (a)OK ②改OK
  run43 対象 設13% 金20% 討43% 打24% (a)OK ②改OK
  run44 対象 設13% 金18% 討43% 打26% (a)OK ②改OK
  run45 対象 設13% 金18% 討46% 打23% (a)OK ②改OK
  run46 対象 設13% 金16% 討42% 打28% (a)OK ②改OK
  run47 対象 設13% 金19% 討40% 打29% (a)OK ②改OK
hunt(S4) ㉘(a) 32/43 ②改 33/43 | 前半中央値 設14 金49 討30 打5 | 後半中央値 設9 金19 討50 打13
  run 0   外 設44% 金17% 討5% 打33%
  run 1   外 設43% 金35% 討3% 打18%
  run 2   外 設5% 金38% 討40% 打17%
  run 3   外 設5% 金49% 討38% 打9%
  run 4 対象 設5% 金53% 討35% 打7% (a)OK ②改OK
  run 5 対象 設40% 金43% 討4% 打14% (a)NG ②改OK
  run 6 対象 設46% 金39% 討9% 打6% (a)NG ②改OK
  run 7 対象 設9% 金47% 討38% 打6% (a)OK ②改OK
  run 8 対象 設10% 金42% 討42% 打6% (a)OK ②改OK
  run 9 対象 設9% 金55% 討30% 打5% (a)OK ②改OK
  run10 対象 設10% 金52% 討33% 打5% (a)OK ②改OK
  run11 対象 設11% 金54% 討31% 打4% (a)OK ②改OK
  run12 対象 設12% 金54% 討29% 打5% (a)NG ②改OK
  run13 対象 設11% 金55% 討29% 打5% (a)NG ②改OK
  run14 対象 設12% 金56% 討28% 打5% (a)NG ②改OK
  run15 対象 設12% 金49% 討32% 打6% (a)OK ②改OK
  run16 対象 設35% 金9% 討41% 打15% (a)OK ②改OK
  run17 対象 設14% 金56% 討25% 打4% (a)NG ②改OK
  run18 対象 設14% 金55% 討26% 打5% (a)NG ②改OK
  run19 対象 設15% 金56% 討25% 打4% (a)NG ②改OK
  run20 対象 設26% 金34% 討29% 打11% (a)NG ②改OK
  run21 対象 設18% 金48% 討28% 打6% (a)NG ②改OK
  run22 対象 設20% 金44% 討30% 打6% (a)OK ②改OK
  run23 対象 設18% 金41% 討36% 打5% (a)OK ②改OK
  run24 対象 設19% 金40% 討36% 打5% (a)OK ②改OK
  run25 対象 設17% 金38% 討41% 打4% (a)OK ②改OK
  run26 対象 設16% 金35% 討45% 打4% (a)OK ②改OK
  run27 対象 設35% 金22% 討36% 打7% (a)OK ②改OK
  run28 対象 設19% 金24% 討53% 打4% (a)OK ②改NG
  run29 対象 設26% 金21% 討48% 打6% (a)OK ②改OK
  run30 対象 設24% 金20% 討51% 打5% (a)OK ②改OK
  run31 対象 設23% 金19% 討52% 打5% (a)OK ②改NG
  run32 対象 設24% 金22% 討48% 打6% (a)OK ②改OK
  run33 対象 設10% 金20% 討63% 打7% (a)OK ②改NG
  run34 対象 設10% 金19% 討36% 打35% (a)OK ②改OK
  run35 対象 設9% 金18% 討56% 打17% (a)OK ②改NG
  run36 対象 設9% 金25% 討52% 打14% (a)OK ②改NG
  run37 対象 設9% 金16% 討62% 打13% (a)OK ②改NG
  run38 対象 設8% 金15% 討64% 打12% (a)OK ②改NG
  run39 対象 設9% 金12% 討31% 打48% (a)OK ②改OK
  run40 対象 設9% 金17% 討35% 打39% (a)OK ②改OK
  run41 対象 設8% 金13% 討67% 打13% (a)OK ②改NG
  run42 対象 設8% 金11% 討49% 打32% (a)OK ②改OK
  run43 対象 設8% 金11% 討39% 打42% (a)OK ②改OK
  run44 対象 設9% 金20% 討21% 打49% (a)NG ②改OK
  run45 対象 設8% 金12% 討54% 打26% (a)OK ②改NG
  run46 対象 設9% 金13% 討65% 打13% (a)OK ②改NG
合計(㉘(a) balanced+hunt): 64/91 ②改 33/43
