=== override={"equipDirect":{"anchorGolden":0.15}} (100h) ===
balanced(S6) ㉘(a) 25/48 ②改 0/0 | 前半中央値 設31 金41 討10 打14 | 後半中央値 設15 金27 討39 打20
  run 0 対象 設41% 金13% 討6% 打40% (a)NG ②改OK
  run 1 対象 設47% 金24% 討5% 打25% (a)NG ②改OK
  run 2 対象 設43% 金34% 討6% 打18% (a)NG ②改OK
  run 3 対象 設36% 金47% 討4% 打14% (a)NG ②改OK
  run 4 対象 設23% 金58% 討8% 打12% (a)NG ②改OK
  run 5 対象 設30% 金50% 討9% 打11% (a)NG ②改OK
  run 6 対象 設33% 金49% 討9% 打9% (a)NG ②改OK
  run 7 対象 設32% 金45% 討10% 打13% (a)NG ②改OK
  run 8 対象 設31% 金49% 討9% 打11% (a)NG ②改OK
  run 9 対象 設29% 金51% 討9% 打11% (a)NG ②改OK
  run10 対象 設30% 金50% 討9% 打12% (a)NG ②改OK
  run11 対象 設30% 金50% 討9% 打11% (a)NG ②改OK
  run12 対象 設32% 金46% 討10% 打12% (a)NG ②改OK
  run13 対象 設29% 金43% 討10% 打18% (a)OK ②改OK
  run14 対象 設31% 金37% 討12% 打20% (a)OK ②改OK
  run15 対象 設32% 金37% 討12% 打19% (a)OK ②改OK
  run16 対象 設33% 金33% 討13% 打21% (a)OK ②改OK
  run17 対象 設31% 金35% 討13% 打21% (a)OK ②改OK
  run18 対象 設30% 金40% 討12% 打18% (a)OK ②改OK
  run19 対象 設31% 金38% 討13% 打18% (a)OK ②改OK
  run20 対象 設30% 金42% 討13% 打15% (a)OK ②改OK
  run21 対象 設32% 金34% 討19% 打14% (a)OK ②改OK
  run22 対象 設29% 金38% 討23% 打10% (a)OK ②改OK
  run23 対象 設25% 金32% 討33% 打10% (a)NG ②改OK
  run24 対象 設25% 金33% 討34% 打9% (a)NG ②改OK
  run25 対象 設21% 金29% 討42% 打7% (a)NG ②改OK
  run26 対象 設20% 金31% 討43% 打6% (a)NG ②改OK
  run27 対象 設20% 金30% 討45% 打5% (a)NG ②改OK
  run28 対象 設18% 金37% 討41% 打5% (a)NG ②改OK
  run29 対象 設21% 金42% 討31% 打6% (a)NG ②改OK
  run30 対象 設24% 金40% 討31% 打5% (a)NG ②改OK
  run31 対象 設23% 金37% 討33% 打8% (a)NG ②改OK
  run32 対象 設19% 金32% 討44% 打5% (a)NG ②改OK
  run33 対象 設17% 金32% 討32% 打19% (a)OK ②改OK
  run34 対象 設15% 金28% 討31% 打26% (a)OK ②改OK
  run35 対象 設16% 金27% 討37% 打20% (a)OK ②改OK
  run36 対象 設13% 金23% 討41% 打23% (a)OK ②改OK
  run37 対象 設15% 金27% 討39% 打19% (a)OK ②改OK
  run38 対象 設15% 金24% 討37% 打23% (a)OK ②改OK
  run39 対象 設15% 金26% 討39% 打20% (a)OK ②改OK
  run40 対象 設15% 金22% 討37% 打26% (a)OK ②改OK
  run41 対象 設15% 金21% 討40% 打24% (a)OK ②改OK
  run42 対象 設13% 金20% 討40% 打27% (a)OK ②改OK
  run43 対象 設13% 金21% 討42% 打25% (a)OK ②改OK
  run44 対象 設13% 金18% 討42% 打27% (a)OK ②改OK
  run45 対象 設13% 金18% 討45% 打24% (a)OK ②改OK
  run46 対象 設13% 金16% 討41% 打29% (a)OK ②改OK
  run47 対象 設13% 金19% 討38% 打29% (a)OK ②改OK
合計(㉘(a) balanced): 25/48 ②改 0/0
