=== override={"monster":{"scarceBonus":2,"scarceHalf":0.02},"goldenDirect":{"otherMul":0.3},"huntDirect":{"otherMul":0.15},"tapDirect":{"clickBonus":3}} (100h) ===
bake(S1) ㉘(a) 46/47 ②改 25/47 | 前半中央値 設53 金19 討13 打12 | 後半中央値 設46 金15 討20 打18
  run 0 対象 設39% 金13% 討9% 打39% (a)OK ②改OK
  run 1 対象 設50% 金23% 討6% 打21% (a)OK ②改OK
  run 2 対象 設48% 金30% 討7% 打15% (a)OK ②改OK
  run 3 対象 設42% 金42% 討5% 打11% (a)OK ②改OK
  run 4 対象 設22% 金53% 討14% 打12% (a)NG ②改OK
  run 5 対象 設36% 金39% 討14% 打11% (a)OK ②改OK
  run 6 対象 設77% 金12% 討0% 打11% (a)OK ②改NG
  run 7 対象 設42% 金30% 討14% 打14% (a)OK ②改OK
  run 8 対象 設44% 金33% 討11% 打11% (a)OK ②改OK
  run 9 対象 設46% 金31% 討12% 打11% (a)OK ②改OK
  run10 対象 設48% 金27% 討13% 打11% (a)OK ②改OK
  run11 対象 設56% 金23% 討11% 打10% (a)OK ②改NG
  run12 対象 設53% 金24% 討12% 打11% (a)OK ②改NG
  run13 対象 設54% 金19% 討12% 打14% (a)OK ②改NG
  run14 対象 設52% 金18% 討14% 打16% (a)OK ②改NG
  run15 対象 設54% 金16% 討14% 打15% (a)OK ②改NG
  run16 対象 設59% 金13% 討13% 打15% (a)OK ②改NG
  run17 対象 設57% 金16% 討14% 打13% (a)OK ②改NG
  run18 対象 設58% 金18% 討13% 打12% (a)OK ②改NG
  run19 対象 設57% 金17% 討14% 打13% (a)OK ②改NG
  run20 対象 設60% 金16% 討13% 打11% (a)OK ②改NG
  run21 対象 設60% 金12% 討16% 打11% (a)OK ②改NG
  run22 対象 設60% 金13% 討18% 打9% (a)OK ②改NG
  run23 対象 設59% 金13% 討20% 打8% (a)OK ②改NG
  run24 対象 設57% 金13% 討22% 打8% (a)OK ②改NG
  run25 対象 設54% 金15% 討25% 打6% (a)OK ②改NG
  run26 対象 設53% 金16% 討26% 打5% (a)OK ②改NG
  run27 対象 設54% 金22% 討16% 打7% (a)OK ②改NG
  run28 対象 設59% 金22% 討14% 打5% (a)OK ②改NG
  run29 対象 設53% 金24% 討16% 打7% (a)OK ②改NG
  run30 対象 設60% 金22% 討13% 打4% (a)OK ②改NG
  run31 対象 設47% 金28% 討20% 打5% (a)OK ②改OK
  run32 対象 設56% 金20% 討20% 打4% (a)OK ②改NG
  run33 対象 設46% 金19% 討18% 打16% (a)OK ②改OK
  run34 対象 設46% 金17% 討20% 打18% (a)OK ②改OK
  run35 対象 設46% 金17% 討19% 打18% (a)OK ②改OK
  run36 対象 設43% 金16% 討22% 打19% (a)OK ②改OK
  run37 対象 設45% 金15% 討21% 打19% (a)OK ②改OK
  run38 対象 設45% 金14% 討21% 打20% (a)OK ②改OK
  run39 対象 設44% 金15% 討21% 打20% (a)OK ②改OK
  run40 対象 設45% 金14% 討21% 打21% (a)OK ②改OK
  run41 対象 設46% 金15% 討20% 打20% (a)OK ②改OK
  run42 対象 設39% 金11% 討21% 打28% (a)OK ②改OK
  run43 対象 設40% 金12% 討21% 打27% (a)OK ②改OK
  run44 対象 設41% 金14% 討20% 打25% (a)OK ②改OK
  run45 対象 設39% 金11% 討21% 打30% (a)OK ②改OK
  run46 対象 設39% 金11% 討20% 打31% (a)OK ②改OK
golden(S3) ㉘(a) 42/45 ②改 32/45 | 前半中央値 設22 金41 討19 打13 | 後半中央値 設25 金35 討5 打36
  run 0   外 設43% 金12% 討8% 打37%
  run 1   外 設49% 金28% 討6% 打17%
  run 2   外 設23% 金56% 討8% 打13%
  run 3 対象 設30% 金55% 討5% 打10% (a)OK ②改NG
  run 4 対象 設11% 金64% 討12% 打13% (a)OK ②改NG
  run 5 対象 設14% 金62% 討12% 打12% (a)OK ②改NG
  run 6 対象 設64% 金20% 討0% 打15% (a)NG ②改OK
  run 7 対象 設18% 金57% 討13% 打12% (a)OK ②改NG
  run 8 対象 設18% 金59% 討12% 打11% (a)OK ②改NG
  run 9 対象 設17% 金62% 討11% 打10% (a)OK ②改NG
  run10 対象 設18% 金61% 討12% 打10% (a)OK ②改NG
  run11 対象 設21% 金55% 討14% 打11% (a)OK ②改NG
  run12 対象 設20% 金55% 討14% 打11% (a)OK ②改NG
  run13 対象 設20% 金43% 討18% 打19% (a)OK ②改OK
  run14 対象 設21% 金39% 討20% 打21% (a)OK ②改OK
  run15 対象 設23% 金35% 討21% 打21% (a)OK ②改OK
  run16 対象 設26% 金30% 討23% 打22% (a)NG ②改OK
  run17 対象 設25% 金33% 討22% 打20% (a)OK ②改OK
  run18 対象 設22% 金41% 討19% 打18% (a)OK ②改OK
  run19 対象 設23% 金40% 討20% 打17% (a)OK ②改OK
  run20 対象 設23% 金41% 討21% 打16% (a)OK ②改OK
  run21 対象 設30% 金37% 討19% 打15% (a)OK ②改OK
  run22 対象 設31% 金36% 討20% 打13% (a)OK ②改OK
  run23 対象 設31% 金37% 討21% 打12% (a)OK ②改OK
  run24 対象 設31% 金31% 討25% 打13% (a)OK ②改OK
  run25 対象 設30% 金33% 討26% 打11% (a)OK ②改OK
  run26 対象 設28% 金36% 討26% 打10% (a)OK ②改OK
  run27 対象 設30% 金45% 討14% 打11% (a)OK ②改OK
  run28 対象 設31% 金53% 討8% 打8% (a)OK ②改NG
  run29 対象 設32% 金52% 討8% 打8% (a)OK ②改NG
  run30 対象 設32% 金52% 討8% 打8% (a)OK ②改NG
  run31 対象 設33% 金54% 討7% 打7% (a)OK ②改NG
  run32 対象 設31% 金51% 討9% 打9% (a)OK ②改OK
  run33 対象 設23% 金35% 討5% 打37% (a)OK ②改OK
  run34 対象 設23% 金34% 討5% 打38% (a)OK ②改OK
  run35 対象 設24% 金33% 討5% 打37% (a)OK ②改OK
  run36 対象 設26% 金36% 討4% 打34% (a)OK ②改OK
  run37 対象 設22% 金33% 討4% 打41% (a)OK ②改OK
  run38 対象 設24% 金35% 討4% 打36% (a)OK ②改OK
  run39 対象 設24% 金36% 討4% 打36% (a)OK ②改OK
  run40 対象 設25% 金33% 討4% 打38% (a)OK ②改OK
  run41 対象 設23% 金31% 討4% 打42% (a)OK ②改OK
  run42 対象 設27% 金40% 討4% 打30% (a)OK ②改OK
  run43 対象 設22% 金33% 討3% 打41% (a)OK ②改OK
  run44 対象 設27% 金38% 討4% 打31% (a)OK ②改OK
  run45 対象 設22% 金32% 討10% 打36% (a)OK ②改OK
  run46 対象 設23% 金30% 討12% 打36% (a)OK ②改OK
  run47 対象 設21% 金29% 討10% 打40% (a)NG ②改OK
合計(㉘(a) bake+golden): 88/92 ②改 57/92
