=== ㉘稼ぎ口比率(100h・周回シェア=各tickシェアの周回平均) ===
balanced(S6 早回し転生型) 4つすべて≥10%: 30/48周回 合格
  run 0 対象 設備13% 金67% 討伐8% タップ12% → (a)NG
  run 1 対象 設備19% 金56% 討伐9% タップ16% → (a)NG
  run 2 対象 設備10% 金33% 討伐16% タップ40% → (a)OK
  run 3 対象 設備9% 金41% 討伐14% タップ36% → (a)NG
  run 4 対象 設備8% 金53% 討伐11% タップ28% → (a)NG
  run 5 対象 設備7% 金58% 討伐13% タップ22% → (a)NG
  run 6 対象 設備14% 金48% 討伐14% タップ24% → (a)OK
  run 7 対象 設備15% 金46% 討伐13% タップ25% → (a)OK
  run 8 対象 設備14% 金54% 討伐10% タップ22% → (a)OK
  run 9 対象 設備15% 金54% 討伐10% タップ21% → (a)NG
  run10 対象 設備16% 金51% 討伐10% タップ23% → (a)OK
  run11 対象 設備16% 金51% 討伐11% タップ23% → (a)OK
  run12 対象 設備16% 金49% 討伐11% タップ23% → (a)OK
  run13 対象 設備18% 金46% 討伐10% タップ27% → (a)NG
  run14 対象 設備18% 金43% 討伐11% タップ28% → (a)OK
  run15 対象 設備18% 金42% 討伐10% タップ30% → (a)OK
  run16 対象 設備18% 金39% 討伐11% タップ32% → (a)OK
  run17 対象 設備19% 金38% 討伐10% タップ34% → (a)NG
  run18 対象 設備18% 金39% 討伐9% タップ34% → (a)NG
  run19 対象 設備18% 金38% 討伐9% タップ35% → (a)NG
  run20 対象 設備16% 金32% 討伐18% タップ34% → (a)OK
  run21 対象 設備16% 金28% 討伐20% タップ35% → (a)OK
  run22 対象 設備16% 金24% 討伐22% タップ38% → (a)OK
  run23 対象 設備15% 金21% 討伐24% タップ40% → (a)OK
  run24 対象 設備14% 金21% 討伐24% タップ41% → (a)OK
  run25 対象 設備13% 金24% 討伐22% タップ41% → (a)OK
  run26 対象 設備13% 金22% 討伐22% タップ43% → (a)OK
  run27 対象 設備13% 金21% 討伐23% タップ43% → (a)OK
  run28 対象 設備14% 金26% 討伐21% タップ40% → (a)OK
  run29 対象 設備13% 金25% 討伐22% タップ40% → (a)OK
  run30 対象 設備13% 金25% 討伐22% タップ41% → (a)OK
  run31 対象 設備13% 金24% 討伐22% タップ41% → (a)OK
  run32 対象 設備15% 金34% 討伐17% タップ34% → (a)OK
  run33 対象 設備21% 金38% 討伐31% タップ10% → (a)NG
  run34 対象 設備22% 金36% 討伐32% タップ10% → (a)NG
  run35 対象 設備22% 金34% 討伐34% タップ10% → (a)NG
  run36 対象 設備23% 金35% 討伐32% タップ10% → (a)OK
  run37 対象 設備22% 金34% 討伐35% タップ9% → (a)NG
  run38 対象 設備22% 金34% 討伐35% タップ9% → (a)NG
  run39 対象 設備22% 金36% 討伐34% タップ9% → (a)NG
  run40 対象 設備22% 金32% 討伐37% タップ8% → (a)NG
  run41 対象 設備21% 金31% 討伐37% タップ10% → (a)OK
  run42 対象 設備21% 金25% 討伐45% タップ9% → (a)NG
  run43 対象 設備20% 金27% 討伐41% タップ11% → (a)OK
  run44 対象 設備21% 金27% 討伐43% タップ10% → (a)OK
  run45 対象 設備22% 金27% 討伐41% タップ11% → (a)OK
  run46 対象 設備20% 金27% 討伐42% タップ11% → (a)OK
  run47 対象 設備20% 金27% 討伐42% タップ11% → (a)OK
click(S2 クリック会心型) 主役=タップ≥25%: 31/48周回 合格
  run 0 対象 設備8% 金66% 討伐8% タップ18% → (a)NG
  run 1 対象 設備13% 金57% 討伐8% タップ22% → (a)NG
  run 2 対象 設備4% 金29% 討伐17% タップ50% → (a)OK
  run 3 対象 設備8% 金32% 討伐15% タップ45% → (a)OK
  run 4 対象 設備15% 金38% 討伐12% タップ35% → (a)OK
  run 5 対象 設備17% 金38% 討伐14% タップ30% → (a)OK
  run 6 対象 設備30% 金30% 討伐13% タップ26% → (a)OK
  run 7 対象 設備34% 金26% 討伐12% タップ27% → (a)OK
  run 8 対象 設備32% 金31% 討伐10% タップ28% → (a)OK
  run 9 対象 設備31% 金29% 討伐10% タップ31% → (a)OK
  run10 対象 設備34% 金27% 討伐9% タップ30% → (a)OK
  run11 対象 設備33% 金25% 討伐9% タップ33% → (a)OK
  run12 対象 設備34% 金25% 討伐9% タップ33% → (a)OK
  run13 対象 設備33% 金23% 討伐8% タップ37% → (a)OK
  run14 対象 設備33% 金22% 討伐7% タップ37% → (a)OK
  run15 対象 設備34% 金21% 討伐8% タップ38% → (a)OK
  run16 対象 設備33% 金20% 討伐8% タップ39% → (a)OK
  run17 対象 設備32% 金19% 討伐7% タップ42% → (a)OK
  run18 対象 設備30% 金19% 討伐7% タップ44% → (a)OK
  run19 対象 設備30% 金20% 討伐6% タップ43% → (a)OK
  run20 対象 設備27% 金18% 討伐10% タップ45% → (a)OK
  run21 対象 設備29% 金15% 討伐13% タップ43% → (a)OK
  run22 対象 設備28% 金14% 討伐14% タップ45% → (a)OK
  run23 対象 設備26% 金14% 討伐14% タップ47% → (a)OK
  run24 対象 設備23% 金12% 討伐14% タップ50% → (a)OK
  run25 対象 設備21% 金15% 討伐13% タップ51% → (a)OK
  run26 対象 設備20% 金14% 討伐13% タップ53% → (a)OK
  run27 対象 設備20% 金14% 討伐13% タップ53% → (a)OK
  run28 対象 設備20% 金12% 討伐14% タップ55% → (a)OK
  run29 対象 設備20% 金12% 討伐15% タップ54% → (a)OK
  run30 対象 設備20% 金12% 討伐15% タップ54% → (a)OK
  run31 対象 設備21% 金14% 討伐14% タップ51% → (a)OK
  run32 対象 設備21% 金13% 討伐14% タップ52% → (a)OK
  run33 対象 設備33% 金15% 討伐31% タップ21% → (a)NG
  run34 対象 設備36% 金19% 討伐30% タップ15% → (a)NG
  run35 対象 設備34% 金15% 討伐32% タップ19% → (a)NG
  run36 対象 設備35% 金17% 討伐31% タップ17% → (a)NG
  run37 対象 設備36% 金19% 討伐30% タップ14% → (a)NG
  run38 対象 設備36% 金18% 討伐30% タップ15% → (a)NG
  run39 対象 設備36% 金19% 討伐30% タップ14% → (a)NG
  run40 対象 設備37% 金18% 討伐30% タップ15% → (a)NG
  run41 対象 設備38% 金19% 討伐30% タップ13% → (a)NG
  run42 対象 設備38% 金18% 討伐30% タップ14% → (a)NG
  run43 対象 設備38% 金19% 討伐30% タップ14% → (a)NG
  run44 対象 設備38% 金14% 討伐33% タップ15% → (a)NG
  run45 対象 設備36% 金17% 討伐31% タップ17% → (a)NG
  run46 対象 設備38% 金14% 討伐33% タップ15% → (a)NG
  run47 対象 設備38% 金13% 討伐33% タップ15% → (a)NG
golden(S3 金クッキー特化型) 主役=金クッキー≥25%: 44/44周回 合格
  run 0 対象外 設備13% 金60% 討伐11% タップ16%
  run 1 対象外 設備12% 金58% 討伐12% タップ18%
  run 2 対象外 設備12% 金36% 討伐18% タップ34%
  run 3 対象外 設備9% 金54% 討伐13% タップ24%
  run 4 対象 設備7% 金64% 討伐12% タップ17% → (a)OK
  run 5 対象 設備9% 金56% 討伐15% タップ20% → (a)OK
  run 6 対象 設備11% 金56% 討伐14% タップ19% → (a)OK
  run 7 対象 設備10% 金52% 討伐19% タップ20% → (a)OK
  run 8 対象 設備11% 金57% 討伐17% タップ15% → (a)OK
  run 9 対象 設備12% 金56% 討伐20% タップ13% → (a)OK
  run10 対象 設備12% 金56% 討伐19% タップ13% → (a)OK
  run11 対象 設備14% 金53% 討伐19% タップ14% → (a)OK
  run12 対象 設備14% 金53% 討伐19% タップ13% → (a)OK
  run13 対象 設備16% 金53% 討伐20% タップ12% → (a)OK
  run14 対象 設備17% 金51% 討伐20% タップ11% → (a)OK
  run15 対象 設備18% 金48% 討伐21% タップ12% → (a)OK
  run16 対象 設備20% 金47% 討伐21% タップ11% → (a)OK
  run17 対象 設備21% 金46% 討伐23% タップ11% → (a)OK
  run18 対象 設備20% 金49% 討伐21% タップ10% → (a)OK
  run19 対象 設備20% 金51% 討伐20% タップ9% → (a)OK
  run20 対象 設備18% 金43% 討伐31% タップ8% → (a)OK
  run21 対象 設備18% 金39% 討伐35% タップ8% → (a)OK
  run22 対象 設備16% 金35% 討伐42% タップ7% → (a)OK
  run23 対象 設備15% 金31% 討伐48% タップ6% → (a)OK
  run24 対象 設備15% 金28% 討伐52% タップ6% → (a)OK
  run25 対象 設備13% 金31% 討伐52% タップ4% → (a)OK
  run26 対象 設備13% 金28% 討伐55% タップ4% → (a)OK
  run27 対象 設備30% 金60% 討伐1% タップ8% → (a)OK
  run28 対象 設備31% 金60% 討伐1% タップ8% → (a)OK
  run29 対象 設備31% 金59% 討伐1% タップ8% → (a)OK
  run30 対象 設備32% 金59% 討伐1% タップ9% → (a)OK
  run31 対象 設備31% 金60% 討伐1% タップ9% → (a)OK
  run32 対象 設備32% 金58% 討伐1% タップ9% → (a)OK
  run33 対象 設備36% 金60% 討伐1% タップ2% → (a)OK
  run34 対象 設備37% 金59% 討伐1% タップ3% → (a)OK
  run35 対象 設備38% 金58% 討伐1% タップ3% → (a)OK
  run36 対象 設備40% 金57% 討伐1% タップ2% → (a)OK
  run37 対象 設備39% 金57% 討伐1% タップ3% → (a)OK
  run38 対象 設備40% 金57% 討伐1% タップ2% → (a)OK
  run39 対象 設備40% 金57% 討伐1% タップ2% → (a)OK
  run40 対象 設備41% 金56% 討伐1% タップ2% → (a)OK
  run41 対象 設備40% 金56% 討伐1% タップ2% → (a)OK
  run42 対象 設備39% 金57% 討伐1% タップ3% → (a)OK
  run43 対象 設備42% 金54% 討伐1% タップ2% → (a)OK
  run44 対象 設備42% 金55% 討伐1% タップ2% → (a)OK
  run45 対象 設備18% 金37% 討伐43% タップ2% → (a)OK
  run46 対象 設備21% 金43% 討伐33% タップ3% → (a)OK
  run47 対象 設備20% 金40% 討伐38% タップ3% → (a)OK
hunt(S4 狩猟特化型) 主役=討伐由来≥25%: 43/43周回 合格
  run 0 対象外 設備21% 金69% 討伐5% タップ6%
  run 1 対象外 設備2% 金48% 討伐27% タップ23%
  run 2 対象外 設備5% 金42% 討伐34% タップ19%
  run 3 対象外 設備5% 金56% 討伐24% タップ15%
  run 4 対象外 設備4% 金65% 討伐23% タップ8%
  run 5 対象 設備4% 金53% 討伐35% タップ9% → (a)OK
  run 6 対象 設備6% 金52% 討伐35% タップ8% → (a)OK
  run 7 対象 設備7% 金46% 討伐41% タップ7% → (a)OK
  run 8 対象 設備8% 金48% 討伐37% タップ6% → (a)OK
  run 9 対象 設備10% 金47% 討伐38% タップ5% → (a)OK
  run10 対象 設備10% 金46% 討伐38% タップ6% → (a)OK
  run11 対象 設備11% 金44% 討伐39% タップ6% → (a)OK
  run12 対象 設備12% 金43% 討伐39% タップ6% → (a)OK
  run13 対象 設備14% 金42% 討伐39% タップ5% → (a)OK
  run14 対象 設備15% 金41% 討伐38% タップ6% → (a)OK
  run15 対象 設備16% 金40% 討伐38% タップ6% → (a)OK
  run16 対象 設備18% 金42% 討伐32% タップ8% → (a)OK
  run17 対象 設備18% 金37% 討伐38% タップ7% → (a)OK
  run18 対象 設備18% 金38% 討伐37% タップ7% → (a)OK
  run19 対象 設備18% 金39% 討伐36% タップ7% → (a)OK
  run20 対象 設備16% 金40% 討伐36% タップ7% → (a)OK
  run21 対象 設備12% 金28% 討伐55% タップ5% → (a)OK
  run22 対象 設備10% 金23% 討伐62% タップ4% → (a)OK
  run23 対象 設備10% 金21% 討伐65% タップ4% → (a)OK
  run24 対象 設備10% 金23% 討伐62% タップ5% → (a)OK
  run25 対象 設備9% 金18% 討伐69% タップ4% → (a)OK
  run26 対象 設備8% 金16% 討伐72% タップ4% → (a)OK
  run27 対象 設備8% 金13% 討伐75% タップ4% → (a)OK
  run28 対象 設備9% 金16% 討伐70% タップ4% → (a)OK
  run29 対象 設備8% 金12% 討伐76% タップ4% → (a)OK
  run30 対象 設備8% 金12% 討伐76% タップ4% → (a)OK
  run31 対象 設備8% 金11% 討伐76% タップ4% → (a)OK
  run32 対象 設備10% 金18% 討伐68% タップ5% → (a)OK
  run33 対象 設備8% 金12% 討伐78% タップ2% → (a)OK
  run34 対象 設備8% 金12% 討伐79% タップ1% → (a)OK
  run35 対象 設備7% 金12% 討伐79% タップ2% → (a)OK
  run36 対象 設備10% 金18% 討伐70% タップ3% → (a)OK
  run37 対象 設備8% 金17% 討伐74% タップ2% → (a)OK
  run38 対象 設備8% 金15% 討伐75% タップ2% → (a)OK
  run39 対象 設備7% 金10% 討伐79% タップ4% → (a)OK
  run40 対象 設備10% 金17% 討伐69% タップ4% → (a)OK
  run41 対象 設備7% 金9% 討伐82% タップ3% → (a)OK
  run42 対象 設備7% 金9% 討伐82% タップ3% → (a)OK
  run43 対象 設備7% 金9% 討伐81% タップ3% → (a)OK
  run44 対象 設備13% 金23% 討伐60% タップ4% → (a)OK
  run45 対象 設備7% 金9% 討伐81% タップ4% → (a)OK
  run46 対象 設備7% 金9% 討伐81% タップ3% → (a)OK
  run47 対象 設備12% 金39% 討伐32% タップ17% → (a)OK
bake(S1 バランス効率型) 主役=設備生産≥25%: 41/48周回 合格
  run 0 対象 設備12% 金70% 討伐7% タップ10% → (a)NG
  run 1 対象 設備16% 金61% 討伐9% タップ15% → (a)NG
  run 2 対象 設備11% 金39% 討伐15% タップ35% → (a)NG
  run 3 対象 設備9% 金56% 討伐10% タップ25% → (a)NG
  run 4 対象 設備7% 金64% 討伐10% タップ19% → (a)NG
  run 5 対象 設備7% 金60% 討伐13% タップ20% → (a)NG
  run 6 対象 設備22% 金45% 討伐12% タップ20% → (a)NG
  run 7 対象 設備31% 金40% 討伐12% タップ17% → (a)OK
  run 8 対象 設備32% 金45% 討伐10% タップ13% → (a)OK
  run 9 対象 設備35% 金43% 討伐10% タップ12% → (a)OK
  run10 対象 設備36% 金41% 討伐10% タップ13% → (a)OK
  run11 対象 設備39% 金37% 討伐11% タップ13% → (a)OK
  run12 対象 設備40% 金37% 討伐10% タップ13% → (a)OK
  run13 対象 設備45% 金34% 討伐10% タップ11% → (a)OK
  run14 対象 設備46% 金33% 討伐10% タップ11% → (a)OK
  run15 対象 設備48% 金30% 討伐10% タップ11% → (a)OK
  run16 対象 設備49% 金31% 討伐10% タップ10% → (a)OK
  run17 対象 設備50% 金30% 討伐10% タップ10% → (a)OK
  run18 対象 設備50% 金31% 討伐9% タップ9% → (a)OK
  run19 対象 設備50% 金33% 討伐9% タップ9% → (a)OK
  run20 対象 設備43% 金27% 討伐22% タップ8% → (a)OK
  run21 対象 設備43% 金25% 討伐24% タップ7% → (a)OK
  run22 対象 設備41% 金22% 討伐30% タップ7% → (a)OK
  run23 対象 設備41% 金20% 討伐32% タップ7% → (a)OK
  run24 対象 設備39% 金17% 討伐36% タップ7% → (a)OK
  run25 対象 設備39% 金20% 討伐35% タップ6% → (a)OK
  run26 対象 設備38% 金18% 討伐37% タップ6% → (a)OK
  run27 対象 設備42% 金31% 討伐21% タップ6% → (a)OK
  run28 対象 設備44% 金33% 討伐18% タップ6% → (a)OK
  run29 対象 設備42% 金32% 討伐20% タップ6% → (a)OK
  run30 対象 設備43% 金31% 討伐20% タップ6% → (a)OK
  run31 対象 設備41% 金28% 討伐25% タップ6% → (a)OK
  run32 対象 設備40% 金30% 討伐25% タップ6% → (a)OK
  run33 対象 設備40% 金26% 討伐30% タップ4% → (a)OK
  run34 対象 設備39% 金27% 討伐31% タップ4% → (a)OK
  run35 対象 設備39% 金23% 討伐34% タップ4% → (a)OK
  run36 対象 設備39% 金25% 討伐32% タップ4% → (a)OK
  run37 対象 設備39% 金23% 討伐34% タップ4% → (a)OK
  run38 対象 設備38% 金23% 討伐34% タップ4% → (a)OK
  run39 対象 設備39% 金22% 討伐36% タップ4% → (a)OK
  run40 対象 設備39% 金22% 討伐35% タップ4% → (a)OK
  run41 対象 設備38% 金14% 討伐45% タップ3% → (a)OK
  run42 対象 設備36% 金20% 討伐39% タップ5% → (a)OK
  run43 対象 設備36% 金20% 討伐40% タップ4% → (a)OK
  run44 対象 設備36% 金19% 討伐40% タップ5% → (a)OK
  run45 対象 設備37% 金20% 討伐39% タップ4% → (a)OK
  run46 対象 設備35% 金19% 討伐42% タップ4% → (a)OK
  run47 対象 設備35% 金16% 討伐45% タップ4% → (a)OK
㉘合計: 189/231周回
②(改2・方針間: 得意分野liftの中央値が幾何平均2.00の±1.5倍以内) click=1.49 golden=2.25 hunt=2.88 bake=1.64 → OK
