=== ㉘稼ぎ口比率(100h・周回シェア=各tickシェアの周回平均) ===
balanced(S6 早回し転生型) 4つすべて≥10%: 33/49周回 合格
  run 0 対象 設備8% 金55% 討伐11% タップ26% → (a)NG ②改OK
  run 1 対象 設備15% 金53% 討伐11% タップ21% → (a)OK ②改OK
  run 2 対象 設備11% 金24% 討伐20% タップ45% → (a)OK ②改OK
  run 3 対象 設備8% 金47% 討伐14% タップ31% → (a)NG ②改OK
  run 4 対象 設備8% 金51% 討伐16% タップ25% → (a)NG ②改OK
  run 5 対象 設備8% 金49% 討伐17% タップ26% → (a)NG ②改OK
  run 6 対象 設備15% 金40% 討伐18% タップ27% → (a)OK ②改OK
  run 7 対象 設備16% 金45% 討伐17% タップ22% → (a)OK ②改OK
  run 8 対象 設備15% 金43% 討伐17% タップ25% → (a)OK ②改OK
  run 9 対象 設備15% 金52% 討伐13% タップ20% → (a)OK ②改OK
  run10 対象 設備16% 金49% 討伐14% タップ21% → (a)OK ②改OK
  run11 対象 設備16% 金52% 討伐14% タップ19% → (a)OK ②改OK
  run12 対象 設備19% 金47% 討伐14% タップ20% → (a)OK ②改OK
  run13 対象 設備19% 金47% 討伐14% タップ21% → (a)OK ②改OK
  run14 対象 設備20% 金43% 討伐14% タップ22% → (a)OK ②改OK
  run15 対象 設備20% 金42% 討伐15% タップ23% → (a)OK ②改OK
  run16 対象 設備21% 金39% 討伐16% タップ24% → (a)OK ②改OK
  run17 対象 設備21% 金39% 討伐15% タップ25% → (a)OK ②改OK
  run18 対象 設備21% 金37% 討伐15% タップ26% → (a)OK ②改OK
  run19 対象 設備21% 金40% 討伐12% タップ26% → (a)OK ②改OK
  run20 対象 設備22% 金38% 討伐13% タップ27% → (a)OK ②改OK
  run21 対象 設備19% 金33% 討伐24% タップ25% → (a)OK ②改OK
  run22 対象 設備18% 金31% 討伐26% タップ25% → (a)OK ②改OK
  run23 対象 設備18% 金27% 討伐29% タップ26% → (a)OK ②改OK
  run24 対象 設備17% 金25% 討伐31% タップ27% → (a)OK ②改OK
  run25 対象 設備16% 金22% 討伐34% タップ28% → (a)OK ②改OK
  run26 対象 設備15% 金25% 討伐31% タップ28% → (a)OK ②改OK
  run27 対象 設備15% 金23% 討伐32% タップ30% → (a)OK ②改OK
  run28 対象 設備15% 金22% 討伐32% タップ30% → (a)OK ②改OK
  run29 対象 設備16% 金28% 討伐29% タップ27% → (a)OK ②改OK
  run30 対象 設備15% 金27% 討伐31% タップ27% → (a)OK ②改OK
  run31 対象 設備15% 金27% 討伐30% タップ28% → (a)OK ②改OK
  run32 対象 設備15% 金26% 討伐31% タップ28% → (a)OK ②改OK
  run33 対象 設備16% 金38% 討伐23% タップ23% → (a)OK ②改OK
  run34 対象 設備21% 金36% 討伐35% タップ9% → (a)NG ②改OK
  run35 対象 設備21% 金36% 討伐34% タップ8% → (a)NG ②改OK
  run36 対象 設備21% 金34% 討伐36% タップ8% → (a)NG ②改OK
  run37 対象 設備23% 金35% 討伐33% タップ9% → (a)NG ②改OK
  run38 対象 設備21% 金35% 討伐37% タップ7% → (a)NG ②改OK
  run39 対象 設備21% 金34% 討伐36% タップ9% → (a)NG ②改OK
  run40 対象 設備21% 金32% 討伐38% タップ9% → (a)NG ②改OK
  run41 対象 設備22% 金30% 討伐40% タップ8% → (a)NG ②改OK
  run42 対象 設備20% 金30% 討伐41% タップ9% → (a)NG ②改OK
  run43 対象 設備19% 金27% 討伐45% タップ8% → (a)NG ②改OK
  run44 対象 設備19% 金26% 討伐44% タップ11% → (a)OK ②改OK
  run45 対象 設備19% 金29% 討伐44% タップ8% → (a)NG ②改OK
  run46 対象 設備19% 金23% 討伐50% タップ8% → (a)NG ②改OK
  run47 対象 設備18% 金25% 討伐45% タップ12% → (a)OK ②改OK
  run48 対象 設備16% 金26% 討伐45% タップ12% → (a)OK ②改OK
click(S2 クリック会心型) 主役=タップ≥30%: 27/49周回 合格
  run 0 対象 設備5% 金50% 討伐13% タップ32% → (a)OK ②改OK
  run 1 対象 設備12% 金52% 討伐10% タップ26% → (a)NG ②改OK
  run 2 対象 設備5% 金14% 討伐23% タップ58% → (a)OK ②改NG
  run 3 対象 設備8% 金33% 討伐16% タップ42% → (a)OK ②改OK
  run 4 対象 設備15% 金30% 討伐19% タップ35% → (a)OK ②改OK
  run 5 対象 設備19% 金31% 討伐18% タップ32% → (a)OK ②改OK
  run 6 対象 設備29% 金26% 討伐17% タップ28% → (a)NG ②改OK
  run 7 対象 設備33% 金24% 討伐15% タップ27% → (a)NG ②改OK
  run 8 対象 設備36% 金22% 討伐15% タップ27% → (a)NG ②改OK
  run 9 対象 設備30% 金28% 討伐13% タップ29% → (a)NG ②改OK
  run10 対象 設備29% 金29% 討伐12% タップ30% → (a)NG ②改OK
  run11 対象 設備33% 金26% 討伐12% タップ29% → (a)NG ②改OK
  run12 対象 設備30% 金25% 討伐11% タップ34% → (a)OK ②改OK
  run13 対象 設備30% 金23% 討伐10% タップ37% → (a)OK ②改OK
  run14 対象 設備32% 金21% 討伐10% タップ36% → (a)OK ②改OK
  run15 対象 設備34% 金20% 討伐11% タップ35% → (a)OK ②改OK
  run16 対象 設備33% 金21% 討伐9% タップ37% → (a)OK ②改OK
  run17 対象 設備33% 金19% 討伐10% タップ37% → (a)OK ②改OK
  run18 対象 設備31% 金18% 討伐10% タップ41% → (a)OK ②改OK
  run19 対象 設備29% 金20% 討伐8% タップ43% → (a)OK ②改OK
  run20 対象 設備30% 金19% 討伐9% タップ41% → (a)OK ②改OK
  run21 対象 設備27% 金16% 討伐14% タップ43% → (a)OK ②改OK
  run22 対象 設備28% 金16% 討伐15% タップ41% → (a)OK ②改OK
  run23 対象 設備27% 金13% 討伐18% タップ41% → (a)OK ②改OK
  run24 対象 設備25% 金13% 討伐18% タップ43% → (a)OK ②改OK
  run25 対象 設備22% 金12% 討伐19% タップ47% → (a)OK ②改OK
  run26 対象 設備20% 金15% 討伐16% タップ49% → (a)OK ②改OK
  run27 対象 設備19% 金14% 討伐17% タップ50% → (a)OK ②改OK
  run28 対象 設備19% 金14% 討伐16% タップ51% → (a)OK ②改OK
  run29 対象 設備19% 金11% 討伐18% タップ52% → (a)OK ②改NG
  run30 対象 設備19% 金11% 討伐19% タップ51% → (a)OK ②改OK
  run31 対象 設備19% 金11% 討伐19% タップ51% → (a)OK ②改OK
  run32 対象 設備18% 金11% 討伐17% タップ53% → (a)OK ②改NG
  run33 対象 設備21% 金14% 討伐19% タップ46% → (a)OK ②改OK
  run34 対象 設備32% 金16% 討伐38% タップ14% → (a)NG ②改OK
  run35 対象 設備29% 金15% 討伐34% タップ22% → (a)NG ②改OK
  run36 対象 設備29% 金14% 討伐36% タップ20% → (a)NG ②改OK
  run37 対象 設備29% 金15% 討伐35% タップ21% → (a)NG ②改OK
  run38 対象 設備32% 金18% 討伐34% タップ16% → (a)NG ②改OK
  run39 対象 設備32% 金18% 討伐34% タップ15% → (a)NG ②改OK
  run40 対象 設備32% 金18% 討伐34% タップ16% → (a)NG ②改OK
  run41 対象 設備33% 金19% 討伐34% タップ14% → (a)NG ②改OK
  run42 対象 設備31% 金17% 討伐34% タップ18% → (a)NG ②改OK
  run43 対象 設備34% 金17% 討伐35% タップ15% → (a)NG ②改OK
  run44 対象 設備33% 金17% 討伐35% タップ15% → (a)NG ②改OK
  run45 対象 設備34% 金14% 討伐38% タップ14% → (a)NG ②改OK
  run46 対象 設備32% 金12% 討伐39% タップ17% → (a)NG ②改OK
  run47 対象 設備30% 金13% 討伐37% タップ19% → (a)NG ②改OK
  run48 対象 設備30% 金13% 討伐38% タップ19% → (a)NG ②改OK
golden(S3 金クッキー特化型) 主役=金クッキー≥30%: 40/44周回 合格
  run 0 対象外 設備8% 金43% 討伐17% タップ32%
  run 1 対象外 設備14% 金51% 討伐13% タップ22%
  run 2 対象外 設備12% 金32% 討伐22% タップ35%
  run 3 対象外 設備9% 金53% 討伐15% タップ24%
  run 4 対象 設備7% 金57% 討伐16% タップ19% → (a)OK ②改NG
  run 5 対象 設備10% 金50% 討伐18% タップ22% → (a)OK ②改OK
  run 6 対象 設備11% 金53% 討伐17% タップ19% → (a)OK ②改NG
  run 7 対象 設備10% 金46% 討伐23% タップ21% → (a)OK ②改OK
  run 8 対象 設備11% 金51% 討伐22% タップ17% → (a)OK ②改OK
  run 9 対象 設備10% 金51% 討伐24% タップ15% → (a)OK ②改OK
  run10 対象 設備12% 金49% 討伐23% タップ16% → (a)OK ②改OK
  run11 対象 設備13% 金50% 討伐23% タップ15% → (a)OK ②改OK
  run12 対象 設備13% 金47% 討伐25% タップ14% → (a)OK ②改OK
  run13 対象 設備16% 金47% 討伐25% タップ12% → (a)OK ②改OK
  run14 対象 設備16% 金47% 討伐24% タップ12% → (a)OK ②改OK
  run15 対象 設備19% 金45% 討伐24% タップ12% → (a)OK ②改OK
  run16 対象 設備18% 金45% 討伐26% タップ12% → (a)OK ②改OK
  run17 対象 設備19% 金43% 討伐26% タップ11% → (a)OK ②改OK
  run18 対象 設備20% 金45% 討伐25% タップ10% → (a)OK ②改OK
  run19 対象 設備20% 金48% 討伐22% タップ9% → (a)OK ②改OK
  run20 対象 設備16% 金42% 討伐34% タップ9% → (a)OK ②改OK
  run21 対象 設備17% 金37% 討伐38% タップ8% → (a)OK ②改OK
  run22 対象 設備16% 金31% 討伐45% タップ8% → (a)OK ②改OK
  run23 対象 設備15% 金28% 討伐50% タップ7% → (a)NG ②改OK
  run24 対象 設備14% 金24% 討伐55% タップ7% → (a)NG ②改OK
  run25 対象 設備12% 金29% 討伐55% タップ4% → (a)NG ②改OK
  run26 対象 設備11% 金27% 討伐58% タップ4% → (a)NG ②改OK
  run27 対象 設備30% 金60% 討伐2% タップ8% → (a)OK ②改NG
  run28 対象 設備31% 金59% 討伐2% タップ9% → (a)OK ②改NG
  run29 対象 設備31% 金59% 討伐1% タップ9% → (a)OK ②改NG
  run30 対象 設備31% 金58% 討伐1% タップ9% → (a)OK ②改NG
  run31 対象 設備32% 金58% 討伐1% タップ9% → (a)OK ②改NG
  run32 対象 設備32% 金58% 討伐1% タップ9% → (a)OK ②改NG
  run33 対象 設備37% 金58% 討伐2% タップ4% → (a)OK ②改NG
  run34 対象 設備37% 金58% 討伐1% タップ4% → (a)OK ②改NG
  run35 対象 設備38% 金57% 討伐1% タップ3% → (a)OK ②改NG
  run36 対象 設備39% 金56% 討伐1% タップ3% → (a)OK ②改NG
  run37 対象 設備39% 金56% 討伐1% タップ3% → (a)OK ②改NG
  run38 対象 設備39% 金56% 討伐1% タップ3% → (a)OK ②改NG
  run39 対象 設備40% 金56% 討伐1% タップ3% → (a)OK ②改NG
  run40 対象 設備40% 金55% 討伐1% タップ3% → (a)OK ②改NG
  run41 対象 設備43% 金53% 討伐1% タップ3% → (a)OK ②改NG
  run42 対象 設備39% 金56% 討伐1% タップ3% → (a)OK ②改NG
  run43 対象 設備40% 金55% 討伐1% タップ3% → (a)OK ②改NG
  run44 対象 設備41% 金54% 討伐1% タップ3% → (a)OK ②改NG
  run45 対象 設備17% 金35% 討伐44% タップ3% → (a)OK ②改OK
  run46 対象 設備21% 金41% 討伐34% タップ4% → (a)OK ②改OK
  run47 対象 設備19% 金38% 討伐39% タップ4% → (a)OK ②改OK
