=== ㉘稼ぎ口比率(100h・周回シェア=各tickシェアの周回平均) ===
balanced(S6 早回し転生型) 4つすべて≥10%: 30/48周回 合格
  run 0 対象 設備13% 金67% 討伐8% タップ12% → (a)NG
  run 1 対象 設備19% 金56% 討伐9% タップ16% → (a)NG
  run 2 対象 設備10% 金33% 討伐16% タップ40% → (a)OK
  run 3 対象 設備9% 金41% 討伐14% タップ36% → (a)NG
  run 4 対象 設備8% 金53% 討伐11% タップ28% → (a)NG
  run 5 対象 設備7% 金58% 討伐13% タップ22% → (a)NG
  run 6 対象 設備14% 金47% 討伐14% タップ24% → (a)OK
  run 7 対象 設備15% 金46% 討伐14% タップ25% → (a)OK
  run 8 対象 設備14% 金54% 討伐11% タップ22% → (a)OK
  run 9 対象 設備15% 金54% 討伐10% タップ21% → (a)NG
  run10 対象 設備16% 金51% 討伐11% タップ23% → (a)OK
  run11 対象 設備16% 金51% 討伐11% タップ22% → (a)OK
  run12 対象 設備16% 金50% 討伐11% タップ23% → (a)OK
  run13 対象 設備18% 金46% 討伐10% タップ27% → (a)OK
  run14 対象 設備18% 金44% 討伐10% タップ27% → (a)OK
  run15 対象 設備18% 金42% 討伐10% タップ30% → (a)OK
  run16 対象 設備18% 金39% 討伐11% タップ32% → (a)OK
  run17 対象 設備18% 金36% 討伐11% タップ34% → (a)OK
  run18 対象 設備18% 金39% 討伐9% タップ34% → (a)NG
  run19 対象 設備18% 金38% 討伐9% タップ35% → (a)NG
  run20 対象 設備16% 金32% 討伐18% タップ34% → (a)OK
  run21 対象 設備16% 金28% 討伐21% タップ35% → (a)OK
  run22 対象 設備15% 金24% 討伐24% タップ36% → (a)OK
  run23 対象 設備15% 金21% 討伐26% タップ38% → (a)OK
  run24 対象 設備14% 金21% 討伐26% タップ39% → (a)OK
  run25 対象 設備13% 金23% 討伐24% タップ39% → (a)OK
  run26 対象 設備13% 金22% 討伐24% タップ41% → (a)OK
  run27 対象 設備13% 金21% 討伐25% タップ42% → (a)OK
  run28 対象 設備13% 金26% 討伐22% タップ39% → (a)OK
  run29 対象 設備13% 金25% 討伐23% タップ39% → (a)OK
  run30 対象 設備13% 金25% 討伐23% タップ39% → (a)OK
  run31 対象 設備13% 金24% 討伐24% タップ40% → (a)OK
  run32 対象 設備13% 金23% 討伐23% タップ41% → (a)OK
  run33 対象 設備21% 金39% 討伐32% タップ8% → (a)NG
  run34 対象 設備21% 金36% 討伐34% タップ9% → (a)NG
  run35 対象 設備22% 金34% 討伐34% タップ10% → (a)OK
  run36 対象 設備23% 金35% 討伐32% タップ9% → (a)NG
  run37 対象 設備21% 金34% 討伐37% タップ9% → (a)NG
  run38 対象 設備22% 金33% 討伐36% タップ9% → (a)NG
  run39 対象 設備21% 金36% 討伐36% タップ8% → (a)NG
  run40 対象 設備21% 金32% 討伐38% タップ9% → (a)NG
  run41 対象 設備21% 金31% 討伐38% タップ10% → (a)OK
  run42 対象 設備20% 金25% 討伐46% タップ9% → (a)NG
  run43 対象 設備19% 金26% 討伐44% タップ10% → (a)OK
  run44 対象 設備19% 金27% 討伐45% タップ9% → (a)NG
  run45 対象 設備20% 金31% 討伐39% タップ10% → (a)OK
  run46 対象 設備17% 金27% 討伐43% タップ13% → (a)OK
  run47 対象 設備20% 金24% 討伐46% タップ10% → (a)NG
click(S2 クリック会心型) 主役=タップ≥25%: 31/48周回 合格
  run 0 対象 設備8% 金66% 討伐8% タップ18% → (a)NG
  run 1 対象 設備13% 金57% 討伐8% タップ22% → (a)NG
  run 2 対象 設備4% 金29% 討伐17% タップ50% → (a)OK
  run 3 対象 設備8% 金32% 討伐15% タップ45% → (a)OK
  run 4 対象 設備15% 金38% 討伐12% タップ35% → (a)OK
  run 5 対象 設備17% 金38% 討伐14% タップ30% → (a)OK
  run 6 対象 設備30% 金30% 討伐13% タップ26% → (a)OK
  run 7 対象 設備34% 金26% 討伐12% タップ28% → (a)OK
  run 8 対象 設備32% 金31% 討伐10% タップ28% → (a)OK
  run 9 対象 設備31% 金29% 討伐10% タップ31% → (a)OK
  run10 対象 設備33% 金28% 討伐9% タップ30% → (a)OK
  run11 対象 設備33% 金25% 討伐9% タップ33% → (a)OK
  run12 対象 設備34% 金25% 討伐9% タップ33% → (a)OK
  run13 対象 設備32% 金24% 討伐7% タップ37% → (a)OK
  run14 対象 設備33% 金23% 討伐8% タップ37% → (a)OK
  run15 対象 設備34% 金20% 討伐8% タップ37% → (a)OK
  run16 対象 設備33% 金21% 討伐7% タップ40% → (a)OK
  run17 対象 設備31% 金19% 討伐7% タップ43% → (a)OK
  run18 対象 設備30% 金20% 討伐7% タップ44% → (a)OK
  run19 対象 設備30% 金21% 討伐6% タップ43% → (a)OK
  run20 対象 設備26% 金18% 討伐12% タップ44% → (a)OK
  run21 対象 設備29% 金15% 討伐13% タップ43% → (a)OK
  run22 対象 設備28% 金14% 討伐15% タップ44% → (a)OK
  run23 対象 設備26% 金12% 討伐16% タップ46% → (a)OK
  run24 対象 設備24% 金12% 討伐16% タップ49% → (a)OK
  run25 対象 設備20% 金15% 討伐14% タップ50% → (a)OK
  run26 対象 設備20% 金14% 討伐14% タップ52% → (a)OK
  run27 対象 設備20% 金13% 討伐14% タップ52% → (a)OK
  run28 対象 設備19% 金12% 討伐15% タップ53% → (a)OK
  run29 対象 設備19% 金12% 討伐16% タップ53% → (a)OK
  run30 対象 設備19% 金12% 討伐16% タップ53% → (a)OK
  run31 対象 設備19% 金12% 討伐15% タップ55% → (a)OK
  run32 対象 設備22% 金14% 討伐17% タップ48% → (a)OK
  run33 対象 設備33% 金14% 討伐33% タップ19% → (a)NG
  run34 対象 設備33% 金17% 討伐33% タップ17% → (a)NG
  run35 対象 設備35% 金17% 討伐34% タップ14% → (a)NG
  run36 対象 設備32% 金15% 討伐33% タップ20% → (a)NG
  run37 対象 設備34% 金18% 討伐32% タップ16% → (a)NG
  run38 対象 設備33% 金17% 討伐32% タップ18% → (a)NG
  run39 対象 設備35% 金18% 討伐32% タップ15% → (a)NG
  run40 対象 設備37% 金19% 討伐32% タップ12% → (a)NG
  run41 対象 設備36% 金18% 討伐32% タップ15% → (a)NG
  run42 対象 設備36% 金18% 討伐32% タップ14% → (a)NG
  run43 対象 設備36% 金18% 討伐32% タップ14% → (a)NG
  run44 対象 設備36% 金14% 討伐35% タップ15% → (a)NG
  run45 対象 設備34% 金16% 討伐33% タップ17% → (a)NG
  run46 対象 設備36% 金13% 討伐36% タップ15% → (a)NG
  run47 対象 設備36% 金13% 討伐36% タップ16% → (a)NG
golden(S3 金クッキー特化型) 主役=金クッキー≥25%: 44/44周回 合格
  run 0 対象外 設備13% 金60% 討伐11% タップ16%
  run 1 対象外 設備12% 金58% 討伐12% タップ18%
  run 2 対象外 設備12% 金36% 討伐18% タップ34%
  run 3 対象外 設備9% 金54% 討伐13% タップ24%
  run 4 対象 設備7% 金64% 討伐12% タップ17% → (a)OK
  run 5 対象 設備9% 金56% 討伐15% タップ20% → (a)OK
  run 6 対象 設備11% 金56% 討伐14% タップ19% → (a)OK
  run 7 対象 設備10% 金52% 討伐19% タップ20% → (a)OK
  run 8 対象 設備11% 金57% 討伐18% タップ14% → (a)OK
  run 9 対象 設備12% 金56% 討伐20% タップ12% → (a)OK
  run10 対象 設備12% 金55% 討伐19% タップ13% → (a)OK
  run11 対象 設備14% 金52% 討伐20% タップ14% → (a)OK
  run12 対象 設備14% 金52% 討伐20% タップ14% → (a)OK
  run13 対象 設備16% 金52% 討伐20% タップ12% → (a)OK
  run14 対象 設備18% 金49% 討伐22% タップ11% → (a)OK
  run15 対象 設備20% 金46% 討伐22% タップ12% → (a)OK
  run16 対象 設備20% 金46% 討伐23% タップ11% → (a)OK
  run17 対象 設備20% 金45% 討伐24% タップ11% → (a)OK
  run18 対象 設備20% 金49% 討伐22% タップ10% → (a)OK
  run19 対象 設備20% 金51% 討伐21% タップ9% → (a)OK
  run20 対象 設備17% 金43% 討伐32% タップ8% → (a)OK
  run21 対象 設備17% 金39% 討伐37% タップ8% → (a)OK
  run22 対象 設備16% 金34% 討伐44% タップ7% → (a)OK
  run23 対象 設備15% 金30% 討伐49% タップ7% → (a)OK
  run24 対象 設備14% 金27% 討伐53% タップ6% → (a)OK
  run25 対象 設備13% 金30% 討伐54% タップ4% → (a)OK
  run26 対象 設備12% 金28% 討伐56% タップ4% → (a)OK
  run27 対象 設備30% 金60% 討伐1% タップ8% → (a)OK
  run28 対象 設備31% 金60% 討伐1% タップ8% → (a)OK
  run29 対象 設備31% 金60% 討伐1% タップ8% → (a)OK
  run30 対象 設備31% 金59% 討伐1% タップ9% → (a)OK
  run31 対象 設備31% 金60% 討伐1% タップ8% → (a)OK
  run32 対象 設備32% 金58% 討伐1% タップ9% → (a)OK
  run33 対象 設備37% 金60% 討伐1% タップ3% → (a)OK
  run34 対象 設備37% 金60% 討伐1% タップ2% → (a)OK
  run35 対象 設備38% 金58% 討伐1% タップ3% → (a)OK
  run36 対象 設備39% 金57% 討伐1% タップ2% → (a)OK
  run37 対象 設備39% 金58% 討伐1% タップ2% → (a)OK
  run38 対象 設備39% 金58% 討伐1% タップ3% → (a)OK
  run39 対象 設備40% 金57% 討伐1% タップ2% → (a)OK
  run40 対象 設備41% 金56% 討伐1% タップ2% → (a)OK
  run41 対象 設備42% 金54% 討伐1% タップ2% → (a)OK
  run42 対象 設備41% 金56% 討伐1% タップ2% → (a)OK
  run43 対象 設備40% 金56% 討伐1% タップ2% → (a)OK
  run44 対象 設備41% 金56% 討伐1% タップ2% → (a)OK
  run45 対象 設備17% 金36% 討伐44% タップ2% → (a)OK
  run46 対象 設備20% 金41% 討伐37% タップ3% → (a)OK
  run47 対象 設備17% 金42% 討伐37% タップ3% → (a)OK
hunt(S4 狩猟特化型) 主役=討伐由来≥25%: 43/43周回 合格
  run 0 対象外 設備21% 金69% 討伐5% タップ6%
  run 1 対象外 設備2% 金48% 討伐27% タップ23%
  run 2 対象外 設備5% 金42% 討伐34% タップ19%
  run 3 対象外 設備5% 金56% 討伐24% タップ15%
  run 4 対象外 設備4% 金65% 討伐23% タップ8%
  run 5 対象 設備4% 金52% 討伐36% タップ9% → (a)OK
  run 6 対象 設備6% 金51% 討伐35% タップ8% → (a)OK
  run 7 対象 設備7% 金43% 討伐42% タップ8% → (a)OK
  run 8 対象 設備8% 金46% 討伐40% タップ6% → (a)OK
  run 9 対象 設備9% 金45% 討伐40% タップ5% → (a)OK
  run10 対象 設備10% 金43% 討伐41% タップ6% → (a)OK
  run11 対象 設備11% 金42% 討伐42% タップ6% → (a)OK
  run12 対象 設備11% 金42% 討伐41% タップ6% → (a)OK
  run13 対象 設備13% 金40% 討伐41% タップ5% → (a)OK
  run14 対象 設備14% 金39% 討伐41% タップ6% → (a)OK
  run15 対象 設備15% 金39% 討伐40% タップ6% → (a)OK
  run16 対象 設備18% 金42% 討伐31% タップ9% → (a)OK
  run17 対象 設備17% 金36% 討伐41% タップ7% → (a)OK
  run18 対象 設備17% 金36% 討伐40% タップ7% → (a)OK
  run19 対象 設備17% 金38% 討伐38% タップ7% → (a)OK
  run20 対象 設備16% 金40% 討伐36% タップ7% → (a)OK
  run21 対象 設備11% 金28% 討伐57% タップ4% → (a)OK
  run22 対象 設備10% 金24% 討伐62% タップ4% → (a)OK
  run23 対象 設備9% 金20% 討伐67% タップ4% → (a)OK
  run24 対象 設備10% 金22% 討伐63% タップ5% → (a)OK
  run25 対象 設備8% 金18% 討伐71% タップ3% → (a)OK
  run26 対象 設備7% 金16% 討伐73% タップ3% → (a)OK
  run27 対象 設備7% 金12% 討伐77% タップ4% → (a)OK
  run28 対象 設備8% 金16% 討伐72% タップ4% → (a)OK
  run29 対象 設備7% 金11% 討伐77% タップ4% → (a)OK
  run30 対象 設備7% 金11% 討伐78% タップ4% → (a)OK
  run31 対象 設備7% 金11% 討伐78% タップ4% → (a)OK
  run32 対象 設備9% 金17% 討伐69% タップ4% → (a)OK
  run33 対象 設備7% 金11% 討伐80% タップ2% → (a)OK
  run34 対象 設備7% 金12% 討伐80% タップ1% → (a)OK
  run35 対象 設備7% 金11% 討伐81% タップ1% → (a)OK
  run36 対象 設備9% 金18% 討伐70% タップ3% → (a)OK
  run37 対象 設備8% 金17% 討伐73% タップ2% → (a)OK
  run38 対象 設備7% 金16% 討伐75% タップ2% → (a)OK
  run39 対象 設備7% 金9% 討伐80% タップ4% → (a)OK
  run40 対象 設備10% 金17% 討伐68% タップ4% → (a)OK
  run41 対象 設備6% 金9% 討伐83% タップ3% → (a)OK
  run42 対象 設備6% 金8% 討伐83% タップ3% → (a)OK
  run43 対象 設備6% 金8% 討伐82% タップ3% → (a)OK
  run44 対象 設備14% 金24% 討伐58% タップ4% → (a)OK
  run45 対象 設備6% 金8% 討伐82% タップ3% → (a)OK
  run46 対象 設備6% 金9% 討伐82% タップ3% → (a)OK
  run47 対象 設備11% 金38% 討伐35% タップ16% → (a)OK
bake(S1 バランス効率型) 主役=設備生産≥25%: 41/48周回 合格
  run 0 対象 設備12% 金70% 討伐7% タップ10% → (a)NG
  run 1 対象 設備16% 金61% 討伐9% タップ15% → (a)NG
  run 2 対象 設備11% 金39% 討伐15% タップ35% → (a)NG
  run 3 対象 設備9% 金56% 討伐10% タップ25% → (a)NG
  run 4 対象 設備7% 金64% 討伐10% タップ19% → (a)NG
  run 5 対象 設備7% 金60% 討伐13% タップ20% → (a)NG
  run 6 対象 設備22% 金45% 討伐12% タップ20% → (a)NG
  run 7 対象 設備31% 金41% 討伐12% タップ17% → (a)OK
  run 8 対象 設備32% 金45% 討伐10% タップ13% → (a)OK
  run 9 対象 設備35% 金42% 討伐10% タップ13% → (a)OK
  run10 対象 設備36% 金40% 討伐11% タップ13% → (a)OK
  run11 対象 設備39% 金38% 討伐11% タップ12% → (a)OK
  run12 対象 設備40% 金37% 討伐11% タップ13% → (a)OK
  run13 対象 設備45% 金33% 討伐10% タップ11% → (a)OK
  run14 対象 設備46% 金33% 討伐10% タップ10% → (a)OK
  run15 対象 設備48% 金30% 討伐11% タップ11% → (a)OK
  run16 対象 設備48% 金31% 討伐11% タップ10% → (a)OK
  run17 対象 設備51% 金29% 討伐10% タップ10% → (a)OK
  run18 対象 設備50% 金31% 討伐10% タップ9% → (a)OK
  run19 対象 設備49% 金33% 討伐9% タップ9% → (a)OK
  run20 対象 設備43% 金27% 討伐22% タップ7% → (a)OK
  run21 対象 設備42% 金25% 討伐26% タップ7% → (a)OK
  run22 対象 設備41% 金21% 討伐31% タップ7% → (a)OK
  run23 対象 設備39% 金19% 討伐35% タップ7% → (a)OK
  run24 対象 設備38% 金17% 討伐38% タップ7% → (a)OK
  run25 対象 設備37% 金19% 討伐38% タップ6% → (a)OK
  run26 対象 設備36% 金18% 討伐40% タップ6% → (a)OK
  run27 対象 設備41% 金31% 討伐22% タップ6% → (a)OK
  run28 対象 設備43% 金32% 討伐18% タップ6% → (a)OK
  run29 対象 設備41% 金32% 討伐21% タップ6% → (a)OK
  run30 対象 設備42% 金32% 討伐20% タップ6% → (a)OK
  run31 対象 設備46% 金32% 討伐15% タップ6% → (a)OK
  run32 対象 設備38% 金30% 討伐27% タップ5% → (a)OK
  run33 対象 設備39% 金26% 討伐32% タップ4% → (a)OK
  run34 対象 設備38% 金26% 討伐33% タップ3% → (a)OK
  run35 対象 設備37% 金23% 討伐36% タップ4% → (a)OK
  run36 対象 設備41% 金22% 討伐32% タップ4% → (a)OK
  run37 対象 設備38% 金23% 討伐35% タップ4% → (a)OK
  run38 対象 設備37% 金23% 討伐35% タップ4% → (a)OK
  run39 対象 設備37% 金23% 討伐36% タップ4% → (a)OK
  run40 対象 設備38% 金21% 討伐38% タップ4% → (a)OK
  run41 対象 設備35% 金14% 討伐48% タップ3% → (a)OK
  run42 対象 設備33% 金19% 討伐44% タップ4% → (a)OK
  run43 対象 設備34% 金19% 討伐41% タップ5% → (a)OK
  run44 対象 設備35% 金18% 討伐42% タップ5% → (a)OK
  run45 対象 設備35% 金19% 討伐41% タップ5% → (a)OK
  run46 対象 設備33% 金18% 討伐45% タップ3% → (a)OK
  run47 対象 設備33% 金16% 討伐46% タップ4% → (a)OK
㉘合計: 189/231周回
②(改2・方針間: 得意分野liftの中央値が幾何平均2.01の±1.5倍以内) click=1.49 golden=2.25 hunt=3.03(帯外) bake=1.60 → NG
