=== ㉘稼ぎ口比率(100h・周回シェア=各tickシェアの周回平均) ===
balanced(S6 早回し転生型) 4つすべて≥10%: 2/26周回 合格
  run 0 対象 設備8% 金53% 討伐26% タップ13% → (a)NG
  run 1 対象 設備11% 金61% 討伐19% タップ9% → (a)NG
  run 2 対象 設備15% 金55% 討伐23% タップ7% → (a)NG
  run 3 対象 設備16% 金45% 討伐33% タップ6% → (a)NG
  run 4 対象 設備19% 金43% 討伐32% タップ5% → (a)NG
  run 5 対象 設備24% 金42% 討伐30% タップ5% → (a)NG
  run 6 対象 設備28% 金43% 討伐25% タップ4% → (a)NG
  run 7 対象 設備31% 金43% 討伐21% タップ5% → (a)NG
  run 8 対象 設備29% 金36% 討伐14% タップ21% → (a)OK
  run 9 対象 設備26% 金29% 討伐10% タップ34% → (a)OK
  run10 対象 設備23% 金22% 討伐8% タップ46% → (a)NG
  run11 対象 設備20% 金15% 討伐7% タップ58% → (a)NG
  run12 対象 設備20% 金14% 討伐6% タップ61% → (a)NG
  run13 対象 設備20% 金13% 討伐5% タップ62% → (a)NG
  run14 対象 設備20% 金12% 討伐5% タップ63% → (a)NG
  run15 対象 設備22% 金28% 討伐5% タップ45% → (a)NG
  run16 対象 設備22% 金23% 討伐5% タップ51% → (a)NG
  run17 対象 設備22% 金28% 討伐6% タップ45% → (a)NG
  run18 対象 設備45% 金43% 討伐12% タップ1% → (a)NG
  run19 対象 設備44% 金41% 討伐15% タップ1% → (a)NG
  run20 対象 設備43% 金39% 討伐17% タップ1% → (a)NG
  run21 対象 設備41% 金39% 討伐20% タップ1% → (a)NG
  run22 対象 設備31% 金17% 討伐52% タップ0% → (a)NG
  run23 対象 設備41% 金33% 討伐26% タップ0% → (a)NG
  run24 対象 設備38% 金28% 討伐34% タップ1% → (a)NG
  run25 対象 設備25% 金34% 討伐40% タップ1% → (a)NG
click(S2 クリック会心型) 主役=タップ≥25%: 10/28周回 合格
  run 0 対象 設備11% 金57% 討伐11% タップ21% → (a)NG
  run 1 対象 設備16% 金65% 討伐7% タップ12% → (a)NG
  run 2 対象 設備22% 金59% 討伐9% タップ10% → (a)NG
  run 3 対象 設備27% 金50% 討伐13% タップ10% → (a)NG
  run 4 対象 設備31% 金49% 討伐13% タップ8% → (a)NG
  run 5 対象 設備37% 金41% 討伐13% タップ9% → (a)NG
  run 6 対象 設備43% 金37% 討伐12% タップ8% → (a)NG
  run 7 対象 設備46% 金40% 討伐8% タップ7% → (a)NG
  run 8 対象 設備43% 金36% 討伐4% タップ17% → (a)NG
  run 9 対象 設備42% 金30% 討伐3% タップ24% → (a)NG
  run10 対象 設備37% 金20% 討伐2% タップ41% → (a)OK
  run11 対象 設備36% 金15% 討伐2% タップ47% → (a)OK
  run12 対象 設備36% 金11% 討伐2% タップ51% → (a)OK
  run13 対象 設備37% 金11% 討伐1% タップ51% → (a)OK
  run14 対象 設備38% 金9% 討伐5% タップ47% → (a)OK
  run15 対象 設備39% 金9% 討伐3% タップ49% → (a)OK
  run16 対象 設備40% 金9% 討伐3% タップ48% → (a)OK
  run17 対象 設備43% 金8% 討伐3% タップ46% → (a)OK
  run18 対象 設備45% 金8% 討伐1% タップ46% → (a)OK
  run19 対象 設備43% 金7% 討伐1% タップ49% → (a)OK
  run20 対象 設備73% 金16% 討伐2% タップ9% → (a)NG
  run21 対象 設備72% 金17% 討伐2% タップ9% → (a)NG
  run22 対象 設備72% 金17% 討伐3% タップ8% → (a)NG
  run23 対象 設備72% 金17% 討伐3% タップ8% → (a)NG
  run24 対象 設備73% 金15% 討伐4% タップ8% → (a)NG
  run25 対象 設備72% 金15% 討伐4% タップ8% → (a)NG
  run26 対象 設備72% 金15% 討伐5% タップ7% → (a)NG
  run27 対象 設備77% 金10% 討伐10% タップ4% → (a)NG
golden(S3 金クッキー特化型) 主役=金クッキー≥25%: 23/25周回 合格
  run 0 対象 設備6% 金78% 討伐6% タップ10% → (a)OK
  run 1 対象 設備12% 金74% 討伐9% タップ6% → (a)OK
  run 2 対象 設備19% 金60% 討伐15% タップ6% → (a)OK
  run 3 対象 設備20% 金52% 討伐23% タップ5% → (a)OK
  run 4 対象 設備21% 金44% 討伐30% タップ5% → (a)OK
  run 5 対象 設備24% 金44% 討伐29% タップ3% → (a)OK
  run 6 対象 設備28% 金44% 討伐27% タップ2% → (a)OK
  run 7 対象 設備28% 金42% 討伐28% タップ2% → (a)OK
  run 8 対象 設備30% 金38% 討伐26% タップ5% → (a)OK
  run 9 対象 設備31% 金35% 討伐26% タップ9% → (a)OK
  run10 対象 設備33% 金30% 討伐23% タップ14% → (a)OK
  run11 対象 設備34% 金26% 討伐24% タップ16% → (a)OK
  run12 対象 設備36% 金25% 討伐22% タップ17% → (a)NG
  run13 対象 設備37% 金24% 討伐22% タップ18% → (a)NG
  run14 対象 設備48% 金28% 討伐0% タップ24% → (a)OK
  run15 対象 設備42% 金41% 討伐1% タップ16% → (a)OK
  run16 対象 設備50% 金49% 討伐1% タップ1% → (a)OK
  run17 対象 設備51% 金47% 討伐0% タップ1% → (a)OK
  run18 対象 設備52% 金46% 討伐0% タップ1% → (a)OK
  run19 対象 設備54% 金45% 討伐0% タップ1% → (a)OK
  run20 対象 設備55% 金44% 討伐0% タップ1% → (a)OK
  run21 対象 設備56% 金44% 討伐0% タップ1% → (a)OK
  run22 対象 設備56% 金43% 討伐0% タップ1% → (a)OK
  run23 対象 設備29% 金40% 討伐30% タップ1% → (a)OK
  run24 対象 設備19% 金53% 討伐26% タップ2% → (a)OK
hunt(S4 狩猟特化型) 主役=討伐由来≥25%: 26/27周回 合格
  run 0 対象 設備3% 金76% 討伐10% タップ11% → (a)NG
  run 1 対象 設備14% 金52% 討伐30% タップ5% → (a)OK
  run 2 対象 設備16% 金46% 討伐34% タップ4% → (a)OK
  run 3 対象 設備18% 金41% 討伐39% タップ3% → (a)OK
  run 4 対象 設備21% 金39% 討伐38% タップ2% → (a)OK
  run 5 対象 設備23% 金36% 討伐40% タップ1% → (a)OK
  run 6 対象 設備26% 金34% 討伐38% タップ2% → (a)OK
  run 7 対象 設備25% 金29% 討伐36% タップ10% → (a)OK
  run 8 対象 設備26% 金26% 討伐34% タップ14% → (a)OK
  run 9 対象 設備27% 金22% 討伐32% タップ19% → (a)OK
  run10 対象 設備28% 金20% 討伐30% タップ22% → (a)OK
  run11 対象 設備29% 金19% 討伐29% タップ23% → (a)OK
  run12 対象 設備30% 金18% 討伐28% タップ24% → (a)OK
  run13 対象 設備30% 金17% 討伐28% タップ25% → (a)OK
  run14 対象 設備32% 金16% 討伐27% タップ25% → (a)OK
  run15 対象 設備31% 金15% 討伐29% タップ24% → (a)OK
  run16 対象 設備32% 金15% 討伐29% タップ24% → (a)OK
  run17 対象 設備34% 金14% 討伐26% タップ25% → (a)OK
  run18 対象 設備42% 金17% 討伐33% タップ8% → (a)OK
  run19 対象 設備38% 金27% 討伐35% タップ0% → (a)OK
  run20 対象 設備40% 金25% 討伐35% タップ0% → (a)OK
  run21 対象 設備32% 金12% 討伐41% タップ15% → (a)OK
  run22 対象 設備29% 金11% 討伐46% タップ14% → (a)OK
  run23 対象 設備27% 金9% 討伐52% タップ12% → (a)OK
  run24 対象 設備25% 金8% 討伐56% タップ10% → (a)OK
  run25 対象 設備22% 金7% 討伐62% タップ9% → (a)OK
  run26 対象 設備15% 金5% 討伐78% タップ1% → (a)OK
bake(S1 バランス効率型) 主役=設備生産≥25%: 24/25周回 合格
  run 0 対象 設備10% 金67% 討伐8% タップ14% → (a)NG
  run 1 対象 設備30% 金55% 討伐6% タップ9% → (a)OK
  run 2 対象 設備42% 金45% 討伐7% タップ7% → (a)OK
  run 3 対象 設備47% 金38% 討伐9% タップ6% → (a)OK
  run 4 対象 設備55% 金31% 討伐10% タップ4% → (a)OK
  run 5 対象 設備62% 金28% 討伐8% タップ2% → (a)OK
  run 6 対象 設備64% 金25% 討伐8% タップ3% → (a)OK
  run 7 対象 設備64% 金22% 討伐6% タップ9% → (a)OK
  run 8 対象 設備63% 金20% 討伐5% タップ11% → (a)OK
  run 9 対象 設備61% 金18% 討伐5% タップ16% → (a)OK
  run10 対象 設備61% 金16% 討伐5% タップ18% → (a)OK
  run11 対象 設備61% 金15% 討伐5% タップ19% → (a)OK
  run12 対象 設備61% 金14% 討伐5% タップ21% → (a)OK
  run13 対象 設備61% 金14% 討伐5% タップ21% → (a)OK
  run14 対象 設備60% 金22% 討伐3% タップ15% → (a)OK
  run15 対象 設備61% 金22% 討伐2% タップ15% → (a)OK
  run16 対象 設備60% 金21% 討伐4% タップ15% → (a)OK
  run17 対象 設備71% 金23% 討伐5% タップ1% → (a)OK
  run18 対象 設備74% 金21% 討伐5% タップ1% → (a)OK
  run19 対象 設備68% 金21% 討伐10% タップ1% → (a)OK
  run20 対象 設備67% 金20% 討伐12% タップ0% → (a)OK
  run21 対象 設備50% 金10% 討伐39% タップ0% → (a)OK
  run22 対象 設備63% 金17% 討伐20% タップ0% → (a)OK
  run23 対象 設備60% 金16% 討伐23% タップ0% → (a)OK
  run24 対象 設備54% 金12% 討伐33% タップ0% → (a)OK
㉘合計: 85/131周回
②(改2・方針間: 得意分野liftの中央値が幾何平均1.67の±1.5倍以内) click=1.13 golden=1.77 hunt=1.53 bake=2.55(帯外) → NG
