=== ㉘稼ぎ口比率(100h・周回シェア=各tickシェアの周回平均) ===
balanced(S6 早回し転生型) 4つすべて≥10%: 8/28周回 合格
  run 0 対象 設備3% 金49% 討伐25% タップ22% → (a)NG
  run 1 対象 設備8% 金45% 討伐26% タップ21% → (a)NG
  run 2 対象 設備15% 金42% 討伐24% タップ19% → (a)OK
  run 3 対象 設備22% 金50% 討伐15% タップ13% → (a)OK
  run 4 対象 設備21% 金45% 討伐11% タップ24% → (a)OK
  run 5 対象 設備22% 金41% 討伐10% タップ27% → (a)OK
  run 6 対象 設備22% 金34% 討伐10% タップ33% → (a)OK
  run 7 対象 設備22% 金29% 討伐10% タップ39% → (a)OK
  run 8 対象 設備21% 金28% 討伐7% タップ43% → (a)NG
  run 9 対象 設備21% 金28% 討伐5% タップ47% → (a)NG
  run10 対象 設備21% 金26% 討伐4% タップ49% → (a)NG
  run11 対象 設備21% 金22% 討伐4% タップ53% → (a)NG
  run12 対象 設備20% 金19% 討伐3% タップ58% → (a)NG
  run13 対象 設備20% 金17% 討伐3% タップ60% → (a)NG
  run14 対象 設備20% 金16% 討伐3% タップ61% → (a)NG
  run15 対象 設備20% 金21% 討伐4% タップ55% → (a)NG
  run16 対象 設備19% 金16% 討伐13% タップ52% → (a)OK
  run17 対象 設備20% 金14% 討伐6% タップ60% → (a)NG
  run18 対象 設備16% 金10% 討伐28% タップ45% → (a)OK
  run19 対象 設備31% 金16% 討伐53% タップ1% → (a)NG
  run20 対象 設備30% 金14% 討伐55% タップ0% → (a)NG
  run21 対象 設備29% 金14% 討伐56% タップ0% → (a)NG
  run22 対象 設備29% 金12% 討伐58% タップ0% → (a)NG
  run23 対象 設備30% 金12% 討伐58% タップ0% → (a)NG
  run24 対象 設備29% 金11% 討伐60% タップ0% → (a)NG
  run25 対象 設備29% 金10% 討伐61% タップ0% → (a)NG
  run26 対象 設備28% 金10% 討伐62% タップ0% → (a)NG
  run27 対象 設備28% 金10% 討伐61% タップ0% → (a)NG
click(S2 クリック会心型) 主役=タップ≥25%: 18/28周回 合格
  run 0 対象 設備2% 金54% 討伐10% タップ33% → (a)OK
  run 1 対象 設備10% 金47% 討伐10% タップ33% → (a)OK
  run 2 対象 設備30% 金32% 討伐9% タップ28% → (a)OK
  run 3 対象 設備41% 金39% 討伐5% タップ15% → (a)NG
  run 4 対象 設備32% 金34% 討伐4% タップ31% → (a)OK
  run 5 対象 設備31% 金29% 討伐3% タップ38% → (a)OK
  run 6 対象 設備33% 金21% 討伐3% タップ43% → (a)OK
  run 7 対象 設備31% 金21% 討伐3% タップ45% → (a)OK
  run 8 対象 設備28% 金21% 討伐1% タップ50% → (a)OK
  run 9 対象 設備27% 金20% 討伐1% タップ52% → (a)OK
  run10 対象 設備28% 金19% 討伐1% タップ53% → (a)OK
  run11 対象 設備29% 金16% 討伐1% タップ54% → (a)OK
  run12 対象 設備31% 金14% 討伐1% タップ54% → (a)OK
  run13 対象 設備33% 金13% 討伐1% タップ53% → (a)OK
  run14 対象 設備35% 金12% 討伐1% タップ52% → (a)OK
  run15 対象 設備36% 金11% 討伐2% タップ51% → (a)OK
  run16 対象 設備37% 金10% 討伐3% タップ49% → (a)OK
  run17 対象 設備38% 金10% 討伐4% タップ48% → (a)OK
  run18 対象 設備40% 金7% 討伐3% タップ50% → (a)OK
  run19 対象 設備65% 金9% 討伐11% タップ15% → (a)NG
  run20 対象 設備69% 金9% 討伐11% タップ11% → (a)NG
  run21 対象 設備71% 金9% 討伐12% タップ8% → (a)NG
  run22 対象 設備72% 金9% 討伐12% タップ7% → (a)NG
  run23 対象 設備73% 金9% 討伐12% タップ7% → (a)NG
  run24 対象 設備73% 金8% 討伐12% タップ6% → (a)NG
  run25 対象 設備74% 金8% 討伐12% タップ6% → (a)NG
  run26 対象 設備74% 金8% 討伐12% タップ6% → (a)NG
  run27 対象 設備75% 金8% 討伐12% タップ5% → (a)NG
golden(S3 金クッキー特化型) 主役=金クッキー≥25%: 22/27周回 合格
  run 0 対象 設備5% 金51% 討伐13% タップ31% → (a)OK
  run 1 対象 設備10% 金61% 討伐9% タップ20% → (a)OK
  run 2 対象 設備18% 金53% 討伐10% タップ20% → (a)OK
  run 3 対象 設備21% 金61% 討伐7% タップ11% → (a)OK
  run 4 対象 設備28% 金55% 討伐8% タップ10% → (a)OK
  run 5 対象 設備29% 金50% 討伐10% タップ11% → (a)OK
  run 6 対象 設備29% 金50% 討伐11% タップ10% → (a)OK
  run 7 対象 設備30% 金46% 討伐13% タップ11% → (a)OK
  run 8 対象 設備33% 金44% 討伐10% タップ12% → (a)OK
  run 9 対象 設備35% 金38% 討伐12% タップ15% → (a)OK
  run10 対象 設備37% 金33% 討伐13% タップ17% → (a)OK
  run11 対象 設備38% 金30% 討伐14% タップ18% → (a)OK
  run12 対象 設備39% 金28% 討伐14% タップ19% → (a)OK
  run13 対象 設備40% 金26% 討伐15% タップ19% → (a)OK
  run14 対象 設備27% 金23% 討伐38% タップ12% → (a)NG
  run15 対象 設備35% 金22% 討伐26% タップ16% → (a)NG
  run16 対象 設備48% 金30% 討伐0% タップ23% → (a)OK
  run17 対象 設備70% 金29% 討伐0% タップ0% → (a)OK
  run18 対象 設備72% 金28% 討伐0% タップ0% → (a)OK
  run19 対象 設備73% 金27% 討伐0% タップ0% → (a)OK
  run20 対象 設備73% 金27% 討伐0% タップ0% → (a)OK
  run21 対象 設備74% 金26% 討伐0% タップ0% → (a)OK
  run22 対象 設備74% 金26% 討伐0% タップ0% → (a)OK
  run23 対象 設備75% 金25% 討伐0% タップ0% → (a)OK
  run24 対象 設備75% 金25% 討伐0% タップ0% → (a)NG
  run25 対象 設備43% 金15% 討伐43% タップ0% → (a)NG
  run26 対象 設備37% 金13% 討伐50% タップ0% → (a)NG
