=== ㉘稼ぎ口比率(100h・周回シェア=各tickシェアの周回平均) ===
balanced(S6 早回し転生型) 4つすべて≥10%: 42/49周回 合格
  run 0 対象 設備15% 金57% 討伐9% タップ19% → (a)NG ②改OK
  run 1 対象 設備13% 金51% 討伐13% タップ23% → (a)OK ②改OK
  run 2 対象 設備11% 金25% 討伐20% タップ44% → (a)OK ②改OK
  run 3 対象 設備8% 金44% 討伐15% タップ33% → (a)NG ②改OK
  run 4 対象 設備8% 金51% 討伐15% タップ25% → (a)NG ②改OK
  run 5 対象 設備8% 金47% 討伐17% タップ27% → (a)NG ②改OK
  run 6 対象 設備15% 金39% 討伐18% タップ28% → (a)OK ②改OK
  run 7 対象 設備15% 金47% 討伐16% タップ21% → (a)OK ②改OK
  run 8 対象 設備15% 金43% 討伐17% タップ25% → (a)OK ②改OK
  run 9 対象 設備15% 金51% 討伐14% タップ20% → (a)OK ②改OK
  run10 対象 設備16% 金51% 討伐13% タップ20% → (a)OK ②改OK
  run11 対象 設備16% 金51% 討伐14% タップ19% → (a)OK ②改OK
  run12 対象 設備18% 金47% 討伐14% タップ20% → (a)OK ②改OK
  run13 対象 設備19% 金46% 討伐14% タップ21% → (a)OK ②改OK
  run14 対象 設備20% 金43% 討伐14% タップ23% → (a)OK ②改OK
  run15 対象 設備20% 金42% 討伐15% タップ23% → (a)OK ②改OK
  run16 対象 設備21% 金39% 討伐15% タップ25% → (a)OK ②改OK
  run17 対象 設備21% 金38% 討伐15% タップ25% → (a)OK ②改OK
  run18 対象 設備22% 金37% 討伐14% タップ28% → (a)OK ②改OK
  run19 対象 設備21% 金39% 討伐12% タップ28% → (a)OK ②改OK
  run20 対象 設備21% 金39% 討伐12% タップ28% → (a)OK ②改OK
  run21 対象 設備18% 金33% 討伐24% タップ25% → (a)OK ②改OK
  run22 対象 設備18% 金31% 討伐25% タップ26% → (a)OK ②改OK
  run23 対象 設備18% 金27% 討伐28% タップ27% → (a)OK ②改OK
  run24 対象 設備17% 金23% 討伐31% タップ29% → (a)OK ②改OK
  run25 対象 設備16% 金22% 討伐33% タップ30% → (a)OK ②改OK
  run26 対象 設備15% 金24% 討伐30% タップ30% → (a)OK ②改OK
  run27 対象 設備15% 金23% 討伐31% タップ31% → (a)OK ②改OK
  run28 対象 設備15% 金22% 討伐31% タップ32% → (a)OK ②改OK
  run29 対象 設備15% 金28% 討伐28% タップ29% → (a)OK ②改OK
  run30 対象 設備15% 金27% 討伐29% タップ29% → (a)OK ②改OK
  run31 対象 設備15% 金26% 討伐29% タップ30% → (a)OK ②改OK
  run32 対象 設備15% 金22% 討伐29% タップ35% → (a)OK ②改OK
  run33 対象 設備15% 金26% 討伐29% タップ30% → (a)OK ②改OK
  run34 対象 設備21% 金34% 討伐35% タップ10% → (a)OK ②改OK
  run35 対象 設備21% 金33% 討伐34% タップ12% → (a)OK ②改OK
  run36 対象 設備21% 金34% 討伐36% タップ10% → (a)NG ②改OK
  run37 対象 設備19% 金33% 討伐38% タップ10% → (a)NG ②改OK
  run38 対象 設備20% 金31% 討伐38% タップ12% → (a)OK ②改OK
  run39 対象 設備21% 金35% 討伐36% タップ8% → (a)NG ②改OK
  run40 対象 設備21% 金29% 討伐40% タップ10% → (a)OK ②改OK
  run41 対象 設備21% 金30% 討伐39% タップ11% → (a)OK ②改OK
  run42 対象 設備18% 金25% 討伐47% タップ10% → (a)OK ②改OK
  run43 対象 設備19% 金23% 討伐47% タップ11% → (a)OK ②改OK
  run44 対象 設備19% 金26% 討伐45% タップ11% → (a)OK ②改OK
  run45 対象 設備18% 金25% 討伐43% タップ14% → (a)OK ②改OK
  run46 対象 設備20% 金26% 討伐42% タップ12% → (a)OK ②改OK
  run47 対象 設備17% 金27% 討伐44% タップ13% → (a)OK ②改OK
  run48 対象 設備16% 金25% 討伐45% タップ14% → (a)OK ②改OK
