=== ㉘稼ぎ口比率(100h・周回シェア=各tickシェアの周回平均) ===
balanced(S6 早回し転生型) 4つすべて≥10%: 33/48周回 合格
  run 0 対象 設備9% 金52% 討伐12% タップ27% → (a)NG
  run 1 対象 設備15% 金47% 討伐14% タップ24% → (a)OK
  run 2 対象 設備12% 金22% 討伐21% タップ46% → (a)OK
  run 3 対象 設備10% 金34% 討伐17% タップ39% → (a)OK
  run 4 対象 設備9% 金49% 討伐13% タップ30% → (a)NG
  run 5 対象 設備7% 金52% 討伐16% タップ25% → (a)NG
  run 6 対象 設備14% 金43% 討伐17% タップ26% → (a)OK
  run 7 対象 設備15% 金44% 討伐16% タップ26% → (a)OK
  run 8 対象 設備13% 金53% 討伐12% タップ21% → (a)OK
  run 9 対象 設備14% 金53% 討伐12% タップ21% → (a)OK
  run10 対象 設備16% 金50% 討伐12% タップ23% → (a)OK
  run11 対象 設備16% 金49% 討伐13% タップ23% → (a)OK
  run12 対象 設備16% 金49% 討伐12% タップ23% → (a)OK
  run13 対象 設備17% 金46% 討伐11% タップ25% → (a)OK
  run14 対象 設備18% 金44% 討伐12% タップ27% → (a)OK
  run15 対象 設備18% 金40% 討伐12% タップ30% → (a)OK
  run16 対象 設備18% 金38% 討伐12% タップ32% → (a)OK
  run17 対象 設備18% 金37% 討伐11% タップ33% → (a)OK
  run18 対象 設備18% 金39% 討伐10% タップ34% → (a)NG
  run19 対象 設備18% 金38% 討伐10% タップ35% → (a)NG
  run20 対象 設備17% 金33% 討伐17% タップ33% → (a)OK
  run21 対象 設備16% 金28% 討伐22% タップ34% → (a)OK
  run22 対象 設備15% 金24% 討伐26% タップ35% → (a)OK
  run23 対象 設備14% 金23% 討伐25% タップ37% → (a)OK
  run24 対象 設備14% 金22% 討伐27% タップ38% → (a)OK
  run25 対象 設備13% 金24% 討伐25% タップ38% → (a)OK
  run26 対象 設備13% 金22% 討伐25% タップ39% → (a)OK
  run27 対象 設備13% 金22% 討伐25% タップ40% → (a)OK
  run28 対象 設備13% 金26% 討伐23% タップ38% → (a)OK
  run29 対象 設備13% 金25% 討伐24% タップ38% → (a)OK
  run30 対象 設備13% 金24% 討伐24% タップ38% → (a)OK
  run31 対象 設備13% 金22% 討伐23% タップ42% → (a)OK
  run32 対象 設備13% 金23% 討伐24% タップ40% → (a)OK
  run33 対象 設備21% 金38% 討伐33% タップ8% → (a)NG
  run34 対象 設備21% 金36% 討伐35% タップ8% → (a)NG
  run35 対象 設備22% 金35% 討伐35% タップ8% → (a)NG
  run36 対象 設備19% 金36% 討伐38% タップ7% → (a)NG
  run37 対象 設備20% 金33% 討伐37% タップ10% → (a)NG
  run38 対象 設備21% 金33% 討伐37% タップ9% → (a)NG
  run39 対象 設備20% 金35% 討伐36% タップ9% → (a)NG
  run40 対象 設備21% 金32% 討伐38% タップ9% → (a)NG
  run41 対象 設備20% 金25% 討伐44% タップ11% → (a)OK
  run42 対象 設備19% 金28% 討伐44% タップ9% → (a)NG
  run43 対象 設備18% 金25% 討伐45% タップ11% → (a)OK
  run44 対象 設備19% 金26% 討伐45% タップ10% → (a)OK
  run45 対象 設備18% 金27% 討伐45% タップ10% → (a)NG
  run46 対象 設備16% 金26% 討伐43% タップ15% → (a)OK
  run47 対象 設備18% 金25% 討伐45% タップ11% → (a)OK
click(S2 クリック会心型) 主役=タップ≥25%: 33/48周回 合格
  run 0 対象 設備6% 金47% 討伐14% タップ33% → (a)OK
  run 1 対象 設備11% 金49% 討伐13% タップ27% → (a)OK
  run 2 対象 設備5% 金14% 討伐23% タップ59% → (a)OK
  run 3 対象 設備8% 金21% 討伐20% タップ51% → (a)OK
  run 4 対象 設備14% 金32% 討伐15% タップ39% → (a)OK
  run 5 対象 設備19% 金31% 討伐18% タップ32% → (a)OK
  run 6 対象 設備31% 金27% 討伐15% タップ26% → (a)OK
  run 7 対象 設備35% 金25% 討伐13% タップ26% → (a)OK
  run 8 対象 設備33% 金29% 討伐12% タップ26% → (a)OK
  run 9 対象 設備32% 金29% 討伐11% タップ27% → (a)OK
  run10 対象 設備34% 金28% 討伐10% タップ28% → (a)OK
  run11 対象 設備34% 金26% 討伐10% タップ30% → (a)OK
  run12 対象 設備34% 金25% 討伐10% タップ31% → (a)OK
  run13 対象 設備34% 金25% 討伐9% タップ33% → (a)OK
  run14 対象 設備33% 金23% 討伐9% タップ35% → (a)OK
  run15 対象 設備35% 金20% 討伐9% タップ36% → (a)OK
  run16 対象 設備33% 金21% 討伐9% タップ37% → (a)OK
  run17 対象 設備33% 金20% 討伐9% タップ39% → (a)OK
  run18 対象 設備31% 金21% 討伐8% タップ41% → (a)OK
  run19 対象 設備30% 金21% 討伐8% タップ41% → (a)OK
  run20 対象 設備29% 金19% 討伐12% タップ41% → (a)OK
  run21 対象 設備29% 金16% 討伐15% タップ40% → (a)OK
  run22 対象 設備28% 金15% 討伐17% タップ41% → (a)OK
  run23 対象 設備26% 金14% 討伐17% タップ43% → (a)OK
  run24 対象 設備25% 金13% 討伐18% タップ45% → (a)OK
  run25 対象 設備22% 金17% 討伐16% タップ46% → (a)OK
  run26 対象 設備21% 金15% 討伐16% タップ48% → (a)OK
  run27 対象 設備21% 金15% 討伐16% タップ48% → (a)OK
  run28 対象 設備21% 金13% 討伐18% タップ49% → (a)OK
  run29 対象 設備20% 金13% 討伐19% タップ48% → (a)OK
  run30 対象 設備20% 金12% 討伐19% タップ49% → (a)OK
  run31 対象 設備22% 金14% 討伐17% タップ47% → (a)OK
  run32 対象 設備22% 金13% 討伐17% タップ47% → (a)OK
  run33 対象 設備33% 金17% 討伐34% タップ16% → (a)NG
  run34 対象 設備32% 金17% 討伐34% タップ18% → (a)NG
  run35 対象 設備32% 金15% 討伐35% タップ18% → (a)NG
  run36 対象 設備33% 金18% 討伐34% タップ16% → (a)NG
  run37 対象 設備35% 金20% 討伐33% タップ13% → (a)NG
  run38 対象 設備33% 金17% 討伐33% タップ16% → (a)NG
  run39 対象 設備34% 金18% 討伐34% タップ14% → (a)NG
  run40 対象 設備36% 金20% 討伐32% タップ12% → (a)NG
  run41 対象 設備34% 金18% 討伐32% タップ16% → (a)NG
  run42 対象 設備36% 金18% 討伐34% タップ12% → (a)NG
  run43 対象 設備36% 金18% 討伐33% タップ13% → (a)NG
  run44 対象 設備34% 金15% 討伐35% タップ17% → (a)NG
  run45 対象 設備34% 金17% 討伐34% タップ16% → (a)NG
  run46 対象 設備33% 金14% 討伐36% タップ17% → (a)NG
  run47 対象 設備33% 金14% 討伐36% タップ16% → (a)NG
golden(S3 金クッキー特化型) 主役=金クッキー≥25%: 44/44周回 合格
  run 0 対象外 設備10% 金41% 討伐18% タップ31%
  run 1 対象外 設備10% 金42% 討伐18% タップ31%
  run 2 対象外 設備13% 金28% 討伐23% タップ36%
  run 3 対象外 設備9% 金48% 討伐16% タップ27%
  run 4 対象 設備7% 金59% 討伐15% タップ19% → (a)OK
  run 5 対象 設備10% 金55% 討伐16% タップ20% → (a)OK
  run 6 対象 設備10% 金54% 討伐16% タップ19% → (a)OK
  run 7 対象 設備10% 金49% 討伐21% タップ20% → (a)OK
  run 8 対象 設備11% 金56% 討伐19% タップ15% → (a)OK
  run 9 対象 設備11% 金54% 討伐22% タップ13% → (a)OK
  run10 対象 設備12% 金53% 討伐21% タップ13% → (a)OK
  run11 対象 設備14% 金53% 討伐21% タップ13% → (a)OK
  run12 対象 設備14% 金51% 討伐22% タップ13% → (a)OK
  run13 対象 設備16% 金50% 討伐22% タップ12% → (a)OK
  run14 対象 設備18% 金47% 討伐24% タップ11% → (a)OK
  run15 対象 設備18% 金47% 討伐24% タップ11% → (a)OK
  run16 対象 設備19% 金46% 討伐25% タップ10% → (a)OK
  run17 対象 設備18% 金46% 討伐25% タップ10% → (a)OK
  run18 対象 設備19% 金47% 討伐24% タップ10% → (a)OK
  run19 対象 設備20% 金49% 討伐22% タップ9% → (a)OK
  run20 対象 設備17% 金43% 討伐32% タップ8% → (a)OK
  run21 対象 設備17% 金38% 討伐37% タップ7% → (a)OK
  run22 対象 設備16% 金33% 討伐44% タップ7% → (a)OK
  run23 対象 設備15% 金30% 討伐48% タップ6% → (a)OK
  run24 対象 設備14% 金28% 討伐52% タップ6% → (a)OK
  run25 対象 設備13% 金31% 討伐52% タップ4% → (a)OK
  run26 対象 設備12% 金29% 討伐56% タップ3% → (a)OK
  run27 対象 設備30% 金60% 討伐1% タップ8% → (a)OK
  run28 対象 設備31% 金60% 討伐1% タップ8% → (a)OK
  run29 対象 設備31% 金59% 討伐1% タップ8% → (a)OK
  run30 対象 設備31% 金59% 討伐1% タップ9% → (a)OK
  run31 対象 設備32% 金59% 討伐1% タップ9% → (a)OK
  run32 対象 設備32% 金58% 討伐1% タップ9% → (a)OK
  run33 対象 設備36% 金60% 討伐1% タップ3% → (a)OK
  run34 対象 設備37% 金59% 討伐1% タップ3% → (a)OK
  run35 対象 設備38% 金58% 討伐1% タップ3% → (a)OK
  run36 対象 設備39% 金58% 討伐1% タップ3% → (a)OK
  run37 対象 設備39% 金57% 討伐1% タップ2% → (a)OK
  run38 対象 設備40% 金57% 討伐1% タップ2% → (a)OK
  run39 対象 設備40% 金57% 討伐1% タップ2% → (a)OK
  run40 対象 設備40% 金56% 討伐1% タップ3% → (a)OK
  run41 対象 設備40% 金56% 討伐1% タップ2% → (a)OK
  run42 対象 設備39% 金57% 討伐1% タップ3% → (a)OK
  run43 対象 設備41% 金56% 討伐1% タップ3% → (a)OK
  run44 対象 設備41% 金56% 討伐1% タップ3% → (a)OK
  run45 対象 設備41% 金55% 討伐1% タップ3% → (a)OK
  run46 対象 設備18% 金44% 討伐35% タップ3% → (a)OK
  run47 対象 設備20% 金40% 討伐37% タップ3% → (a)OK
hunt(S4 狩猟特化型) 主役=討伐由来≥25%: 43/43周回 合格
  run 0 対象外 設備11% 金74% 討伐7% タップ9%
  run 1 対象外 設備1% 金45% 討伐28% タップ26%
  run 2 対象外 設備4% 金40% 討伐39% タップ17%
  run 3 対象外 設備4% 金51% 討伐29% タップ15%
  run 4 対象外 設備4% 金63% 討伐25% タップ8%
  run 5 対象 設備3% 金50% 討伐39% タップ8% → (a)OK
  run 6 対象 設備5% 金50% 討伐37% タップ7% → (a)OK
  run 7 対象 設備7% 金44% 討伐41% タップ8% → (a)OK
  run 8 対象 設備7% 金47% 討伐41% タップ5% → (a)OK
  run 9 対象 設備8% 金46% 討伐41% タップ5% → (a)OK
  run10 対象 設備9% 金43% 討伐42% タップ5% → (a)OK
  run11 対象 設備10% 金42% 討伐42% タップ6% → (a)OK
  run12 対象 設備11% 金42% 討伐42% タップ5% → (a)OK
  run13 対象 設備13% 金40% 討伐43% タップ5% → (a)OK
  run14 対象 設備14% 金39% 討伐42% タップ5% → (a)OK
  run15 対象 設備15% 金38% 討伐42% タップ6% → (a)OK
  run16 対象 設備17% 金41% 討伐33% タップ8% → (a)OK
  run17 対象 設備16% 金35% 討伐42% タップ7% → (a)OK
  run18 対象 設備17% 金35% 討伐42% タップ7% → (a)OK
  run19 対象 設備16% 金36% 討伐40% タップ7% → (a)OK
  run20 対象 設備18% 金44% 討伐30% タップ8% → (a)OK
  run21 対象 設備11% 金26% 討伐59% タップ4% → (a)OK
  run22 対象 設備10% 金23% 討伐64% タップ4% → (a)OK
  run23 対象 設備9% 金20% 討伐66% タップ4% → (a)OK
  run24 対象 設備12% 金26% 討伐57% タップ5% → (a)OK
  run25 対象 設備8% 金19% 討伐70% タップ3% → (a)OK
  run26 対象 設備7% 金16% 討伐73% タップ3% → (a)OK
  run27 対象 設備8% 金14% 討伐76% タップ3% → (a)OK
  run28 対象 設備9% 金18% 討伐69% タップ4% → (a)OK
  run29 対象 設備7% 金12% 討伐77% タップ4% → (a)OK
  run30 対象 設備7% 金12% 討伐77% タップ4% → (a)OK
  run31 対象 設備7% 金11% 討伐78% タップ4% → (a)OK
  run32 対象 設備10% 金19% 討伐66% タップ4% → (a)OK
  run33 対象 設備7% 金11% 討伐80% タップ2% → (a)OK
  run34 対象 設備7% 金11% 討伐81% タップ1% → (a)OK
  run35 対象 設備6% 金11% 討伐81% タップ2% → (a)OK
  run36 対象 設備15% 金32% 討伐49% タップ4% → (a)OK
  run37 対象 設備8% 金19% 討伐71% タップ2% → (a)OK
  run38 対象 設備8% 金18% 討伐72% タップ2% → (a)OK
  run39 対象 設備6% 金9% 討伐82% タップ2% → (a)OK
  run40 対象 設備10% 金18% 討伐69% タップ3% → (a)OK
  run41 対象 設備6% 金8% 討伐83% タップ3% → (a)OK
  run42 対象 設備6% 金8% 討伐83% タップ3% → (a)OK
  run43 対象 設備6% 金8% 討伐83% タップ3% → (a)OK
  run44 対象 設備15% 金25% 討伐56% タップ4% → (a)OK
  run45 対象 設備6% 金7% 討伐83% タップ3% → (a)OK
  run46 対象 設備6% 金8% 討伐83% タップ3% → (a)OK
  run47 対象 設備6% 金18% 討伐68% タップ7% → (a)OK
bake(S1 バランス効率型) 主役=設備生産≥25%: 41/48周回 合格
  run 0 対象 設備9% 金53% 討伐12% タップ26% → (a)NG
  run 1 対象 設備14% 金49% 討伐13% タップ24% → (a)NG
  run 2 対象 設備12% 金27% 討伐19% タップ41% → (a)NG
  run 3 対象 設備9% 金49% 討伐13% タップ29% → (a)NG
  run 4 対象 設備7% 金61% 討伐12% タップ19% → (a)NG
  run 5 対象 設備8% 金53% 討伐16% タップ23% → (a)NG
  run 6 対象 設備23% 金41% 討伐15% タップ21% → (a)NG
  run 7 対象 設備30% 金38% 討伐14% タップ19% → (a)OK
  run 8 対象 設備31% 金43% 討伐12% タップ14% → (a)OK
  run 9 対象 設備32% 金42% 討伐12% タップ14% → (a)OK
  run10 対象 設備36% 金39% 討伐12% タップ13% → (a)OK
  run11 対象 設備39% 金37% 討伐12% タップ13% → (a)OK
  run12 対象 設備40% 金36% 討伐12% タップ13% → (a)OK
  run13 対象 設備43% 金34% 討伐12% タップ11% → (a)OK
  run14 対象 設備46% 金32% 討伐12% タップ10% → (a)OK
  run15 対象 設備47% 金30% 討伐12% タップ11% → (a)OK
  run16 対象 設備47% 金31% 討伐12% タップ10% → (a)OK
  run17 対象 設備49% 金30% 討伐12% タップ10% → (a)OK
  run18 対象 設備50% 金31% 討伐10% タップ9% → (a)OK
  run19 対象 設備49% 金32% 討伐10% タップ9% → (a)OK
  run20 対象 設備44% 金28% 討伐20% タップ8% → (a)OK
  run21 対象 設備41% 金24% 討伐28% タップ7% → (a)OK
  run22 対象 設備40% 金21% 討伐32% タップ7% → (a)OK
  run23 対象 設備39% 金19% 討伐35% タップ7% → (a)OK
  run24 対象 設備39% 金17% 討伐37% タップ7% → (a)OK
  run25 対象 設備37% 金20% 討伐37% タップ5% → (a)OK
  run26 対象 設備36% 金19% 討伐39% タップ6% → (a)OK
  run27 対象 設備41% 金31% 討伐22% タップ6% → (a)OK
  run28 対象 設備43% 金32% 討伐19% タップ6% → (a)OK
  run29 対象 設備42% 金32% 討伐21% タップ6% → (a)OK
  run30 対象 設備41% 金32% 討伐22% タップ6% → (a)OK
  run31 対象 設備40% 金28% 討伐27% タップ6% → (a)OK
  run32 対象 設備38% 金29% 討伐27% タップ5% → (a)OK
  run33 対象 設備38% 金25% 討伐32% タップ4% → (a)OK
  run34 対象 設備37% 金26% 討伐33% タップ3% → (a)OK
  run35 対象 設備37% 金23% 討伐36% タップ4% → (a)OK
  run36 対象 設備42% 金24% 討伐30% タップ4% → (a)OK
  run37 対象 設備37% 金23% 討伐36% タップ4% → (a)OK
  run38 対象 設備36% 金23% 討伐37% タップ4% → (a)OK
  run39 対象 設備37% 金22% 討伐37% タップ4% → (a)OK
  run40 対象 設備37% 金22% 討伐38% タップ4% → (a)OK
  run41 対象 設備34% 金18% 討伐43% タップ5% → (a)OK
  run42 対象 設備33% 金19% 討伐44% タップ4% → (a)OK
  run43 対象 設備34% 金20% 討伐42% タップ5% → (a)OK
  run44 対象 設備34% 金19% 討伐43% タップ4% → (a)OK
  run45 対象 設備36% 金20% 討伐40% タップ5% → (a)OK
  run46 対象 設備32% 金18% 討伐46% タップ4% → (a)OK
  run47 対象 設備33% 金18% 討伐45% タップ5% → (a)OK
㉘合計: 194/231周回
②(改2・方針間: 得意分野liftの中央値が幾何平均1.99の±1.5倍以内) click=1.49 golden=2.20 hunt=2.97 bake=1.59 → OK
