=== ㉘稼ぎ口比率(100h・周回シェア=各tickシェアの周回平均) ===
balanced(S6 早回し転生型) 4つすべて≥10%: 38/49周回 合格
  run 0 対象 設備8% 金55% 討伐11% タップ26% → (a)NG ②改OK
  run 1 対象 設備15% 金53% 討伐11% タップ21% → (a)OK ②改OK
  run 2 対象 設備11% 金24% 討伐20% タップ45% → (a)OK ②改OK
  run 3 対象 設備8% 金47% 討伐14% タップ31% → (a)NG ②改OK
  run 4 対象 設備8% 金51% 討伐16% タップ25% → (a)NG ②改OK
  run 5 対象 設備8% 金49% 討伐17% タップ26% → (a)NG ②改OK
  run 6 対象 設備15% 金40% 討伐18% タップ27% → (a)OK ②改OK
  run 7 対象 設備16% 金46% 討伐17% タップ22% → (a)OK ②改OK
  run 8 対象 設備15% 金42% 討伐17% タップ26% → (a)OK ②改OK
  run 9 対象 設備15% 金50% 討伐13% タップ22% → (a)OK ②改OK
  run10 対象 設備15% 金50% 討伐13% タップ21% → (a)OK ②改OK
  run11 対象 設備15% 金50% 討伐14% タップ20% → (a)OK ②改OK
  run12 対象 設備18% 金46% 討伐14% タップ23% → (a)OK ②改OK
  run13 対象 設備18% 金45% 討伐14% タップ24% → (a)OK ②改OK
  run14 対象 設備19% 金42% 討伐14% タップ26% → (a)OK ②改OK
  run15 対象 設備19% 金40% 討伐15% タップ27% → (a)OK ②改OK
  run16 対象 設備20% 金37% 討伐14% タップ28% → (a)OK ②改OK
  run17 対象 設備20% 金37% 討伐14% タップ29% → (a)OK ②改OK
  run18 対象 設備20% 金36% 討伐13% タップ30% → (a)OK ②改OK
  run19 対象 設備20% 金37% 討伐11% タップ32% → (a)OK ②改OK
  run20 対象 設備20% 金37% 討伐12% タップ31% → (a)OK ②改OK
  run21 対象 設備17% 金31% 討伐22% タップ30% → (a)OK ②改OK
  run22 対象 設備17% 金27% 討伐25% タップ30% → (a)OK ②改OK
  run23 対象 設備17% 金25% 討伐27% タップ31% → (a)OK ②改OK
  run24 対象 設備16% 金23% 討伐29% タップ33% → (a)OK ②改OK
  run25 対象 設備15% 金21% 討伐31% タップ34% → (a)OK ②改OK
  run26 対象 設備14% 金23% 討伐28% タップ34% → (a)OK ②改OK
  run27 対象 設備14% 金22% 討伐29% タップ36% → (a)OK ②改OK
  run28 対象 設備14% 金21% 討伐29% タップ37% → (a)OK ②改OK
  run29 対象 設備14% 金26% 討伐26% タップ33% → (a)OK ②改OK
  run30 対象 設備14% 金26% 討伐27% タップ33% → (a)OK ②改OK
  run31 対象 設備14% 金25% 討伐27% タップ34% → (a)OK ②改OK
  run32 対象 設備14% 金24% 討伐25% タップ37% → (a)OK ②改OK
  run33 対象 設備14% 金24% 討伐27% タップ35% → (a)OK ②改OK
  run34 対象 設備21% 金36% 討伐35% タップ8% → (a)NG ②改OK
  run35 対象 設備21% 金35% 討伐35% タップ9% → (a)NG ②改OK
  run36 対象 設備21% 金33% 討伐36% タップ10% → (a)NG ②改OK
  run37 対象 設備19% 金34% 討伐38% タップ8% → (a)NG ②改OK
  run38 対象 設備20% 金32% 討伐38% タップ10% → (a)OK ②改OK
  run39 対象 設備21% 金34% 討伐35% タップ10% → (a)NG ②改OK
  run40 対象 設備21% 金32% 討伐37% タップ11% → (a)OK ②改OK
  run41 対象 設備21% 金32% 討伐39% タップ8% → (a)NG ②改OK
  run42 対象 設備20% 金23% 討伐46% タップ11% → (a)OK ②改OK
  run43 対象 設備19% 金26% 討伐45% タップ11% → (a)OK ②改OK
  run44 対象 設備19% 金26% 討伐45% タップ10% → (a)OK ②改OK
  run45 対象 設備18% 金26% 討伐44% タップ11% → (a)OK ②改OK
  run46 対象 設備18% 金23% 討伐49% タップ10% → (a)NG ②改OK
  run47 対象 設備18% 金24% 討伐45% タップ14% → (a)OK ②改OK
  run48 対象 設備18% 金24% 討伐45% タップ13% → (a)OK ②改OK
