=== ㉘稼ぎ口比率(100h・周回シェア=各tickシェアの周回平均) ===
balanced(S6 早回し転生型) 4つすべて≥10%: 32/48周回 合格
  run 0 対象 設備8% 金55% 討伐11% タップ26% → (a)NG ②改OK
  run 1 対象 設備14% 金49% 討伐13% タップ24% → (a)OK ②改OK
  run 2 対象 設備11% 金22% 討伐21% タップ46% → (a)OK ②改OK
  run 3 対象 設備10% 金33% 討伐18% タップ40% → (a)NG ②改OK
  run 4 対象 設備8% 金48% 討伐13% タップ30% → (a)NG ②改OK
  run 5 対象 設備7% 金53% 討伐15% タップ25% → (a)NG ②改OK
  run 6 対象 設備12% 金47% 討伐16% タップ24% → (a)OK ②改OK
  run 7 対象 設備14% 金45% 討伐15% タップ25% → (a)OK ②改OK
  run 8 対象 設備13% 金54% 討伐12% タップ21% → (a)OK ②改OK
  run 9 対象 設備13% 金56% 討伐11% タップ20% → (a)OK ②改OK
  run10 対象 設備15% 金51% 討伐12% タップ22% → (a)OK ②改OK
  run11 対象 設備15% 金51% 討伐12% タップ22% → (a)OK ②改OK
  run12 対象 設備16% 金48% 討伐13% タップ23% → (a)OK ②改OK
  run13 対象 設備16% 金47% 討伐11% タップ25% → (a)OK ②改OK
  run14 対象 設備18% 金43% 討伐11% タップ28% → (a)OK ②改OK
  run15 対象 設備18% 金41% 討伐12% タップ30% → (a)OK ②改OK
  run16 対象 設備18% 金38% 討伐12% タップ32% → (a)OK ②改OK
  run17 対象 設備18% 金37% 討伐12% タップ33% → (a)OK ②改OK
  run18 対象 設備18% 金38% 討伐10% タップ34% → (a)OK ②改OK
  run19 対象 設備18% 金38% 討伐10% タップ35% → (a)NG ②改OK
  run20 対象 設備17% 金34% 討伐17% タップ33% → (a)OK ②改OK
  run21 対象 設備16% 金28% 討伐21% タップ35% → (a)OK ②改OK
  run22 対象 設備15% 金23% 討伐25% タップ36% → (a)OK ②改OK
  run23 対象 設備15% 金21% 討伐27% タップ37% → (a)OK ②改OK
  run24 対象 設備14% 金22% 討伐27% タップ38% → (a)OK ②改OK
  run25 対象 設備13% 金24% 討伐24% タップ38% → (a)OK ②改OK
  run26 対象 設備13% 金22% 討伐25% タップ40% → (a)OK ②改OK
  run27 対象 設備13% 金22% 討伐25% タップ40% → (a)OK ②改OK
  run28 対象 設備13% 金26% 討伐23% タップ38% → (a)OK ②改OK
  run29 対象 設備13% 金25% 討伐24% タップ38% → (a)OK ②改OK
  run30 対象 設備13% 金25% 討伐24% タップ38% → (a)OK ②改OK
  run31 対象 設備12% 金23% 討伐25% タップ39% → (a)OK ②改OK
  run32 対象 設備14% 金34% 討伐19% タップ33% → (a)OK ②改OK
  run33 対象 設備20% 金38% 討伐33% タップ8% → (a)NG ②改OK
  run34 対象 設備21% 金37% 討伐34% タップ8% → (a)NG ②改OK
  run35 対象 設備21% 金34% 討伐35% タップ10% → (a)NG ②改OK
  run36 対象 設備22% 金34% 討伐34% タップ9% → (a)NG ②改OK
  run37 対象 設備21% 金34% 討伐37% タップ8% → (a)NG ②改OK
  run38 対象 設備21% 金33% 討伐37% タップ10% → (a)NG ②改OK
  run39 対象 設備20% 金34% 討伐36% タップ10% → (a)NG ②改OK
  run40 対象 設備21% 金32% 討伐37% タップ9% → (a)NG ②改OK
  run41 対象 設備20% 金31% 討伐39% タップ10% → (a)NG ②改OK
  run42 対象 設備19% 金27% 討伐45% タップ9% → (a)NG ②改OK
  run43 対象 設備19% 金26% 討伐44% タップ11% → (a)OK ②改OK
  run44 対象 設備19% 金28% 討伐44% タップ9% → (a)NG ②改OK
  run45 対象 設備20% 金27% 討伐43% タップ11% → (a)OK ②改OK
  run46 対象 設備18% 金25% 討伐44% タップ13% → (a)OK ②改OK
  run47 対象 設備16% 金27% 討伐45% タップ12% → (a)OK ②改OK
click(S2 クリック会心型) 主役=タップ≥25%: 33/48周回 合格
  run 0 対象 設備5% 金50% 討伐13% タップ32% → (a)OK ②改NG
  run 1 対象 設備10% 金51% 討伐12% タップ27% → (a)OK ②改OK
  run 2 対象 設備4% 金13% 討伐23% タップ59% → (a)OK ②改NG
  run 3 対象 設備7% 金25% 討伐19% タップ49% → (a)OK ②改NG
  run 4 対象 設備12% 金33% 討伐15% タップ39% → (a)OK ②改NG
  run 5 対象 設備17% 金33% 討伐18% タップ32% → (a)OK ②改OK
  run 6 対象 設備31% 金27% 討伐16% タップ27% → (a)OK ②改OK
  run 7 対象 設備35% 金25% 討伐13% タップ26% → (a)OK ②改OK
  run 8 対象 設備31% 金32% 討伐11% タップ26% → (a)OK ②改OK
  run 9 対象 設備29% 金33% 討伐11% タップ27% → (a)OK ②改OK
  run10 対象 設備33% 金29% 討伐10% タップ28% → (a)OK ②改OK
  run11 対象 設備33% 金27% 討伐10% タップ31% → (a)OK ②改OK
  run12 対象 設備34% 金25% 討伐10% タップ31% → (a)OK ②改OK
  run13 対象 設備33% 金24% 討伐9% タップ34% → (a)OK ②改OK
  run14 対象 設備33% 金23% 討伐9% タップ35% → (a)OK ②改OK
  run15 対象 設備33% 金22% 討伐9% タップ36% → (a)OK ②改OK
  run16 対象 設備33% 金20% 討伐8% タップ38% → (a)OK ②改OK
  run17 対象 設備32% 金21% 討伐8% タップ39% → (a)OK ②改OK
  run18 対象 設備30% 金21% 討伐8% タップ41% → (a)OK ②改OK
  run19 対象 設備31% 金21% 討伐7% タップ41% → (a)OK ②改OK
  run20 対象 設備28% 金20% 討伐12% タップ41% → (a)OK ②改OK
  run21 対象 設備29% 金16% 討伐15% タップ40% → (a)OK ②改OK
  run22 対象 設備28% 金14% 討伐17% タップ41% → (a)OK ②改OK
  run23 対象 設備27% 金12% 討伐17% タップ43% → (a)OK ②改OK
  run24 対象 設備24% 金13% 討伐18% タップ45% → (a)OK ②改OK
  run25 対象 設備22% 金17% 討伐16% タップ46% → (a)OK ②改OK
  run26 対象 設備21% 金15% 討伐16% タップ48% → (a)OK ②改OK
  run27 対象 設備21% 金15% 討伐16% タップ48% → (a)OK ②改OK
  run28 対象 設備21% 金13% 討伐17% タップ50% → (a)OK ②改OK
  run29 対象 設備20% 金13% 討伐18% タップ49% → (a)OK ②改OK
  run30 対象 設備20% 金12% 討伐19% タップ49% → (a)OK ②改OK
  run31 対象 設備21% 金10% 討伐19% タップ50% → (a)OK ②改OK
  run32 対象 設備24% 金15% 討伐17% タップ44% → (a)OK ②改OK
  run33 対象 設備32% 金14% 討伐35% タップ19% → (a)NG ②改OK
  run34 対象 設備32% 金17% 討伐33% タップ18% → (a)NG ②改OK
  run35 対象 設備34% 金16% 討伐35% タップ14% → (a)NG ②改OK
  run36 対象 設備32% 金16% 討伐34% タップ18% → (a)NG ②改OK
  run37 対象 設備33% 金18% 討伐33% タップ15% → (a)NG ②改OK
  run38 対象 設備34% 金18% 討伐33% タップ14% → (a)NG ②改OK
  run39 対象 設備34% 金18% 討伐33% タップ15% → (a)NG ②改OK
  run40 対象 設備35% 金19% 討伐33% タップ13% → (a)NG ②改OK
  run41 対象 設備34% 金18% 討伐33% タップ15% → (a)NG ②改OK
  run42 対象 設備36% 金18% 討伐33% タップ13% → (a)NG ②改OK
  run43 対象 設備36% 金17% 討伐33% タップ14% → (a)NG ②改OK
  run44 対象 設備34% 金16% 討伐35% タップ14% → (a)NG ②改OK
  run45 対象 設備33% 金16% 討伐34% タップ16% → (a)NG ②改OK
  run46 対象 設備33% 金15% 討伐36% タップ16% → (a)NG ②改OK
  run47 対象 設備34% 金14% 討伐36% タップ16% → (a)NG ②改OK
golden(S3 金クッキー特化型) 主役=金クッキー≥25%: 44/44周回 合格
  run 0 対象外 設備8% 金43% 討伐17% タップ32%
  run 1 対象外 設備12% 金43% 討伐18% タップ28%
  run 2 対象外 設備12% 金30% 討伐22% タップ36%
  run 3 対象外 設備9% 金51% 討伐15% タップ25%
  run 4 対象 設備7% 金61% 討伐14% タップ17% → (a)OK ②改OK
  run 5 対象 設備9% 金57% 討伐15% タップ19% → (a)OK ②改OK
  run 6 対象 設備10% 金55% 討伐16% タップ19% → (a)OK ②改OK
  run 7 対象 設備9% 金52% 討伐20% タップ19% → (a)OK ②改OK
  run 8 対象 設備10% 金57% 討伐18% タップ14% → (a)OK ②改OK
  run 9 対象 設備10% 金54% 討伐22% タップ14% → (a)OK ②改OK
  run10 対象 設備12% 金54% 討伐21% タップ13% → (a)OK ②改OK
  run11 対象 設備13% 金52% 討伐22% タップ13% → (a)OK ②改OK
  run12 対象 設備14% 金52% 討伐21% タップ13% → (a)OK ②改OK
  run13 対象 設備15% 金51% 討伐23% タップ12% → (a)OK ②改OK
  run14 対象 設備16% 金50% 討伐23% タップ11% → (a)OK ②改NG
  run15 対象 設備17% 金49% 討伐23% タップ11% → (a)OK ②改OK
  run16 対象 設備18% 金48% 討伐24% タップ10% → (a)OK ②改NG
  run17 対象 設備18% 金47% 討伐25% タップ10% → (a)OK ②改NG
  run18 対象 設備19% 金47% 討伐24% タップ10% → (a)OK ②改NG
  run19 対象 設備19% 金50% 討伐22% タップ8% → (a)OK ②改NG
  run20 対象 設備17% 金43% 討伐32% タップ8% → (a)OK ②改NG
  run21 対象 設備17% 金38% 討伐37% タップ7% → (a)OK ②改NG
  run22 対象 設備16% 金33% 討伐44% タップ7% → (a)OK ②改OK
  run23 対象 設備15% 金29% 討伐49% タップ7% → (a)OK ②改OK
  run24 対象 設備14% 金27% 討伐53% タップ6% → (a)OK ②改OK
  run25 対象 設備13% 金31% 討伐53% タップ4% → (a)OK ②改NG
  run26 対象 設備12% 金29% 討伐56% タップ3% → (a)OK ②改NG
  run27 対象 設備30% 金60% 討伐1% タップ8% → (a)OK ②改NG
  run28 対象 設備31% 金60% 討伐1% タップ8% → (a)OK ②改NG
  run29 対象 設備31% 金59% 討伐1% タップ8% → (a)OK ②改NG
  run30 対象 設備31% 金59% 討伐1% タップ9% → (a)OK ②改NG
  run31 対象 設備32% 金59% 討伐1% タップ9% → (a)OK ②改NG
  run32 対象 設備32% 金58% 討伐1% タップ9% → (a)OK ②改NG
  run33 対象 設備37% 金60% 討伐1% タップ2% → (a)OK ②改NG
  run34 対象 設備37% 金59% 討伐1% タップ2% → (a)OK ②改NG
  run35 対象 設備38% 金58% 討伐1% タップ3% → (a)OK ②改NG
  run36 対象 設備39% 金58% 討伐1% タップ2% → (a)OK ②改NG
  run37 対象 設備39% 金58% 討伐1% タップ2% → (a)OK ②改NG
  run38 対象 設備40% 金57% 討伐1% タップ2% → (a)OK ②改NG
  run39 対象 設備40% 金57% 討伐1% タップ2% → (a)OK ②改NG
  run40 対象 設備40% 金57% 討伐1% タップ2% → (a)OK ②改NG
  run41 対象 設備40% 金56% 討伐1% タップ2% → (a)OK ②改NG
  run42 対象 設備39% 金57% 討伐1% タップ3% → (a)OK ②改NG
  run43 対象 設備40% 金56% 討伐1% タップ2% → (a)OK ②改NG
  run44 対象 設備41% 金56% 討伐1% タップ2% → (a)OK ②改NG
  run45 対象 設備41% 金56% 討伐1% タップ2% → (a)OK ②改NG
  run46 対象 設備18% 金45% 討伐34% タップ3% → (a)OK ②改NG
  run47 対象 設備17% 金41% 討伐39% タップ3% → (a)OK ②改NG
hunt(S4 狩猟特化型) 主役=討伐由来≥25%: 43/43周回 合格
  run 0 対象外 設備8% 金76% 討伐7% タップ10%
  run 1 対象外 設備1% 金43% 討伐31% タップ25%
  run 2 対象外 設備5% 金42% 討伐39% タップ15%
  run 3 対象外 設備4% 金52% 討伐29% タップ14%
  run 4 対象外 設備4% 金65% 討伐24% タップ8%
  run 5 対象 設備3% 金52% 討伐37% タップ8% → (a)OK ②改OK
  run 6 対象 設備5% 金51% 討伐37% タップ7% → (a)OK ②改OK
  run 7 対象 設備7% 金45% 討伐42% タップ7% → (a)OK ②改OK
  run 8 対象 設備7% 金46% 討伐40% タップ6% → (a)OK ②改OK
  run 9 対象 設備8% 金45% 討伐42% タップ5% → (a)OK ②改OK
  run10 対象 設備9% 金44% 討伐42% タップ5% → (a)OK ②改OK
  run11 対象 設備10% 金42% 討伐42% タップ5% → (a)OK ②改OK
  run12 対象 設備11% 金42% 討伐42% タップ5% → (a)OK ②改OK
  run13 対象 設備12% 金40% 討伐42% タップ5% → (a)OK ②改OK
  run14 対象 設備14% 金38% 討伐43% タップ5% → (a)OK ②改OK
  run15 対象 設備15% 金37% 討伐42% タップ6% → (a)OK ②改OK
  run16 対象 設備17% 金42% 討伐32% タップ9% → (a)OK ②改OK
  run17 対象 設備16% 金36% 討伐42% タップ6% → (a)OK ②改OK
  run18 対象 設備16% 金36% 討伐41% タップ6% → (a)OK ②改OK
  run19 対象 設備16% 金37% 討伐40% タップ7% → (a)OK ②改OK
  run20 対象 設備18% 金44% 討伐30% タップ8% → (a)OK ②改OK
  run21 対象 設備11% 金27% 討伐58% タップ4% → (a)OK ②改OK
  run22 対象 設備10% 金22% 討伐64% タップ4% → (a)OK ②改OK
  run23 対象 設備9% 金21% 討伐66% タップ4% → (a)OK ②改OK
  run24 対象 設備12% 金25% 討伐57% タップ6% → (a)OK ②改OK
  run25 対象 設備8% 金19% 討伐70% タップ3% → (a)OK ②改OK
  run26 対象 設備7% 金16% 討伐73% タップ3% → (a)OK ②改NG
  run27 対象 設備7% 金13% 討伐76% タップ3% → (a)OK ②改NG
  run28 対象 設備9% 金18% 討伐69% タップ4% → (a)OK ②改OK
  run29 対象 設備7% 金12% 討伐77% タップ4% → (a)OK ②改NG
  run30 対象 設備7% 金11% 討伐78% タップ4% → (a)OK ②改NG
  run31 対象 設備7% 金11% 討伐78% タップ4% → (a)OK ②改NG
  run32 対象 設備10% 金19% 討伐66% タップ5% → (a)OK ②改OK
  run33 対象 設備7% 金11% 討伐81% タップ2% → (a)OK ②改NG
  run34 対象 設備7% 金11% 討伐81% タップ1% → (a)OK ②改NG
  run35 対象 設備6% 金11% 討伐81% タップ2% → (a)OK ②改NG
  run36 対象 設備11% 金20% 討伐67% タップ3% → (a)OK ②改OK
  run37 対象 設備7% 金16% 討伐75% タップ2% → (a)OK ②改NG
  run38 対象 設備7% 金15% 討伐76% タップ2% → (a)OK ②改NG
  run39 対象 設備7% 金17% 討伐74% タップ2% → (a)OK ②改NG
  run40 対象 設備12% 金20% 討伐65% タップ3% → (a)OK ②改OK
  run41 対象 設備6% 金8% 討伐83% タップ3% → (a)OK ②改NG
  run42 対象 設備6% 金8% 討伐83% タップ3% → (a)OK ②改NG
  run43 対象 設備6% 金8% 討伐83% タップ3% → (a)OK ②改NG
  run44 対象 設備17% 金27% 討伐53% タップ4% → (a)OK ②改OK
  run45 対象 設備6% 金8% 討伐83% タップ3% → (a)OK ②改NG
  run46 対象 設備6% 金8% 討伐83% タップ3% → (a)OK ②改NG
  run47 対象 設備6% 金14% 討伐75% タップ6% → (a)OK ②改NG
bake(S1 バランス効率型) 主役=設備生産≥25%: 41/48周回 合格
  run 0 対象 設備8% 金55% 討伐11% タップ25% → (a)NG ②改OK
  run 1 対象 設備13% 金49% 討伐13% タップ25% → (a)NG ②改OK
  run 2 対象 設備12% 金27% 討伐19% タップ41% → (a)NG ②改OK
  run 3 対象 設備9% 金47% 討伐14% タップ30% → (a)NG ②改OK
  run 4 対象 設備7% 金61% 討伐12% タップ19% → (a)NG ②改OK
  run 5 対象 設備7% 金57% 討伐15% タップ21% → (a)NG ②改OK
  run 6 対象 設備21% 金45% 討伐14% タップ20% → (a)NG ②改OK
  run 7 対象 設備29% 金40% 討伐13% タップ17% → (a)OK ②改OK
  run 8 対象 設備29% 金45% 討伐11% タップ14% → (a)OK ②改OK
  run 9 対象 設備32% 金43% 討伐12% タップ14% → (a)OK ②改OK
  run10 対象 設備35% 金40% 討伐12% タップ13% → (a)OK ②改OK
  run11 対象 設備38% 金38% 討伐12% タップ13% → (a)OK ②改OK
  run12 対象 設備39% 金37% 討伐12% タップ12% → (a)OK ②改OK
  run13 対象 設備43% 金35% 討伐11% タップ11% → (a)OK ②改OK
  run14 対象 設備45% 金33% 討伐12% タップ10% → (a)OK ②改OK
  run15 対象 設備46% 金31% 討伐12% タップ11% → (a)OK ②改OK
  run16 対象 設備47% 金31% 討伐12% タップ10% → (a)OK ②改OK
  run17 対象 設備48% 金30% 討伐12% タップ10% → (a)OK ②改OK
  run18 対象 設備50% 金31% 討伐10% タップ9% → (a)OK ②改OK
  run19 対象 設備49% 金32% 討伐10% タップ9% → (a)OK ②改OK
  run20 対象 設備43% 金29% 討伐20% タップ7% → (a)OK ②改OK
  run21 対象 設備42% 金23% 討伐28% タップ7% → (a)OK ②改OK
  run22 対象 設備40% 金21% 討伐32% タップ7% → (a)OK ②改OK
  run23 対象 設備38% 金19% 討伐36% タップ7% → (a)OK ②改OK
  run24 対象 設備38% 金18% 討伐38% タップ7% → (a)OK ②改OK
  run25 対象 設備37% 金20% 討伐38% タップ6% → (a)OK ②改OK
  run26 対象 設備36% 金19% 討伐40% タップ6% → (a)OK ②改OK
  run27 対象 設備41% 金32% 討伐22% タップ6% → (a)OK ②改OK
  run28 対象 設備43% 金32% 討伐19% タップ6% → (a)OK ②改OK
  run29 対象 設備42% 金32% 討伐20% タップ6% → (a)OK ②改OK
  run30 対象 設備42% 金31% 討伐22% タップ6% → (a)OK ②改OK
  run31 対象 設備46% 金32% 討伐16% タップ6% → (a)OK ②改OK
  run32 対象 設備39% 金30% 討伐26% タップ6% → (a)OK ②改OK
  run33 対象 設備38% 金26% 討伐32% タップ4% → (a)OK ②改OK
  run34 対象 設備38% 金26% 討伐33% タップ3% → (a)OK ②改OK
  run35 対象 設備36% 金23% 討伐37% タップ4% → (a)OK ②改OK
  run36 対象 設備37% 金25% 討伐35% タップ3% → (a)OK ②改OK
  run37 対象 設備37% 金22% 討伐36% タップ5% → (a)OK ②改OK
  run38 対象 設備36% 金23% 討伐36% タップ4% → (a)OK ②改OK
  run39 対象 設備36% 金22% 討伐37% タップ4% → (a)OK ②改OK
  run40 対象 設備37% 金23% 討伐37% タップ4% → (a)OK ②改OK
  run41 対象 設備35% 金18% 討伐42% タップ5% → (a)OK ②改OK
  run42 対象 設備33% 金19% 討伐45% タップ4% → (a)OK ②改OK
  run43 対象 設備34% 金20% 討伐42% タップ4% → (a)OK ②改OK
  run44 対象 設備34% 金19% 討伐43% タップ5% → (a)OK ②改OK
  run45 対象 設備34% 金19% 討伐43% タップ5% → (a)OK ②改OK
  run46 対象 設備32% 金17% 討伐46% タップ5% → (a)OK ②改OK
  run47 対象 設備33% 金17% 討伐45% タップ5% → (a)OK ②改OK
㉘合計: 193/231周回
②(改・前半判定・得意ジャンルlift≤±1.5倍) 合計: 132/183周回
