=== ㉘稼ぎ口比率(100h・周回シェア=各tickシェアの周回平均) ===
balanced(S6 早回し転生型) 4つすべて≥10%: 14/48周回 合格
  run 0 対象 設備13% 金66% 討伐9% タップ12% → (a)NG
  run 1 対象 設備18% 金58% 討伐11% タップ13% → (a)OK
  run 2 対象 設備8% 金52% 討伐13% タップ28% → (a)NG
  run 3 対象 設備6% 金67% 討伐8% タップ18% → (a)NG
  run 4 対象 設備5% 金78% 討伐5% タップ12% → (a)NG
  run 5 対象 設備5% 金79% 討伐6% タップ9% → (a)NG
  run 6 対象 設備9% 金75% 討伐7% タップ9% → (a)NG
  run 7 対象 設備11% 金70% 討伐6% タップ13% → (a)NG
  run 8 対象 設備13% 金70% 討伐5% タップ12% → (a)NG
  run 9 対象 設備14% 金68% 討伐5% タップ13% → (a)NG
  run10 対象 設備14% 金67% 討伐5% タップ14% → (a)NG
  run11 対象 設備14% 金64% 討伐6% タップ15% → (a)NG
  run12 対象 設備15% 金63% 討伐6% タップ16% → (a)NG
  run13 対象 設備16% 金57% 討伐6% タップ21% → (a)NG
  run14 対象 設備17% 金54% 討伐6% タップ24% → (a)NG
  run15 対象 設備17% 金52% 討伐6% タップ26% → (a)NG
  run16 対象 設備17% 金50% 討伐6% タップ28% → (a)NG
  run17 対象 設備17% 金46% 討伐5% タップ31% → (a)NG
  run18 対象 設備17% 金46% 討伐5% タップ32% → (a)NG
  run19 対象 設備17% 金47% 討伐5% タップ31% → (a)NG
  run20 対象 設備15% 金39% 討伐15% タップ30% → (a)OK
  run21 対象 設備15% 金35% 討伐17% タップ32% → (a)OK
  run22 対象 設備14% 金31% 討伐21% タップ34% → (a)OK
  run23 対象 設備14% 金29% 討伐22% タップ35% → (a)OK
  run24 対象 設備13% 金25% 討伐25% タップ38% → (a)OK
  run25 対象 設備13% 金25% 討伐24% タップ38% → (a)OK
  run26 対象 設備13% 金23% 討伐25% タップ40% → (a)OK
  run27 対象 設備12% 金22% 討伐25% タップ41% → (a)OK
  run28 対象 設備13% 金27% 討伐22% タップ37% → (a)OK
  run29 対象 設備13% 金26% 討伐23% タップ38% → (a)OK
  run30 対象 設備13% 金26% 討伐24% タップ38% → (a)OK
  run31 対象 設備13% 金24% 討伐22% タップ41% → (a)OK
  run32 対象 設備13% 金25% 討伐23% タップ39% → (a)OK
  run33 対象 設備22% 金45% 討伐31% タップ2% → (a)NG
  run34 対象 設備22% 金42% 討伐34% タップ2% → (a)NG
  run35 対象 設備22% 金40% 討伐36% タップ2% → (a)NG
  run36 対象 設備24% 金41% 討伐33% タップ2% → (a)NG
  run37 対象 設備22% 金40% 討伐37% タップ2% → (a)NG
  run38 対象 設備21% 金39% 討伐37% タップ2% → (a)NG
  run39 対象 設備21% 金41% 討伐36% タップ2% → (a)NG
  run40 対象 設備22% 金37% 討伐39% タップ2% → (a)NG
  run41 対象 設備21% 金37% 討伐39% タップ3% → (a)NG
  run42 対象 設備20% 金32% 討伐46% タップ2% → (a)NG
  run43 対象 設備20% 金34% 討伐44% タップ2% → (a)NG
  run44 対象 設備20% 金34% 討伐44% タップ2% → (a)NG
  run45 対象 設備21% 金38% 討伐39% タップ3% → (a)NG
  run46 対象 設備17% 金35% 討伐44% タップ4% → (a)NG
  run47 対象 設備20% 金30% 討伐47% タップ3% → (a)NG
click(S2 クリック会心型) 主役=タップ≥25%: 24/48周回 合格
  run 0 対象 設備8% 金65% 討伐9% タップ18% → (a)NG
  run 1 対象 設備13% 金59% 討伐9% タップ19% → (a)NG
  run 2 対象 設備3% 金47% 討伐14% タップ36% → (a)OK
  run 3 対象 設備6% 金57% 討伐10% タップ27% → (a)OK
  run 4 対象 設備8% 金68% 討伐6% タップ17% → (a)NG
  run 5 対象 設備13% 金67% 討伐7% タップ13% → (a)NG
  run 6 対象 設備20% 金61% 討伐7% タップ12% → (a)NG
  run 7 対象 設備23% 金52% 討伐6% タップ18% → (a)NG
  run 8 対象 設備24% 金51% 討伐5% タップ20% → (a)NG
  run 9 対象 設備23% 金50% 討伐5% タップ22% → (a)NG
  run10 対象 設備26% 金47% 討伐5% タップ23% → (a)NG
  run11 対象 設備26% 金43% 討伐5% タップ27% → (a)OK
  run12 対象 設備27% 金42% 討伐5% タップ26% → (a)OK
  run13 対象 設備26% 金37% 討伐4% タップ32% → (a)OK
  run14 対象 設備27% 金36% 討伐5% タップ33% → (a)OK
  run15 対象 設備28% 金33% 討伐5% タップ35% → (a)OK
  run16 対象 設備27% 金32% 討伐5% タップ37% → (a)OK
  run17 対象 設備26% 金30% 討伐4% タップ40% → (a)OK
  run18 対象 設備25% 金30% 討伐4% タップ41% → (a)OK
  run19 対象 設備26% 金31% 討伐4% タップ40% → (a)OK
  run20 対象 設備23% 金26% 討伐10% タップ41% → (a)OK
  run21 対象 設備24% 金24% 討伐12% タップ40% → (a)OK
  run22 対象 設備24% 金21% 討伐14% タップ42% → (a)OK
  run23 対象 設備22% 金19% 討伐15% タップ44% → (a)OK
  run24 対象 設備21% 金18% 討伐16% タップ46% → (a)OK
  run25 対象 設備21% 金18% 討伐15% タップ46% → (a)OK
  run26 対象 設備20% 金17% 討伐15% タップ48% → (a)OK
  run27 対象 設備20% 金16% 討伐16% タップ48% → (a)OK
  run28 対象 設備19% 金15% 討伐16% タップ49% → (a)OK
  run29 対象 設備19% 金15% 討伐17% タップ49% → (a)OK
  run30 対象 設備19% 金15% 討伐17% タップ49% → (a)OK
  run31 対象 設備19% 金14% 討伐16% タップ51% → (a)OK
  run32 対象 設備21% 金18% 討伐17% タップ44% → (a)OK
  run33 対象 設備35% 金23% 討伐35% タップ7% → (a)NG
  run34 対象 設備37% 金25% 討伐34% タップ5% → (a)NG
  run35 対象 設備36% 金22% 討伐36% タップ6% → (a)NG
  run36 対象 設備36% 金23% 討伐34% タップ6% → (a)NG
  run37 対象 設備37% 金26% 討伐33% タップ4% → (a)NG
  run38 対象 設備37% 金25% 討伐34% タップ5% → (a)NG
  run39 対象 設備37% 金26% 討伐33% タップ4% → (a)NG
  run40 対象 設備38% 金25% 討伐33% タップ4% → (a)NG
  run41 対象 設備39% 金25% 討伐33% タップ3% → (a)NG
  run42 対象 設備39% 金25% 討伐33% タップ4% → (a)NG
  run43 対象 設備39% 金25% 討伐33% タップ4% → (a)NG
  run44 対象 設備39% 金21% 討伐36% タップ5% → (a)NG
  run45 対象 設備38% 金19% 討伐38% タップ5% → (a)NG
  run46 対象 設備37% 金22% 討伐36% タップ5% → (a)NG
  run47 対象 設備38% 金20% 討伐37% タップ5% → (a)NG
golden(S3 金クッキー特化型) 主役=金クッキー≥25%: 44/44周回 合格
  run 0 対象外 設備13% 金59% 討伐13% タップ16%
  run 1 対象外 設備12% 金61% 討伐12% タップ15%
  run 2 対象外 設備10% 金48% 討伐16% タップ26%
  run 3 対象外 設備7% 金71% 討伐9% タップ14%
  run 4 対象 設備6% 金77% 討伐8% タップ9% → (a)OK
  run 5 対象 設備8% 金74% 討伐8% タップ11% → (a)OK
  run 6 対象 設備9% 金74% 討伐8% タップ10% → (a)OK
  run 7 対象 設備10% 金68% 討伐13% タップ9% → (a)OK
  run 8 対象 設備11% 金71% 討伐12% タップ5% → (a)OK
  run 9 対象 設備12% 金68% 討伐15% タップ5% → (a)OK
  run10 対象 設備12% 金69% 討伐15% タップ4% → (a)OK
  run11 対象 設備14% 金66% 討伐15% タップ5% → (a)OK
  run12 対象 設備14% 金65% 討伐16% タップ5% → (a)OK
  run13 対象 設備15% 金63% 討伐17% タップ5% → (a)OK
  run14 対象 設備17% 金61% 討伐18% タップ5% → (a)OK
  run15 対象 設備18% 金59% 討伐17% タップ5% → (a)OK
  run16 対象 設備19% 金58% 討伐18% タップ5% → (a)OK
  run17 対象 設備19% 金55% 討伐20% タップ5% → (a)OK
  run18 対象 設備20% 金57% 討伐19% タップ5% → (a)OK
  run19 対象 設備20% 金59% 討伐17% タップ4% → (a)OK
  run20 対象 設備17% 金52% 討伐28% タップ4% → (a)OK
  run21 対象 設備17% 金47% 討伐33% タップ4% → (a)OK
  run22 対象 設備15% 金41% 討伐40% タップ4% → (a)OK
  run23 対象 設備14% 金37% 討伐46% タップ3% → (a)OK
  run24 対象 設備13% 金33% 討伐51% タップ3% → (a)OK
  run25 対象 設備13% 金31% 討伐54% タップ3% → (a)OK
  run26 対象 設備12% 金28% 討伐57% タップ3% → (a)OK
  run27 対象 設備31% 金62% 討伐0% タップ7% → (a)OK
  run28 対象 設備31% 金62% 討伐0% タップ7% → (a)OK
  run29 対象 設備31% 金61% 討伐0% タップ7% → (a)OK
  run30 対象 設備32% 金61% 討伐0% タップ8% → (a)OK
  run31 対象 設備32% 金60% 討伐0% タップ8% → (a)OK
  run32 対象 設備37% 金63% 討伐0% タップ0% → (a)OK
  run33 対象 設備37% 金62% 討伐0% タップ0% → (a)OK
  run34 対象 設備38% 金62% 討伐0% タップ0% → (a)OK
  run35 対象 設備38% 金61% 討伐0% タップ0% → (a)OK
  run36 対象 設備38% 金61% 討伐0% タップ0% → (a)OK
  run37 対象 設備40% 金59% 討伐0% タップ0% → (a)OK
  run38 対象 設備40% 金60% 討伐0% タップ0% → (a)OK
  run39 対象 設備41% 金58% 討伐0% タップ0% → (a)OK
  run40 対象 設備42% 金57% 討伐0% タップ0% → (a)OK
  run41 対象 設備41% 金58% 討伐0% タップ0% → (a)OK
  run42 対象 設備40% 金60% 討伐0% タップ0% → (a)OK
  run43 対象 設備43% 金57% 討伐0% タップ0% → (a)OK
  run44 対象 設備42% 金57% 討伐0% タップ0% → (a)OK
  run45 対象 設備43% 金56% 討伐0% タップ0% → (a)OK
  run46 対象 設備19% 金47% 討伐33% タップ0% → (a)OK
  run47 対象 設備20% 金42% 討伐37% タップ0% → (a)OK
hunt(S4 狩猟特化型) 主役=討伐由来≥25%: 43/43周回 合格
  run 0 対象外 設備21% 金69% 討伐5% タップ5%
  run 1 対象外 設備1% 金53% 討伐26% タップ20%
  run 2 対象外 設備5% 金47% 討伐30% タップ18%
  run 3 対象外 設備4% 金67% 討伐16% タップ12%
  run 4 対象外 設備4% 金75% 討伐14% タップ8%
  run 5 対象 設備4% 金62% 討伐28% タップ7% → (a)OK
  run 6 対象 設備5% 金62% 討伐26% タップ7% → (a)OK
  run 7 対象 設備7% 金52% 討伐36% タップ5% → (a)OK
  run 8 対象 設備8% 金53% 討伐35% タップ4% → (a)OK
  run 9 対象 設備9% 金50% 討伐37% タップ4% → (a)OK
  run10 対象 設備10% 金49% 討伐38% タップ4% → (a)OK
  run11 対象 設備11% 金47% 討伐38% タップ4% → (a)OK
  run12 対象 設備11% 金47% 討伐38% タップ4% → (a)OK
  run13 対象 設備13% 金43% 討伐39% タップ4% → (a)OK
  run14 対象 設備14% 金42% 討伐40% タップ4% → (a)OK
  run15 対象 設備15% 金43% 討伐38% タップ5% → (a)OK
  run16 対象 設備16% 金43% 討伐35% タップ6% → (a)OK
  run17 対象 設備17% 金38% 討伐39% タップ6% → (a)OK
  run18 対象 設備16% 金39% 討伐39% タップ6% → (a)OK
  run19 対象 設備16% 金41% 討伐37% タップ6% → (a)OK
  run20 対象 設備13% 金46% 討伐37% タップ5% → (a)OK
  run21 対象 設備11% 金30% 討伐56% タップ4% → (a)OK
  run22 対象 設備10% 金25% 討伐62% タップ3% → (a)OK
  run23 対象 設備9% 金22% 討伐66% タップ3% → (a)OK
  run24 対象 設備10% 金25% 討伐61% タップ4% → (a)OK
  run25 対象 設備8% 金20% 討伐69% タップ3% → (a)OK
  run26 対象 設備7% 金17% 討伐73% タップ3% → (a)OK
  run27 対象 設備7% 金13% 討伐77% タップ3% → (a)OK
  run28 対象 設備8% 金16% 討伐73% タップ3% → (a)OK
  run29 対象 設備7% 金13% 討伐77% タップ3% → (a)OK
  run30 対象 設備7% 金12% 討伐78% タップ3% → (a)OK
  run31 対象 設備7% 金12% 討伐78% タップ3% → (a)OK
  run32 対象 設備9% 金18% 討伐69% タップ4% → (a)OK
  run33 対象 設備7% 金13% 討伐79% タップ1% → (a)OK
  run34 対象 設備7% 金13% 討伐80% タップ0% → (a)OK
  run35 対象 設備6% 金13% 討伐80% タップ0% → (a)OK
  run36 対象 設備13% 金32% 討伐54% タップ1% → (a)OK
  run37 対象 設備7% 金19% 討伐74% タップ0% → (a)OK
  run38 対象 設備7% 金17% 討伐76% タップ0% → (a)OK
  run39 対象 設備6% 金11% 討伐82% タップ1% → (a)OK
  run40 対象 設備9% 金17% 討伐74% タップ1% → (a)OK
  run41 対象 設備6% 金11% 討伐82% タップ1% → (a)OK
  run42 対象 設備6% 金11% 討伐82% タップ1% → (a)OK
  run43 対象 設備6% 金12% 討伐81% タップ1% → (a)OK
  run44 対象 設備11% 金23% 討伐66% タップ1% → (a)OK
  run45 対象 設備6% 金12% 討伐82% タップ1% → (a)OK
  run46 対象 設備6% 金12% 討伐82% タップ1% → (a)OK
  run47 対象 設備5% 金9% 討伐86% タップ0% → (a)OK
