=== ㉘稼ぎ口比率(100h・周回シェア=各tickシェアの周回平均) ===
balanced(S6 早回し転生型) 4つすべて≥10%: 5/29周回 合格
  run 0 対象 設備6% 金49% 討伐25% タップ20% → (a)NG
  run 1 対象 設備8% 金45% 討伐28% タップ19% → (a)NG
  run 2 対象 設備11% 金26% 討伐41% タップ22% → (a)OK
  run 3 対象 設備11% 金45% 討伐32% タップ11% → (a)OK
  run 4 対象 設備10% 金34% 討伐47% タップ8% → (a)NG
  run 5 対象 設備20% 金51% 討伐26% タップ4% → (a)NG
  run 6 対象 設備24% 金48% 討伐24% タップ3% → (a)NG
  run 7 対象 設備27% 金48% 討伐22% タップ3% → (a)NG
  run 8 対象 設備32% 金48% 討伐16% タップ4% → (a)NG
  run 9 対象 設備30% 金41% 討伐13% タップ16% → (a)OK
  run10 対象 設備28% 金36% 討伐13% タップ23% → (a)OK
  run11 対象 設備28% 金34% 討伐11% タップ27% → (a)OK
  run12 対象 設備27% 金30% 討伐9% タップ35% → (a)NG
  run13 対象 設備25% 金26% 討伐8% タップ41% → (a)NG
  run14 対象 設備24% 金23% 討伐7% タップ47% → (a)NG
  run15 対象 設備23% 金19% 討伐6% タップ53% → (a)NG
  run16 対象 設備25% 金31% 討伐5% タップ39% → (a)NG
  run17 対象 設備26% 金30% 討伐3% タップ41% → (a)NG
  run18 対象 設備25% 金29% 討伐4% タップ42% → (a)NG
  run19 対象 設備25% 金29% 討伐5% タップ41% → (a)NG
  run20 対象 設備50% 金40% 討伐10% タップ0% → (a)NG
  run21 対象 設備49% 金39% 討伐12% タップ0% → (a)NG
  run22 対象 設備52% 金36% 討伐12% タップ0% → (a)NG
  run23 対象 設備50% 金35% 討伐15% タップ0% → (a)NG
  run24 対象 設備43% 金29% 討伐28% タップ0% → (a)NG
  run25 対象 設備33% 金16% 討伐50% タップ0% → (a)NG
  run26 対象 設備45% 金29% 討伐26% タップ0% → (a)NG
  run27 対象 設備42% 金26% 討伐32% タップ0% → (a)NG
  run28 対象 設備45% 金29% 討伐27% タップ0% → (a)NG
click(S2 クリック会心型) 主役=タップ≥25%: 13/29周回 合格
  run 0 対象 設備2% 金56% 討伐10% タップ32% → (a)OK
  run 1 対象 設備13% 金43% 討伐11% タップ33% → (a)OK
  run 2 対象 設備22% 金23% 討伐17% タップ38% → (a)OK
  run 3 対象 設備22% 金45% 討伐14% タップ19% → (a)NG
  run 4 対象 設備27% 金37% 討伐23% タップ13% → (a)NG
  run 5 対象 設備30% 金52% 討伐11% タップ7% → (a)NG
  run 6 対象 設備35% 金49% 討伐9% タップ6% → (a)NG
  run 7 対象 設備40% 金48% 討伐6% タップ6% → (a)NG
  run 8 対象 設備45% 金43% 討伐6% タップ6% → (a)NG
  run 9 対象 設備42% 金34% 討伐4% タップ21% → (a)NG
  run10 対象 設備42% 金32% 討伐3% タップ23% → (a)NG
  run11 対象 設備40% 金29% 討伐3% タップ28% → (a)OK
  run12 対象 設備40% 金25% 討伐2% タップ33% → (a)OK
  run13 対象 設備39% 金21% 討伐2% タップ38% → (a)OK
  run14 対象 設備40% 金19% 討伐1% タップ40% → (a)OK
  run15 対象 設備41% 金17% 討伐1% タップ41% → (a)OK
  run16 対象 設備41% 金16% 討伐3% タップ40% → (a)OK
  run17 対象 設備42% 金14% 討伐3% タップ41% → (a)OK
  run18 対象 設備43% 金13% 討伐3% タップ41% → (a)OK
  run19 対象 設備49% 金10% 討伐2% タップ39% → (a)OK
  run20 対象 設備47% 金9% 討伐1% タップ43% → (a)OK
  run21 対象 設備74% 金19% 討伐2% タップ5% → (a)NG
  run22 対象 設備74% 金20% 討伐2% タップ4% → (a)NG
  run23 対象 設備74% 金20% 討伐3% タップ4% → (a)NG
  run24 対象 設備74% 金19% 討伐3% タップ3% → (a)NG
  run25 対象 設備75% 金17% 討伐4% タップ3% → (a)NG
  run26 対象 設備75% 金17% 討伐4% タップ4% → (a)NG
  run27 対象 設備75% 金17% 討伐5% タップ3% → (a)NG
  run28 対象 設備78% 金11% 討伐9% タップ2% → (a)NG
golden(S3 金クッキー特化型) 主役=金クッキー≥25%: 30/30周回 合格
  run 0 対象 設備5% 金71% 討伐7% タップ17% → (a)OK
  run 1 対象 設備8% 金65% 討伐8% タップ20% → (a)OK
  run 2 対象 設備16% 金41% 討伐19% タップ23% → (a)OK
  run 3 対象 設備15% 金59% 討伐15% タップ11% → (a)OK
  run 4 対象 設備20% 金61% 討伐14% タップ5% → (a)OK
  run 5 対象 設備21% 金55% 討伐20% タップ4% → (a)OK
  run 6 対象 設備23% 金53% 討伐22% タップ2% → (a)OK
  run 7 対象 設備24% 金48% 討伐26% タップ2% → (a)OK
  run 8 対象 設備28% 金45% 討伐27% タップ1% → (a)OK
  run 9 対象 設備28% 金43% 討伐27% タップ1% → (a)OK
  run10 対象 設備29% 金40% 討伐27% タップ3% → (a)OK
  run11 対象 設備30% 金39% 討伐26% タップ5% → (a)OK
  run12 対象 設備31% 金39% 討伐25% タップ5% → (a)OK
  run13 対象 設備32% 金35% 討伐25% タップ8% → (a)OK
  run14 対象 設備33% 金32% 討伐23% タップ11% → (a)OK
  run15 対象 設備35% 金29% 討伐23% タップ13% → (a)OK
  run16 対象 設備36% 金27% 討伐23% タップ15% → (a)OK
  run17 対象 設備48% 金32% 討伐0% タップ20% → (a)OK
  run18 対象 設備42% 金45% 討伐0% タップ13% → (a)OK
  run19 対象 設備40% 金38% 討伐7% タップ15% → (a)OK
  run20 対象 設備45% 金39% 討伐0% タップ16% → (a)OK
  run21 対象 設備57% 金43% 討伐0% タップ0% → (a)OK
  run22 対象 設備57% 金42% 討伐0% タップ0% → (a)OK
  run23 対象 設備58% 金42% 討伐0% タップ0% → (a)OK
  run24 対象 設備60% 金40% 討伐0% タップ0% → (a)OK
  run25 対象 設備61% 金38% 討伐0% タップ0% → (a)OK
  run26 対象 設備68% 金32% 討伐0% タップ0% → (a)OK
  run27 対象 設備63% 金37% 討伐0% タップ0% → (a)OK
  run28 対象 設備69% 金31% 討伐0% タップ0% → (a)OK
  run29 対象 設備43% 金31% 討伐26% タップ0% → (a)OK
hunt(S4 狩猟特化型) 主役=討伐由来≥25%: 27/28周回 合格
  run 0 対象 設備2% 金54% 討伐21% タップ24% → (a)NG
  run 1 対象 設備10% 金20% 討伐31% タップ39% → (a)OK
  run 2 対象 設備10% 金40% 討伐27% タップ22% → (a)OK
  run 3 対象 設備15% 金53% 討伐26% タップ5% → (a)OK
  run 4 対象 設備17% 金50% 討伐31% タップ2% → (a)OK
  run 5 対象 設備17% 金41% 討伐39% タップ2% → (a)OK
  run 6 対象 設備19% 金39% 討伐41% タップ2% → (a)OK
  run 7 対象 設備23% 金39% 討伐38% タップ1% → (a)OK
  run 8 対象 設備24% 金37% 討伐38% タップ1% → (a)OK
  run 9 対象 設備24% 金34% 討伐38% タップ4% → (a)OK
  run10 対象 設備26% 金32% 討伐36% タップ7% → (a)OK
  run11 対象 設備26% 金30% 討伐35% タップ9% → (a)OK
  run12 対象 設備27% 金29% 討伐33% タップ12% → (a)OK
  run13 対象 設備27% 金25% 討伐32% タップ16% → (a)OK
  run14 対象 設備28% 金23% 討伐30% タップ19% → (a)OK
  run15 対象 設備29% 金21% 討伐30% タップ20% → (a)OK
  run16 対象 設備30% 金20% 討伐30% タップ20% → (a)OK
  run17 対象 設備30% 金20% 討伐30% タップ20% → (a)OK
  run18 対象 設備31% 金19% 討伐29% タップ21% → (a)OK
  run19 対象 設備33% 金17% 討伐28% タップ22% → (a)OK
  run20 対象 設備45% 金20% 討伐34% タップ1% → (a)OK
  run21 対象 設備46% 金19% 討伐35% タップ0% → (a)OK
  run22 対象 設備38% 金23% 討伐39% タップ0% → (a)OK
  run23 対象 設備37% 金15% 討伐46% タップ2% → (a)OK
  run24 対象 設備36% 金14% 討伐49% タップ1% → (a)OK
  run25 対象 設備34% 金12% 討伐52% タップ1% → (a)OK
  run26 対象 設備31% 金11% 討伐57% タップ1% → (a)OK
  run27 対象 設備6% 金15% 討伐80% タップ0% → (a)OK
bake(S1 バランス効率型) 主役=設備生産≥25%: 25/27周回 合格
  run 0 対象 設備9% 金61% 討伐9% タップ21% → (a)NG
  run 1 対象 設備9% 金56% 討伐9% タップ26% → (a)NG
  run 2 対象 設備27% 金43% 討伐11% タップ19% → (a)OK
  run 3 対象 設備37% 金45% 討伐9% タップ10% → (a)OK
  run 4 対象 設備47% 金41% 討伐9% タップ4% → (a)OK
  run 5 対象 設備54% 金37% 討伐7% タップ2% → (a)OK
  run 6 対象 設備58% 金32% 討伐8% タップ2% → (a)OK
  run 7 対象 設備62% 金29% 討伐8% タップ2% → (a)OK
  run 8 対象 設備65% 金27% 討伐6% タップ2% → (a)OK
  run 9 対象 設備64% 金24% 討伐6% タップ6% → (a)OK
  run10 対象 設備64% 金23% 討伐5% タップ7% → (a)OK
  run11 対象 設備63% 金22% 討伐5% タップ10% → (a)OK
  run12 対象 設備63% 金20% 討伐5% タップ11% → (a)OK
  run13 対象 設備62% 金19% 討伐5% タップ14% → (a)OK
  run14 対象 設備62% 金17% 討伐5% タップ17% → (a)OK
  run15 対象 設備62% 金16% 討伐5% タップ17% → (a)OK
  run16 対象 設備63% 金22% 討伐3% タップ12% → (a)OK
  run17 対象 設備60% 金23% 討伐5% タップ12% → (a)OK
  run18 対象 設備62% 金21% 討伐4% タップ13% → (a)OK
  run19 対象 設備71% 金23% 討伐5% タップ0% → (a)OK
  run20 対象 設備72% 金21% 討伐7% タップ0% → (a)OK
  run21 対象 設備70% 金20% 討伐10% タップ0% → (a)OK
  run22 対象 設備68% 金20% 討伐12% タップ0% → (a)OK
  run23 対象 設備50% 金10% 討伐40% タップ0% → (a)OK
  run24 対象 設備65% 金17% 討伐19% タップ0% → (a)OK
  run25 対象 設備62% 金15% 討伐22% タップ0% → (a)OK
  run26 対象 設備62% 金15% 討伐23% タップ0% → (a)OK
㉘合計: 100/143周回
②(改2・方針間: 得意分野liftの中央値が幾何平均1.71の±1.5倍以内) click=1.26 golden=1.68 hunt=1.54 bake=2.66(帯外) → NG
