=== ㉘稼ぎ口比率(100h・周回シェア=各tickシェアの周回平均) ===
balanced(S6 早回し転生型) 4つすべて≥10%: 42/49周回 合格
  run 0 対象 設備15% 金57% 討伐9% タップ19% → (a)NG ②改OK
  run 1 対象 設備13% 金51% 討伐13% タップ23% → (a)OK ②改OK
  run 2 対象 設備11% 金25% 討伐20% タップ44% → (a)OK ②改OK
  run 3 対象 設備8% 金44% 討伐15% タップ33% → (a)NG ②改OK
  run 4 対象 設備8% 金51% 討伐15% タップ25% → (a)NG ②改OK
  run 5 対象 設備8% 金47% 討伐17% タップ27% → (a)NG ②改OK
  run 6 対象 設備15% 金39% 討伐18% タップ28% → (a)OK ②改OK
  run 7 対象 設備15% 金47% 討伐16% タップ21% → (a)OK ②改OK
  run 8 対象 設備15% 金43% 討伐17% タップ25% → (a)OK ②改OK
  run 9 対象 設備15% 金51% 討伐14% タップ20% → (a)OK ②改OK
  run10 対象 設備16% 金51% 討伐13% タップ20% → (a)OK ②改OK
  run11 対象 設備16% 金51% 討伐14% タップ19% → (a)OK ②改OK
  run12 対象 設備18% 金47% 討伐14% タップ20% → (a)OK ②改OK
  run13 対象 設備19% 金46% 討伐14% タップ21% → (a)OK ②改OK
  run14 対象 設備20% 金43% 討伐14% タップ23% → (a)OK ②改OK
  run15 対象 設備20% 金42% 討伐15% タップ23% → (a)OK ②改OK
  run16 対象 設備21% 金39% 討伐15% タップ25% → (a)OK ②改OK
  run17 対象 設備21% 金38% 討伐15% タップ25% → (a)OK ②改OK
  run18 対象 設備22% 金37% 討伐14% タップ28% → (a)OK ②改OK
  run19 対象 設備21% 金39% 討伐12% タップ28% → (a)OK ②改OK
  run20 対象 設備21% 金39% 討伐12% タップ28% → (a)OK ②改OK
  run21 対象 設備18% 金33% 討伐24% タップ25% → (a)OK ②改OK
  run22 対象 設備18% 金31% 討伐25% タップ26% → (a)OK ②改OK
  run23 対象 設備18% 金27% 討伐28% タップ27% → (a)OK ②改OK
  run24 対象 設備17% 金23% 討伐31% タップ29% → (a)OK ②改OK
  run25 対象 設備16% 金22% 討伐33% タップ30% → (a)OK ②改OK
  run26 対象 設備15% 金24% 討伐30% タップ30% → (a)OK ②改OK
  run27 対象 設備15% 金23% 討伐31% タップ31% → (a)OK ②改OK
  run28 対象 設備15% 金22% 討伐31% タップ32% → (a)OK ②改OK
  run29 対象 設備15% 金28% 討伐28% タップ29% → (a)OK ②改OK
  run30 対象 設備15% 金27% 討伐29% タップ29% → (a)OK ②改OK
  run31 対象 設備15% 金26% 討伐29% タップ30% → (a)OK ②改OK
  run32 対象 設備15% 金22% 討伐29% タップ35% → (a)OK ②改OK
  run33 対象 設備15% 金26% 討伐29% タップ30% → (a)OK ②改OK
  run34 対象 設備21% 金34% 討伐35% タップ10% → (a)OK ②改OK
  run35 対象 設備21% 金33% 討伐34% タップ12% → (a)OK ②改OK
  run36 対象 設備21% 金34% 討伐36% タップ10% → (a)NG ②改OK
  run37 対象 設備19% 金33% 討伐38% タップ10% → (a)NG ②改OK
  run38 対象 設備20% 金31% 討伐38% タップ12% → (a)OK ②改OK
  run39 対象 設備21% 金35% 討伐36% タップ8% → (a)NG ②改OK
  run40 対象 設備21% 金29% 討伐40% タップ10% → (a)OK ②改OK
  run41 対象 設備21% 金30% 討伐39% タップ11% → (a)OK ②改OK
  run42 対象 設備18% 金25% 討伐47% タップ10% → (a)OK ②改OK
  run43 対象 設備19% 金23% 討伐47% タップ11% → (a)OK ②改OK
  run44 対象 設備19% 金26% 討伐45% タップ11% → (a)OK ②改OK
  run45 対象 設備18% 金25% 討伐43% タップ14% → (a)OK ②改OK
  run46 対象 設備20% 金26% 討伐42% タップ12% → (a)OK ②改OK
  run47 対象 設備17% 金27% 討伐44% タップ13% → (a)OK ②改OK
  run48 対象 設備16% 金25% 討伐45% タップ14% → (a)OK ②改OK
click(S2 クリック会心型) 主役=タップ≥30%: 25/49周回 合格
  run 0 対象 設備12% 金48% 討伐9% タップ31% → (a)OK ②改OK
  run 1 対象 設備11% 金50% 討伐12% タップ27% → (a)NG ②改OK
  run 2 対象 設備5% 金13% 討伐23% タップ59% → (a)OK ②改NG
  run 3 対象 設備7% 金29% 討伐18% タップ46% → (a)OK ②改OK
  run 4 対象 設備15% 金34% 討伐18% タップ33% → (a)OK ②改OK
  run 5 対象 設備19% 金30% 討伐18% タップ32% → (a)OK ②改OK
  run 6 対象 設備29% 金25% 討伐17% タップ29% → (a)NG ②改OK
  run 7 対象 設備35% 金22% 討伐16% タップ27% → (a)NG ②改OK
  run 8 対象 設備37% 金23% 討伐15% タップ25% → (a)NG ②改OK
  run 9 対象 設備31% 金30% 討伐13% タップ26% → (a)NG ②改OK
  run10 対象 設備30% 金30% 討伐12% タップ27% → (a)NG ②改OK
  run11 対象 設備34% 金27% 討伐12% タップ27% → (a)NG ②改OK
  run12 対象 設備32% 金27% 討伐11% タップ30% → (a)NG ②改OK
  run13 対象 設備32% 金26% 討伐10% タップ31% → (a)OK ②改OK
  run14 対象 設備34% 金23% 討伐11% タップ33% → (a)OK ②改OK
  run15 対象 設備36% 金23% 討伐11% タップ30% → (a)NG ②改OK
  run16 対象 設備36% 金23% 討伐10% タップ31% → (a)OK ②改OK
  run17 対象 設備36% 金21% 討伐11% タップ32% → (a)OK ②改OK
  run18 対象 設備33% 金21% 討伐10% タップ36% → (a)OK ②改OK
  run19 対象 設備31% 金22% 討伐9% タップ37% → (a)OK ②改OK
  run20 対象 設備33% 金21% 討伐10% タップ36% → (a)OK ②改OK
  run21 対象 設備30% 金18% 討伐16% タップ37% → (a)OK ②改OK
  run22 対象 設備29% 金18% 討伐18% タップ35% → (a)OK ②改OK
  run23 対象 設備28% 金16% 討伐20% タップ36% → (a)OK ②改OK
  run24 対象 設備26% 金14% 討伐20% タップ40% → (a)OK ②改OK
  run25 対象 設備25% 金13% 討伐20% タップ42% → (a)OK ②改OK
  run26 対象 設備22% 金16% 討伐18% タップ44% → (a)OK ②改OK
  run27 対象 設備21% 金15% 討伐17% タップ47% → (a)OK ②改OK
  run28 対象 設備20% 金15% 討伐18% タップ47% → (a)OK ②改OK
  run29 対象 設備20% 金12% 討伐19% タップ49% → (a)OK ②改OK
  run30 対象 設備20% 金12% 討伐20% タップ48% → (a)OK ②改OK
  run31 対象 設備19% 金13% 討伐19% タップ49% → (a)OK ②改OK
  run32 対象 設備20% 金10% 討伐20% タップ50% → (a)OK ②改OK
  run33 対象 設備23% 金15% 討伐20% タップ41% → (a)OK ②改OK
  run34 対象 設備32% 金16% 討伐37% タップ15% → (a)NG ②改OK
  run35 対象 設備27% 金14% 討伐33% タップ27% → (a)NG ②改OK
  run36 対象 設備27% 金12% 討伐34% タップ27% → (a)NG ②改OK
  run37 対象 設備30% 金17% 討伐34% タップ20% → (a)NG ②改OK
  run38 対象 設備28% 金14% 討伐32% タップ26% → (a)NG ②改OK
  run39 対象 設備28% 金14% 討伐33% タップ25% → (a)NG ②改OK
  run40 対象 設備31% 金17% 討伐33% タップ19% → (a)NG ②改OK
  run41 対象 設備30% 金16% 討伐33% タップ20% → (a)NG ②改OK
  run42 対象 設備29% 金15% 討伐33% タップ23% → (a)NG ②改OK
  run43 対象 設備32% 金15% 討伐34% タップ18% → (a)NG ②改OK
  run44 対象 設備32% 金16% 討伐34% タップ19% → (a)NG ②改OK
  run45 対象 設備33% 金14% 討伐36% タップ18% → (a)NG ②改OK
  run46 対象 設備29% 金14% 討伐34% タップ24% → (a)NG ②改OK
  run47 対象 設備31% 金11% 討伐36% タップ23% → (a)NG ②改OK
  run48 対象 設備31% 金11% 討伐36% タップ23% → (a)NG ②改OK
golden(S3 金クッキー特化型) 主役=金クッキー≥30%: 40/44周回 合格
  run 0 対象外 設備29% 金40% 討伐9% タップ22%
  run 1 対象外 設備7% 金45% 討伐17% タップ31%
  run 2 対象外 設備8% 金60% 討伐12% タップ20%
  run 3 対象外 設備9% 金53% 討伐15% タップ24%
  run 4 対象 設備8% 金57% 討伐16% タップ19% → (a)OK ②改NG
  run 5 対象 設備10% 金48% 討伐19% タップ23% → (a)OK ②改OK
  run 6 対象 設備11% 金53% 討伐17% タップ19% → (a)OK ②改NG
  run 7 対象 設備10% 金47% 討伐23% タップ21% → (a)OK ②改OK
  run 8 対象 設備10% 金55% 討伐20% タップ15% → (a)OK ②改NG
  run 9 対象 設備10% 金53% 討伐23% タップ14% → (a)OK ②改NG
  run10 対象 設備12% 金51% 討伐22% タップ15% → (a)OK ②改OK
  run11 対象 設備13% 金48% 討伐23% タップ15% → (a)OK ②改OK
  run12 対象 設備14% 金47% 討伐25% タップ14% → (a)OK ②改OK
  run13 対象 設備15% 金47% 討伐25% タップ13% → (a)OK ②改OK
  run14 対象 設備16% 金48% 討伐24% タップ12% → (a)OK ②改OK
  run15 対象 設備19% 金45% 討伐24% タップ12% → (a)OK ②改OK
  run16 対象 設備17% 金45% 討伐26% タップ12% → (a)OK ②改OK
  run17 対象 設備18% 金45% 討伐26% タップ11% → (a)OK ②改OK
  run18 対象 設備19% 金46% 討伐25% タップ10% → (a)OK ②改OK
  run19 対象 設備19% 金48% 討伐23% タップ10% → (a)OK ②改OK
  run20 対象 設備16% 金40% 討伐35% タップ8% → (a)OK ②改OK
  run21 対象 設備17% 金36% 討伐39% タップ8% → (a)OK ②改OK
  run22 対象 設備16% 金32% 討伐45% タップ8% → (a)OK ②改OK
  run23 対象 設備15% 金28% 討伐51% タップ7% → (a)NG ②改OK
  run24 対象 設備13% 金25% 討伐55% タップ6% → (a)NG ②改OK
  run25 対象 設備12% 金29% 討伐55% タップ4% → (a)NG ②改OK
  run26 対象 設備11% 金27% 討伐58% タップ4% → (a)NG ②改OK
  run27 対象 設備30% 金59% 討伐2% タップ9% → (a)OK ②改NG
  run28 対象 設備30% 金59% 討伐1% タップ9% → (a)OK ②改NG
  run29 対象 設備31% 金59% 討伐1% タップ9% → (a)OK ②改NG
  run30 対象 設備31% 金58% 討伐1% タップ10% → (a)OK ②改NG
  run31 対象 設備32% 金57% 討伐1% タップ10% → (a)OK ②改NG
  run32 対象 設備32% 金57% 討伐1% タップ10% → (a)OK ②改NG
  run33 対象 設備36% 金58% 討伐2% タップ4% → (a)OK ②改NG
  run34 対象 設備37% 金57% 討伐2% タップ5% → (a)OK ②改NG
  run35 対象 設備38% 金57% 討伐1% タップ4% → (a)OK ②改NG
  run36 対象 設備41% 金54% 討伐1% タップ4% → (a)OK ②改NG
  run37 対象 設備39% 金56% 討伐1% タップ4% → (a)OK ②改NG
  run38 対象 設備40% 金55% 討伐1% タップ4% → (a)OK ②改NG
  run39 対象 設備41% 金54% 討伐1% タップ4% → (a)OK ②改NG
  run40 対象 設備41% 金55% 討伐1% タップ4% → (a)OK ②改NG
  run41 対象 設備40% 金54% 討伐1% タップ4% → (a)OK ②改NG
  run42 対象 設備39% 金55% 討伐1% タップ4% → (a)OK ②改NG
  run43 対象 設備43% 金52% 討伐1% タップ4% → (a)OK ②改OK
  run44 対象 設備43% 金52% 討伐1% タップ4% → (a)OK ②改OK
  run45 対象 設備17% 金36% 討伐43% タップ4% → (a)OK ②改OK
  run46 対象 設備21% 金40% 討伐34% タップ5% → (a)OK ②改OK
  run47 対象 設備18% 金36% 討伐41% タップ5% → (a)OK ②改OK
