=== ㉘稼ぎ口比率(100h・周回シェア=各tickシェアの周回平均) ===
balanced(S6 早回し転生型) 4つすべて≥10%: 29/49周回 合格
  run 0 対象 設備15% 金57% 討伐9% タップ19% → (a)NG ②改OK
  run 1 対象 設備13% 金51% 討伐13% タップ23% → (a)OK ②改OK
  run 2 対象 設備11% 金25% 討伐20% タップ44% → (a)OK ②改OK
  run 3 対象 設備8% 金44% 討伐15% タップ33% → (a)NG ②改OK
  run 4 対象 設備8% 金51% 討伐15% タップ25% → (a)NG ②改OK
  run 5 対象 設備8% 金48% 討伐17% タップ27% → (a)NG ②改OK
  run 6 対象 設備15% 金41% 討伐17% タップ27% → (a)OK ②改OK
  run 7 対象 設備16% 金49% 討伐15% タップ21% → (a)OK ②改OK
  run 8 対象 設備16% 金45% 討伐15% タップ23% → (a)OK ②改OK
  run 9 対象 設備16% 金54% 討伐12% タップ18% → (a)OK ②改OK
  run10 対象 設備17% 金55% 討伐11% タップ16% → (a)OK ②改OK
  run11 対象 設備17% 金55% 討伐12% タップ15% → (a)OK ②改OK
  run12 対象 設備22% 金54% 討伐11% タップ13% → (a)OK ②改OK
  run13 対象 設備22% 金52% 討伐11% タップ14% → (a)OK ②改OK
  run14 対象 設備24% 金50% 討伐12% タップ14% → (a)OK ②改OK
  run15 対象 設備24% 金49% 討伐12% タップ14% → (a)OK ②改OK
  run16 対象 設備26% 金46% 討伐13% タップ15% → (a)OK ②改OK
  run17 対象 設備26% 金47% 討伐12% タップ14% → (a)OK ②改OK
  run18 対象 設備27% 金45% 討伐13% タップ15% → (a)OK ②改OK
  run19 対象 設備28% 金48% 討伐9% タップ14% → (a)NG ②改OK
  run20 対象 設備27% 金47% 討伐11% タップ14% → (a)OK ②改OK
  run21 対象 設備23% 金40% 討伐26% タップ12% → (a)OK ②改OK
  run22 対象 設備23% 金38% 討伐27% タップ12% → (a)OK ②改OK
  run23 対象 設備21% 金32% 討伐35% タップ12% → (a)OK ②改OK
  run24 対象 設備20% 金28% 討伐40% タップ12% → (a)OK ②改OK
  run25 対象 設備20% 金27% 討伐40% タップ12% → (a)OK ②改OK
  run26 対象 設備20% 金30% 討伐39% タップ11% → (a)OK ②改OK
  run27 対象 設備19% 金28% 討伐41% タップ12% → (a)OK ②改OK
  run28 対象 設備19% 金27% 討伐41% タップ12% → (a)OK ②改OK
  run29 対象 設備20% 金33% 討伐36% タップ11% → (a)OK ②改OK
  run30 対象 設備19% 金32% 討伐38% タップ11% → (a)OK ②改OK
  run31 対象 設備20% 金32% 討伐37% タップ11% → (a)OK ②改OK
  run32 対象 設備19% 金31% 討伐39% タップ11% → (a)OK ②改OK
  run33 対象 設備19% 金30% 討伐39% タップ12% → (a)OK ②改OK
  run34 対象 設備21% 金30% 討伐45% タップ3% → (a)NG ②改OK
  run35 対象 設備22% 金38% 討伐34% タップ6% → (a)NG ②改OK
  run36 対象 設備22% 金36% 討伐37% タップ6% → (a)NG ②改OK
  run37 対象 設備23% 金37% 討伐33% タップ6% → (a)NG ②改OK
  run38 対象 設備21% 金34% 討伐39% タップ6% → (a)NG ②改OK
  run39 対象 設備21% 金38% 討伐36% タップ4% → (a)NG ②改OK
  run40 対象 設備22% 金35% 討伐38% タップ6% → (a)NG ②改OK
  run41 対象 設備22% 金32% 討伐40% タップ5% → (a)NG ②改OK
  run42 対象 設備22% 金23% 討伐49% タップ5% → (a)NG ②改OK
  run43 対象 設備20% 金30% 討伐45% タップ5% → (a)NG ②改OK
  run44 対象 設備20% 金30% 討伐44% タップ6% → (a)NG ②改OK
  run45 対象 設備19% 金30% 討伐45% タップ6% → (a)NG ②改OK
  run46 対象 設備23% 金23% 討伐49% タップ5% → (a)NG ②改OK
  run47 対象 設備19% 金29% 討伐45% タップ7% → (a)NG ②改OK
  run48 対象 設備17% 金28% 討伐46% タップ8% → (a)NG ②改OK
