=== ㉘稼ぎ口比率(100h・周回シェア=各tickシェアの周回平均) ===
balanced(S6 早回し転生型) 4つすべて≥10%: 35/49周回 合格
  run 0 対象 設備14% 金52% 討伐12% タップ22% → (a)OK ②改OK
  run 1 対象 設備17% 金46% 討伐14% タップ23% → (a)OK ②改OK
  run 2 対象 設備13% 金16% 討伐22% タップ49% → (a)OK ②改OK
  run 3 対象 設備12% 金24% 討伐20% タップ44% → (a)OK ②改OK
  run 4 対象 設備11% 金38% 討伐19% タップ31% → (a)OK ②改OK
  run 5 対象 設備11% 金35% 討伐20% タップ33% → (a)OK ②改OK
  run 6 対象 設備17% 金28% 討伐21% タップ33% → (a)OK ②改OK
  run 7 対象 設備18% 金36% 討伐19% タップ27% → (a)OK ②改OK
  run 8 対象 設備17% 金32% 討伐20% タップ31% → (a)OK ②改OK
  run 9 対象 設備15% 金47% 討伐15% タップ22% → (a)OK ②改OK
  run10 対象 設備17% 金43% 討伐16% タップ23% → (a)OK ②改OK
  run11 対象 設備17% 金47% 討伐16% タップ20% → (a)OK ②改OK
  run12 対象 設備21% 金47% 討伐16% タップ16% → (a)OK ②改OK
  run13 対象 設備21% 金46% 討伐16% タップ18% → (a)OK ②改OK
  run14 対象 設備23% 金44% 討伐16% タップ17% → (a)OK ②改OK
  run15 対象 設備23% 金43% 討伐17% タップ17% → (a)OK ②改OK
  run16 対象 設備25% 金43% 討伐15% タップ16% → (a)OK ②改OK
  run17 対象 設備24% 金39% 討伐21% タップ17% → (a)OK ②改OK
  run18 対象 設備25% 金40% 討伐18% タップ17% → (a)OK ②改OK
  run19 対象 設備25% 金42% 討伐16% タップ16% → (a)OK ②改OK
  run20 対象 設備25% 金41% 討伐17% タップ16% → (a)OK ②改OK
  run21 対象 設備22% 金36% 討伐28% タップ14% → (a)OK ②改OK
  run22 対象 設備24% 金35% 討伐27% タップ14% → (a)OK ②改OK
  run23 対象 設備23% 金30% 討伐32% タップ15% → (a)OK ②改OK
  run24 対象 設備23% 金28% 討伐34% タップ15% → (a)OK ②改OK
  run25 対象 設備22% 金26% 討伐36% タップ16% → (a)OK ②改OK
  run26 対象 設備22% 金31% 討伐31% タップ15% → (a)OK ②改OK
  run27 対象 設備22% 金30% 討伐33% タップ16% → (a)OK ②改OK
  run28 対象 設備22% 金28% 討伐34% タップ16% → (a)OK ②改OK
  run29 対象 設備24% 金32% 討伐27% タップ17% → (a)OK ②改OK
  run30 対象 設備23% 金31% 討伐29% タップ17% → (a)OK ②改OK
  run31 対象 設備23% 金31% 討伐30% タップ17% → (a)OK ②改OK
  run32 対象 設備23% 金32% 討伐29% タップ16% → (a)OK ②改OK
  run33 対象 設備23% 金38% 討伐23% タップ16% → (a)OK ②改OK
  run34 対象 設備30% 金36% 討伐28% タップ6% → (a)NG ②改OK
  run35 対象 設備30% 金34% 討伐28% タップ8% → (a)NG ②改OK
  run36 対象 設備31% 金33% 討伐28% タップ9% → (a)NG ②改OK
  run37 対象 設備33% 金36% 討伐25% タップ7% → (a)NG ②改OK
  run38 対象 設備31% 金32% 討伐30% タップ7% → (a)NG ②改OK
  run39 対象 設備30% 金35% 討伐29% タップ7% → (a)NG ②改OK
  run40 対象 設備31% 金31% 討伐31% タップ7% → (a)NG ②改OK
  run41 対象 設備32% 金32% 討伐30% タップ6% → (a)NG ②改OK
  run42 対象 設備26% 金27% 討伐38% タップ9% → (a)NG ②改OK
  run43 対象 設備28% 金26% 討伐38% タップ9% → (a)NG ②改OK
  run44 対象 設備28% 金28% 討伐36% タップ8% → (a)NG ②改OK
  run45 対象 設備28% 金28% 討伐35% タップ8% → (a)NG ②改OK
  run46 対象 設備29% 金26% 討伐34% タップ11% → (a)OK ②改OK
  run47 対象 設備28% 金27% 討伐36% タップ10% → (a)NG ②改OK
  run48 対象 設備28% 金27% 討伐36% タップ9% → (a)NG ②改OK
click(S2 クリック会心型) 主役=タップ≥30%: 42/49周回 合格
  run 0 対象 設備11% 金44% 討伐11% タップ34% → (a)OK ②改OK
  run 1 対象 設備10% 金35% 討伐17% タップ38% → (a)OK ②改OK
  run 2 対象 設備5% 金12% 討伐23% タップ60% → (a)OK ②改NG
  run 3 対象 設備7% 金15% 討伐22% タップ56% → (a)OK ②改NG
  run 4 対象 設備15% 金26% 討伐20% タップ38% → (a)OK ②改OK
  run 5 対象 設備19% 金21% 討伐21% タップ39% → (a)OK ②改OK
  run 6 対象 設備32% 金16% 討伐19% タップ32% → (a)OK ②改OK
  run 7 対象 設備37% 金14% 討伐17% タップ32% → (a)OK ②改OK
  run 8 対象 設備40% 金13% 討伐16% タップ31% → (a)OK ②改OK
  run 9 対象 設備38% 金17% 討伐15% タップ30% → (a)NG ②改OK
  run10 対象 設備38% 金18% 討伐14% タップ30% → (a)NG ②改OK
  run11 対象 設備38% 金18% 討伐13% タップ31% → (a)OK ②改OK
  run12 対象 設備40% 金18% 討伐12% タップ31% → (a)OK ②改OK
  run13 対象 設備38% 金18% 討伐11% タップ32% → (a)OK ②改OK
  run14 対象 設備38% 金18% 討伐11% タップ33% → (a)OK ②改OK
  run15 対象 設備44% 金15% 討伐13% タップ28% → (a)NG ②改OK
  run16 対象 設備43% 金15% 討伐13% タップ29% → (a)NG ②改OK
  run17 対象 設備41% 金15% 討伐10% タップ34% → (a)OK ②改OK
  run18 対象 設備39% 金15% 討伐9% タップ37% → (a)OK ②改OK
  run19 対象 設備37% 金16% 討伐8% タップ39% → (a)OK ②改OK
  run20 対象 設備39% 金15% 討伐12% タップ34% → (a)OK ②改OK
  run21 対象 設備34% 金12% 討伐14% タップ40% → (a)OK ②改OK
  run22 対象 設備33% 金14% 討伐14% タップ39% → (a)OK ②改OK
  run23 対象 設備33% 金13% 討伐13% タップ41% → (a)OK ②改OK
  run24 対象 設備31% 金11% 討伐13% タップ44% → (a)OK ②改OK
  run25 対象 設備29% 金11% 討伐13% タップ48% → (a)OK ②改OK
  run26 対象 設備25% 金14% 討伐11% タップ50% → (a)OK ②改OK
  run27 対象 設備24% 金12% 討伐11% タップ53% → (a)OK ②改NG
  run28 対象 設備23% 金13% 討伐10% タップ54% → (a)OK ②改NG
  run29 対象 設備23% 金10% 討伐12% タップ55% → (a)OK ②改NG
  run30 対象 設備21% 金10% 討伐14% タップ55% → (a)OK ②改NG
  run31 対象 設備21% 金10% 討伐13% タップ56% → (a)OK ②改NG
  run32 対象 設備29% 金7% 討伐13% タップ52% → (a)OK ②改NG
  run33 対象 設備25% 金11% 討伐13% タップ52% → (a)OK ②改NG
  run34 対象 設備25% 金9% 討伐15% タップ51% → (a)OK ②改OK
  run35 対象 設備27% 金9% 討伐17% タップ47% → (a)OK ②改OK
  run36 対象 設備27% 金9% 討伐16% タップ48% → (a)OK ②改OK
  run37 対象 設備36% 金13% 討伐18% タップ33% → (a)OK ②改OK
  run38 対象 設備36% 金13% 討伐18% タップ33% → (a)OK ②改OK
  run39 対象 設備33% 金11% 討伐19% タップ38% → (a)OK ②改OK
  run40 対象 設備35% 金11% 討伐19% タップ36% → (a)OK ②改OK
  run41 対象 設備41% 金12% 討伐20% タップ27% → (a)NG ②改OK
  run42 対象 設備37% 金11% 討伐19% タップ32% → (a)OK ②改OK
  run43 対象 設備42% 金13% 討伐19% タップ26% → (a)NG ②改OK
  run44 対象 設備41% 金13% 討伐18% タップ28% → (a)NG ②改OK
  run45 対象 設備30% 金9% 討伐16% タップ45% → (a)OK ②改OK
  run46 対象 設備37% 金11% 討伐18% タップ34% → (a)OK ②改OK
  run47 対象 設備31% 金9% 討伐16% タップ44% → (a)OK ②改OK
  run48 対象 設備31% 金9% 討伐16% タップ44% → (a)OK ②改OK
golden(S3 金クッキー特化型) 主役=金クッキー≥30%: 43/44周回 合格
  run 0 対象外 設備27% 金38% 討伐12% タップ22%
  run 1 対象外 設備13% 金42% 討伐18% タップ28%
  run 2 対象外 設備12% 金51% 討伐15% タップ21%
  run 3 対象外 設備11% 金37% 討伐20% タップ32%
  run 4 対象 設備9% 金45% 討伐21% タップ25% → (a)OK ②改OK
  run 5 対象 設備13% 金31% 討伐25% タップ31% → (a)OK ②改OK
  run 6 対象 設備14% 金33% 討伐24% タップ28% → (a)OK ②改OK
  run 7 対象 設備12% 金34% 討伐24% タップ30% → (a)OK ②改OK
  run 8 対象 設備11% 金44% 討伐20% タップ26% → (a)OK ②改OK
  run 9 対象 設備11% 金48% 討伐18% タップ23% → (a)OK ②改OK
  run10 対象 設備13% 金44% 討伐19% タップ23% → (a)OK ②改OK
  run11 対象 設備15% 金44% 討伐19% タップ21% → (a)OK ②改OK
  run12 対象 設備17% 金42% 討伐21% タップ21% → (a)OK ②改OK
  run13 対象 設備18% 金42% 討伐21% タップ20% → (a)OK ②改OK
  run14 対象 設備19% 金43% 討伐20% タップ18% → (a)OK ②改OK
  run15 対象 設備23% 金42% 討伐18% タップ17% → (a)OK ②改OK
  run16 対象 設備21% 金41% 討伐21% タップ17% → (a)OK ②改OK
  run17 対象 設備21% 金44% 討伐19% タップ16% → (a)OK ②改OK
  run18 対象 設備22% 金44% 討伐18% タップ16% → (a)OK ②改OK
  run19 対象 設備24% 金45% 討伐16% タップ15% → (a)OK ②改OK
  run20 対象 設備20% 金42% 討伐25% タップ13% → (a)OK ②改OK
  run21 対象 設備23% 金37% 討伐28% タップ13% → (a)OK ②改OK
  run22 対象 設備22% 金32% 討伐34% タップ12% → (a)OK ②改OK
  run23 対象 設備21% 金31% 討伐36% タップ12% → (a)OK ②改OK
  run24 対象 設備21% 金29% 討伐39% タップ11% → (a)NG ②改OK
  run25 対象 設備20% 金35% 討伐36% タップ9% → (a)OK ②改OK
  run26 対象 設備20% 金33% 討伐38% タップ9% → (a)OK ②改OK
  run27 対象 設備31% 金52% 討伐4% タップ13% → (a)OK ②改NG
  run28 対象 設備32% 金53% 討伐2% タップ13% → (a)OK ②改NG
  run29 対象 設備32% 金52% 討伐2% タップ13% → (a)OK ②改NG
  run30 対象 設備32% 金52% 討伐2% タップ14% → (a)OK ②改NG
  run31 対象 設備34% 金48% 討伐2% タップ15% → (a)OK ②改OK
  run32 対象 設備39% 金51% 討伐2% タップ7% → (a)OK ②改OK
  run33 対象 設備41% 金51% 討伐2% タップ6% → (a)OK ②改OK
  run34 対象 設備42% 金49% 討伐2% タップ7% → (a)OK ②改OK
  run35 対象 設備44% 金48% 討伐2% タップ7% → (a)OK ②改OK
  run36 対象 設備45% 金46% 討伐2% タップ6% → (a)OK ②改OK
  run37 対象 設備43% 金49% 討伐2% タップ6% → (a)OK ②改OK
  run38 対象 設備46% 金47% 討伐2% タップ6% → (a)OK ②改OK
  run39 対象 設備43% 金49% 討伐2% タップ6% → (a)OK ②改OK
  run40 対象 設備46% 金46% 討伐2% タップ6% → (a)OK ②改OK
  run41 対象 設備45% 金47% 討伐2% タップ6% → (a)OK ②改OK
  run42 対象 設備43% 金48% 討伐2% タップ7% → (a)OK ②改OK
  run43 対象 設備46% 金46% 討伐2% タップ6% → (a)OK ②改OK
  run44 対象 設備47% 金45% 討伐2% タップ6% → (a)OK ②改OK
  run45 対象 設備35% 金42% 討伐17% タップ7% → (a)OK ②改OK
  run46 対象 設備33% 金43% 討伐15% タップ9% → (a)OK ②改OK
  run47 対象 設備39% 金39% 討伐15% タップ7% → (a)OK ②改OK
hunt(S4 狩猟特化型) 主役=討伐由来≥30%: 31/44周回 合格
  run 0 対象外 設備8% 金56% 討伐20% タップ16%
  run 1 対象外 設備4% 金46% 討伐29% タップ20%
  run 2 対象外 設備6% 金32% 討伐44% タップ18%
  run 3 対象外 設備5% 金45% 討伐35% タップ15%
  run 4 対象外 設備4% 金50% 討伐36% タップ10%
  run 5 対象 設備4% 金50% 討伐36% タップ11% → (a)OK ②改OK
  run 6 対象 設備6% 金49% 討伐35% タップ10% → (a)OK ②改OK
  run 7 対象 設備8% 金44% 討伐40% タップ8% → (a)OK ②改OK
  run 8 対象 設備7% 金51% 討伐30% タップ11% → (a)OK ②改OK
  run 9 対象 設備8% 金55% 討伐28% タップ9% → (a)NG ②改OK
  run10 対象 設備9% 金53% 討伐29% タップ9% → (a)NG ②改OK
  run11 対象 設備11% 金54% 討伐27% タップ9% → (a)NG ②改OK
  run12 対象 設備13% 金50% 討伐28% タップ9% → (a)NG ②改OK
  run13 対象 設備15% 金51% 討伐26% タップ8% → (a)NG ②改OK
  run14 対象 設備17% 金50% 討伐23% タップ9% → (a)NG ②改OK
  run15 対象 設備18% 金49% 討伐22% タップ11% → (a)NG ②改OK
  run16 対象 設備19% 金48% 討伐22% タップ11% → (a)NG ②改OK
  run17 対象 設備20% 金48% 討伐22% タップ11% → (a)NG ②改OK
  run18 対象 設備21% 金47% 討伐21% タップ11% → (a)NG ②改OK
  run19 対象 設備22% 金48% 討伐20% タップ11% → (a)NG ②改OK
  run20 対象 設備22% 金50% 討伐16% タップ12% → (a)NG ②改OK
  run21 対象 設備16% 金38% 討伐38% タップ8% → (a)OK ②改OK
  run22 対象 設備16% 金34% 討伐41% タップ9% → (a)OK ②改OK
  run23 対象 設備14% 金29% 討伐49% タップ8% → (a)OK ②改OK
  run24 対象 設備13% 金24% 討伐55% タップ8% → (a)OK ②改NG
  run25 対象 設備12% 金22% 討伐59% タップ7% → (a)OK ②改NG
  run26 対象 設備11% 金24% 討伐58% タップ7% → (a)OK ②改NG
  run27 対象 設備11% 金21% 討伐61% タップ7% → (a)OK ②改NG
  run28 対象 設備12% 金14% 討伐68% タップ6% → (a)OK ②改NG
  run29 対象 設備11% 金13% 討伐70% タップ6% → (a)OK ②改NG
  run30 対象 設備10% 金13% 討伐70% タップ6% → (a)OK ②改NG
  run31 対象 設備10% 金13% 討伐70% タップ6% → (a)OK ②改NG
  run32 対象 設備10% 金12% 討伐71% タップ6% → (a)OK ②改NG
  run33 対象 設備10% 金13% 討伐71% タップ6% → (a)OK ②改NG
  run34 対象 設備8% 金12% 討伐72% タップ8% → (a)OK ②改NG
  run35 対象 設備8% 金12% 討伐73% タップ8% → (a)OK ②改NG
  run36 対象 設備8% 金12% 討伐71% タップ9% → (a)OK ②改NG
  run37 対象 設備8% 金12% 討伐73% タップ7% → (a)OK ②改NG
  run38 対象 設備9% 金13% 討伐70% タップ8% → (a)OK ②改NG
  run39 対象 設備9% 金13% 討伐71% タップ7% → (a)OK ②改NG
  run40 対象 設備8% 金11% 討伐56% タップ26% → (a)OK ②改NG
  run41 対象 設備7% 金9% 討伐59% タップ25% → (a)OK ②改NG
  run42 対象 設備8% 金9% 討伐72% タップ11% → (a)OK ②改NG
  run43 対象 設備8% 金9% 討伐68% タップ14% → (a)OK ②改NG
  run44 対象 設備8% 金13% 討伐62% タップ17% → (a)OK ②改NG
  run45 対象 設備8% 金9% 討伐66% タップ17% → (a)OK ②改NG
  run46 対象 設備8% 金9% 討伐64% タップ19% → (a)OK ②改NG
  run47 対象 設備8% 金9% 討伐65% タップ18% → (a)OK ②改NG
  run48 対象 設備13% 金38% 討伐21% タップ28% → (a)NG ②改OK
bake(S1 バランス効率型) 主役=設備生産≥30%: 40/48周回 合格
  run 0 対象 設備14% 金53% 討伐11% タップ22% → (a)NG ②改OK
  run 1 対象 設備16% 金45% 討伐14% タップ25% → (a)NG ②改OK
  run 2 対象 設備14% 金19% 討伐22% タップ46% → (a)NG ②改OK
  run 3 対象 設備13% 金37% 討伐16% タップ35% → (a)NG ②改OK
  run 4 対象 設備11% 金44% 討伐18% タップ28% → (a)NG ②改OK
  run 5 対象 設備23% 金29% 討伐19% タップ29% → (a)NG ②改OK
  run 6 対象 設備29% 金28% 討伐18% タップ26% → (a)NG ②改OK
  run 7 対象 設備31% 金27% 討伐16% タップ26% → (a)OK ②改OK
  run 8 対象 設備30% 金36% 討伐13% タップ21% → (a)NG ②改OK
  run 9 対象 設備33% 金37% 討伐12% タップ18% → (a)OK ②改OK
  run10 対象 設備35% 金35% 討伐12% タップ18% → (a)OK ②改OK
  run11 対象 設備38% 金31% 討伐13% タップ18% → (a)OK ②改OK
  run12 対象 設備43% 金31% 討伐12% タップ15% → (a)OK ②改OK
  run13 対象 設備46% 金29% 討伐11% タップ14% → (a)OK ②改OK
  run14 対象 設備44% 金28% 討伐14% タップ14% → (a)OK ②改OK
  run15 対象 設備44% 金29% 討伐13% タップ14% → (a)OK ②改OK
  run16 対象 設備46% 金27% 討伐13% タップ14% → (a)OK ②改OK
  run17 対象 設備52% 金26% 討伐10% タップ12% → (a)OK ②改NG
  run18 対象 設備49% 金29% 討伐10% タップ12% → (a)OK ②改OK
  run19 対象 設備48% 金30% 討伐10% タップ12% → (a)OK ②改OK
  run20 対象 設備42% 金27% 討伐21% タップ10% → (a)OK ②改OK
  run21 対象 設備45% 金22% 討伐23% タップ10% → (a)OK ②改OK
  run22 対象 設備43% 金19% 討伐28% タップ10% → (a)OK ②改OK
  run23 対象 設備44% 金18% 討伐28% タップ10% → (a)OK ②改OK
  run24 対象 設備42% 金16% 討伐32% タップ10% → (a)OK ②改OK
  run25 対象 設備41% 金20% 討伐31% タップ9% → (a)OK ②改OK
  run26 対象 設備40% 金19% 討伐33% タップ9% → (a)OK ②改OK
  run27 対象 設備44% 金25% 討伐22% タップ10% → (a)OK ②改OK
  run28 対象 設備45% 金27% 討伐18% タップ10% → (a)OK ②改OK
  run29 対象 設備47% 金25% 討伐18% タップ10% → (a)OK ②改OK
  run30 対象 設備46% 金26% 討伐18% タップ10% → (a)OK ②改OK
  run31 対象 設備41% 金25% 討伐25% タップ9% → (a)OK ②改OK
  run32 対象 設備41% 金19% 討伐29% タップ11% → (a)OK ②改OK
  run33 対象 設備46% 金20% 討伐28% タップ7% → (a)OK ②改OK
  run34 対象 設備45% 金19% 討伐29% タップ7% → (a)OK ②改OK
  run35 対象 設備45% 金17% 討伐30% タップ8% → (a)OK ②改OK
  run36 対象 設備44% 金16% 討伐31% タップ9% → (a)OK ②改OK
  run37 対象 設備46% 金18% 討伐29% タップ6% → (a)OK ②改OK
  run38 対象 設備45% 金16% 討伐31% タップ8% → (a)OK ②改OK
  run39 対象 設備44% 金16% 討伐32% タップ8% → (a)OK ②改OK
  run40 対象 設備45% 金16% 討伐31% タップ8% → (a)OK ②改OK
  run41 対象 設備45% 金17% 討伐29% タップ8% → (a)OK ②改OK
  run42 対象 設備40% 金15% 討伐36% タップ9% → (a)OK ②改OK
  run43 対象 設備41% 金16% 討伐34% タップ9% → (a)OK ②改OK
  run44 対象 設備41% 金15% 討伐34% タップ11% → (a)OK ②改OK
  run45 対象 設備44% 金16% 討伐31% タップ10% → (a)OK ②改OK
  run46 対象 設備40% 金14% 討伐36% タップ10% → (a)OK ②改OK
  run47 対象 設備41% 金14% 討伐34% タップ11% → (a)OK ②改OK
㉘合計: 191/234周回
②(改・ジャンル一強禁止 得意ジャンルlift≤±1.5倍) 合計: 147/185周回
