=== ㉘稼ぎ口比率(100h・周回シェア=各tickシェアの周回平均) ===
balanced(S6 早回し転生型) 4つすべて≥10%: 29/49周回 合格
  run 0 対象 設備15% 金57% 討伐9% タップ19% → (a)NG ②改OK
  run 1 対象 設備13% 金51% 討伐13% タップ23% → (a)OK ②改OK
  run 2 対象 設備11% 金25% 討伐20% タップ44% → (a)OK ②改OK
  run 3 対象 設備8% 金44% 討伐15% タップ33% → (a)NG ②改OK
  run 4 対象 設備8% 金51% 討伐15% タップ25% → (a)NG ②改OK
  run 5 対象 設備8% 金48% 討伐17% タップ27% → (a)NG ②改OK
  run 6 対象 設備13% 金41% 討伐18% タップ28% → (a)OK ②改OK
  run 7 対象 設備13% 金50% 討伐15% タップ21% → (a)OK ②改OK
  run 8 対象 設備13% 金48% 討伐16% タップ24% → (a)OK ②改OK
  run 9 対象 設備13% 金58% 討伐12% タップ17% → (a)OK ②改OK
  run10 対象 設備15% 金55% 討伐12% タップ18% → (a)OK ②改OK
  run11 対象 設備15% 金57% 討伐13% タップ16% → (a)OK ②改OK
  run12 対象 設備18% 金55% 討伐12% タップ14% → (a)OK ②改OK
  run13 対象 設備19% 金56% 討伐11% タップ14% → (a)OK ②改OK
  run14 対象 設備21% 金54% 討伐11% タップ14% → (a)OK ②改OK
  run15 対象 設備20% 金51% 討伐14% タップ15% → (a)OK ②改OK
  run16 対象 設備21% 金48% 討伐15% タップ15% → (a)OK ②改OK
  run17 対象 設備23% 金50% 討伐12% タップ15% → (a)OK ②改OK
  run18 対象 設備24% 金47% 討伐13% タップ15% → (a)OK ②改OK
  run19 対象 設備25% 金50% 討伐11% タップ15% → (a)OK ②改OK
  run20 対象 設備24% 金49% 討伐12% タップ15% → (a)OK ②改OK
  run21 対象 設備20% 金42% 討伐26% タップ12% → (a)OK ②改OK
  run22 対象 設備20% 金38% 討伐29% タップ13% → (a)OK ②改OK
  run23 対象 設備19% 金34% 討伐34% タップ12% → (a)OK ②改OK
  run24 対象 設備18% 金29% 討伐40% タップ13% → (a)OK ②改OK
  run25 対象 設備18% 金28% 討伐41% タップ12% → (a)OK ②改OK
  run26 対象 設備18% 金31% 討伐39% タップ12% → (a)OK ②改OK
  run27 対象 設備18% 金29% 討伐41% タップ12% → (a)OK ②改OK
  run28 対象 設備18% 金28% 討伐42% タップ13% → (a)OK ②改OK
  run29 対象 設備18% 金35% 討伐36% タップ11% → (a)OK ②改OK
  run30 対象 設備17% 金34% 討伐38% タップ11% → (a)OK ②改OK
  run31 対象 設備17% 金33% 討伐39% タップ11% → (a)OK ②改OK
  run32 対象 設備17% 金32% 討伐39% タップ12% → (a)OK ②改OK
  run33 対象 設備17% 金45% 討伐27% タップ10% → (a)NG ②改OK
  run34 対象 設備19% 金40% 討伐36% タップ6% → (a)NG ②改OK
  run35 対象 設備19% 金40% 討伐36% タップ5% → (a)NG ②改OK
  run36 対象 設備19% 金39% 討伐38% タップ5% → (a)NG ②改OK
  run37 対象 設備21% 金39% 討伐33% タップ7% → (a)NG ②改OK
  run38 対象 設備19% 金37% 討伐38% タップ6% → (a)NG ②改OK
  run39 対象 設備19% 金39% 討伐36% タップ6% → (a)NG ②改OK
  run40 対象 設備19% 金34% 討伐41% タップ5% → (a)NG ②改OK
  run41 対象 設備20% 金35% 討伐41% タップ4% → (a)NG ②改OK
  run42 対象 設備21% 金24% 討伐50% タップ5% → (a)NG ②改OK
  run43 対象 設備17% 金31% 討伐46% タップ6% → (a)NG ②改OK
  run44 対象 設備17% 金31% 討伐46% タップ6% → (a)NG ②改OK
  run45 対象 設備17% 金33% 討伐45% タップ5% → (a)NG ②改OK
  run46 対象 設備19% 金32% 討伐43% タップ6% → (a)NG ②改OK
  run47 対象 設備15% 金30% 討伐46% タップ8% → (a)NG ②改OK
  run48 対象 設備18% 金26% 討伐49% タップ7% → (a)NG ②改OK
click(S2 クリック会心型) 主役=タップ≥30%: 27/49周回 合格
  run 0 対象 設備12% 金48% 討伐9% タップ31% → (a)OK ②改OK
  run 1 対象 設備11% 金50% 討伐12% タップ27% → (a)NG ②改OK
  run 2 対象 設備5% 金13% 討伐23% タップ59% → (a)OK ②改NG
  run 3 対象 設備7% 金29% 討伐18% タップ46% → (a)OK ②改OK
  run 4 対象 設備15% 金34% 討伐18% タップ33% → (a)OK ②改OK
  run 5 対象 設備20% 金30% 討伐18% タップ33% → (a)OK ②改OK
  run 6 対象 設備30% 金24% 討伐17% タップ29% → (a)NG ②改OK
  run 7 対象 設備35% 金24% 討伐15% タップ27% → (a)NG ②改OK
  run 8 対象 設備38% 金23% 討伐14% タップ25% → (a)NG ②改OK
  run 9 対象 設備34% 金28% 討伐13% タップ26% → (a)NG ②改OK
  run10 対象 設備31% 金31% 討伐11% タップ27% → (a)NG ②改OK
  run11 対象 設備34% 金28% 討伐11% タップ28% → (a)NG ②改OK
  run12 対象 設備35% 金25% 討伐10% タップ30% → (a)OK ②改OK
  run13 対象 設備34% 金25% 討伐9% タップ31% → (a)OK ②改OK
  run14 対象 設備35% 金24% 討伐9% タップ32% → (a)OK ②改OK
  run15 対象 設備39% 金22% 討伐9% タップ30% → (a)OK ②改OK
  run16 対象 設備38% 金21% 討伐11% タップ30% → (a)OK ②改OK
  run17 対象 設備36% 金23% 討伐9% タップ32% → (a)OK ②改OK
  run18 対象 設備36% 金20% 討伐8% タップ36% → (a)OK ②改OK
  run19 対象 設備34% 金22% 討伐7% タップ38% → (a)OK ②改OK
  run20 対象 設備35% 金22% 討伐8% タップ35% → (a)OK ②改OK
  run21 対象 設備31% 金19% 討伐13% タップ37% → (a)OK ②改OK
  run22 対象 設備32% 金18% 討伐15% タップ35% → (a)OK ②改OK
  run23 対象 設備30% 金16% 討伐19% タップ35% → (a)OK ②改OK
  run24 対象 設備29% 金14% 討伐18% タップ39% → (a)OK ②改OK
  run25 対象 設備27% 金13% 討伐18% タップ42% → (a)OK ②改OK
  run26 対象 設備24% 金16% 討伐17% タップ43% → (a)OK ②改OK
  run27 対象 設備22% 金15% 討伐17% タップ46% → (a)OK ②改OK
  run28 対象 設備22% 金14% 討伐17% タップ47% → (a)OK ②改OK
  run29 対象 設備22% 金12% 討伐18% タップ48% → (a)OK ②改OK
  run30 対象 設備22% 金12% 討伐19% タップ48% → (a)OK ②改OK
  run31 対象 設備21% 金12% 討伐19% タップ48% → (a)OK ②改OK
  run32 対象 設備21% 金12% 討伐17% タップ50% → (a)OK ②改OK
  run33 対象 設備25% 金15% 討伐20% タップ41% → (a)OK ②改OK
  run34 対象 設備29% 金12% 討伐31% タップ28% → (a)NG ②改OK
  run35 対象 設備29% 金13% 討伐31% タップ27% → (a)NG ②改OK
  run36 対象 設備29% 金13% 討伐32% タップ26% → (a)NG ②改OK
  run37 対象 設備30% 金14% 討伐32% タップ24% → (a)NG ②改OK
  run38 対象 設備30% 金15% 討伐31% タップ24% → (a)NG ②改OK
  run39 対象 設備32% 金16% 討伐31% タップ20% → (a)NG ②改OK
  run40 対象 設備30% 金13% 討伐32% タップ25% → (a)NG ②改OK
  run41 対象 設備31% 金14% 討伐32% タップ23% → (a)NG ②改OK
  run42 対象 設備35% 金17% 討伐32% タップ15% → (a)NG ②改OK
  run43 対象 設備33% 金14% 討伐33% タップ20% → (a)NG ②改OK
  run44 対象 設備33% 金15% 討伐32% タップ20% → (a)NG ②改OK
  run45 対象 設備33% 金11% 討伐34% タップ22% → (a)NG ②改OK
  run46 対象 設備33% 金15% 討伐32% タップ20% → (a)NG ②改OK
  run47 対象 設備35% 金13% 討伐34% タップ18% → (a)NG ②改OK
  run48 対象 設備35% 金13% 討伐34% タップ19% → (a)NG ②改OK
golden(S3 金クッキー特化型) 主役=金クッキー≥30%: 44/44周回 合格
  run 0 対象外 設備29% 金40% 討伐9% タップ22%
  run 1 対象外 設備7% 金45% 討伐17% タップ31%
  run 2 対象外 設備8% 金60% 討伐12% タップ20%
  run 3 対象外 設備9% 金53% 討伐15% タップ24%
  run 4 対象 設備8% 金57% 討伐16% タップ19% → (a)OK ②改NG
  run 5 対象 設備10% 金48% 討伐19% タップ23% → (a)OK ②改OK
  run 6 対象 設備10% 金54% 討伐17% タップ19% → (a)OK ②改NG
  run 7 対象 設備9% 金51% 討伐19% タップ21% → (a)OK ②改OK
  run 8 対象 設備9% 金60% 討伐14% タップ16% → (a)OK ②改NG
  run 9 対象 設備10% 金61% 討伐15% タップ15% → (a)OK ②改NG
  run10 対象 設備11% 金59% 討伐14% タップ16% → (a)OK ②改NG
  run11 対象 設備12% 金58% 討伐15% タップ16% → (a)OK ②改NG
  run12 対象 設備13% 金57% 討伐15% タップ14% → (a)OK ②改NG
  run13 対象 設備14% 金57% 討伐15% タップ14% → (a)OK ②改NG
  run14 対象 設備16% 金55% 討伐15% タップ14% → (a)OK ②改NG
  run15 対象 設備17% 金55% 討伐16% タップ13% → (a)OK ②改NG
  run16 対象 設備17% 金55% 討伐15% タップ12% → (a)OK ②改NG
  run17 対象 設備18% 金54% 討伐16% タップ12% → (a)OK ②改NG
  run18 対象 設備19% 金54% 討伐14% タップ12% → (a)OK ②改NG
  run19 対象 設備21% 金57% 討伐10% タップ11% → (a)OK ②改NG
  run20 対象 設備18% 金50% 討伐23% タップ10% → (a)OK ②改OK
  run21 対象 設備18% 金44% 討伐29% タップ10% → (a)OK ②改OK
  run22 対象 設備17% 金38% 討伐35% タップ9% → (a)OK ②改OK
  run23 対象 設備17% 金36% 討伐39% タップ8% → (a)OK ②改OK
  run24 対象 設備16% 金32% 討伐44% タップ9% → (a)OK ②改OK
  run25 対象 設備15% 金36% 討伐43% タップ6% → (a)OK ②改OK
  run26 対象 設備15% 金33% 討伐46% タップ6% → (a)OK ②改OK
  run27 対象 設備26% 金62% 討伐2% タップ9% → (a)OK ②改NG
  run28 対象 設備27% 金62% 討伐2% タップ10% → (a)OK ②改NG
  run29 対象 設備27% 金62% 討伐1% タップ10% → (a)OK ②改NG
  run30 対象 設備28% 金61% 討伐1% タップ10% → (a)OK ②改NG
  run31 対象 設備27% 金61% 討伐1% タップ10% → (a)OK ②改NG
  run32 対象 設備29% 金59% 討伐1% タップ11% → (a)OK ②改NG
  run33 対象 設備33% 金62% 討伐2% タップ4% → (a)OK ②改NG
  run34 対象 設備33% 金61% 討伐1% タップ4% → (a)OK ②改NG
  run35 対象 設備34% 金60% 討伐1% タップ4% → (a)OK ②改NG
  run36 対象 設備37% 金57% 討伐1% タップ4% → (a)OK ②改NG
  run37 対象 設備36% 金59% 討伐1% タップ4% → (a)OK ②改NG
  run38 対象 設備37% 金57% 討伐1% タップ4% → (a)OK ②改NG
  run39 対象 設備37% 金57% 討伐1% タップ4% → (a)OK ②改NG
  run40 対象 設備37% 金57% 討伐1% タップ4% → (a)OK ②改NG
  run41 対象 設備37% 金58% 討伐1% タップ4% → (a)OK ②改NG
  run42 対象 設備36% 金59% 討伐1% タップ4% → (a)OK ②改NG
  run43 対象 設備39% 金55% 討伐1% タップ4% → (a)OK ②改NG
  run44 対象 設備39% 金55% 討伐1% タップ4% → (a)OK ②改NG
  run45 対象 設備39% 金55% 討伐1% タップ4% → (a)OK ②改NG
  run46 対象 設備21% 金50% 討伐23% タップ5% → (a)OK ②改OK
  run47 対象 設備21% 金48% 討伐25% タップ6% → (a)OK ②改OK
hunt(S4 狩猟特化型) 主役=討伐由来≥30%: 31/44周回 合格
  run 0 対象外 設備13% 金62% 討伐9% タップ17%
  run 1 対象外 設備5% 金75% 討伐10% タップ10%
  run 2 対象外 設備4% 金42% 討伐38% タップ16%
  run 3 対象外 設備4% 金53% 討伐29% タップ14%
  run 4 対象外 設備4% 金63% 討伐26% タップ7%
  run 5 対象 設備3% 金57% 討伐32% タップ8% → (a)OK ②改OK
  run 6 対象 設備6% 金57% 討伐31% タップ7% → (a)OK ②改OK
  run 7 対象 設備6% 金49% 討伐38% タップ6% → (a)OK ②改OK
  run 8 対象 設備7% 金58% 討伐29% タップ7% → (a)NG ②改OK
  run 9 対象 設備8% 金57% 討伐30% タップ6% → (a)NG ②改OK
  run10 対象 設備9% 金56% 討伐29% タップ6% → (a)NG ②改OK
  run11 対象 設備10% 金55% 討伐29% タップ6% → (a)NG ②改OK
  run12 対象 設備12% 金54% 討伐28% タップ6% → (a)NG ②改OK
  run13 対象 設備14% 金51% 討伐29% タップ6% → (a)NG ②改OK
  run14 対象 設備16% 金51% 討伐27% タップ7% → (a)NG ②改OK
  run15 対象 設備16% 金51% 討伐25% タップ7% → (a)NG ②改OK
  run16 対象 設備19% 金53% 討伐18% タップ11% → (a)NG ②改OK
  run17 対象 設備18% 金49% 討伐25% タップ8% → (a)NG ②改OK
  run18 対象 設備19% 金47% 討伐25% タップ9% → (a)NG ②改OK
  run19 対象 設備20% 金48% 討伐24% タップ9% → (a)NG ②改OK
  run20 対象 設備22% 金55% 討伐11% タップ12% → (a)NG ②改OK
  run21 対象 設備14% 金41% 討伐38% タップ7% → (a)OK ②改OK
  run22 対象 設備12% 金33% 討伐49% タップ6% → (a)OK ②改OK
  run23 対象 設備10% 金29% 討伐56% タップ5% → (a)OK ②改NG
  run24 対象 設備11% 金28% 討伐55% タップ6% → (a)OK ②改NG
  run25 対象 設備8% 金22% 討伐66% タップ4% → (a)OK ②改NG
  run26 対象 設備8% 金22% 討伐66% タップ4% → (a)OK ②改NG
  run27 対象 設備7% 金19% 討伐69% タップ4% → (a)OK ②改NG
  run28 対象 設備10% 金18% 討伐67% タップ5% → (a)OK ②改NG
  run29 対象 設備8% 金14% 討伐73% タップ5% → (a)OK ②改NG
  run30 対象 設備8% 金14% 討伐73% タップ5% → (a)OK ②改NG
  run31 対象 設備8% 金14% 討伐74% タップ5% → (a)OK ②改NG
  run32 対象 設備9% 金17% 討伐69% タップ5% → (a)OK ②改NG
  run33 対象 設備8% 金14% 討伐74% タップ5% → (a)OK ②改NG
  run34 対象 設備7% 金15% 討伐77% タップ2% → (a)OK ②改NG
  run35 対象 設備7% 金14% 討伐77% タップ2% → (a)OK ②改NG
  run36 対象 設備7% 金17% 討伐70% タップ5% → (a)OK ②改NG
  run37 対象 設備6% 金13% 討伐78% タップ2% → (a)OK ②改NG
  run38 対象 設備7% 金18% 討伐72% タップ3% → (a)OK ②改NG
  run39 対象 設備7% 金18% 討伐72% タップ3% → (a)OK ②改NG
  run40 対象 設備7% 金16% 討伐49% タップ28% → (a)OK ②改OK
  run41 対象 設備6% 金10% 討伐67% タップ17% → (a)OK ②改NG
  run42 対象 設備6% 金9% 討伐81% タップ4% → (a)OK ②改NG
  run43 対象 設備5% 金8% 討伐81% タップ5% → (a)OK ②改NG
  run44 対象 設備10% 金23% 討伐59% タップ8% → (a)OK ②改NG
  run45 対象 設備5% 金9% 討伐80% タップ6% → (a)OK ②改NG
  run46 対象 設備5% 金9% 討伐80% タップ6% → (a)OK ②改NG
  run47 対象 設備5% 金9% 討伐80% タップ5% → (a)OK ②改NG
  run48 対象 設備13% 金29% 討伐53% タップ6% → (a)OK ②改NG
bake(S1 バランス効率型) 主役=設備生産≥30%: 31/49周回 合格
  run 0 対象 設備17% 金56% 討伐8% タップ19% → (a)NG ②改OK
  run 1 対象 設備13% 金52% 討伐12% タップ22% → (a)NG ②改OK
  run 2 対象 設備12% 金30% 討伐19% タップ40% → (a)NG ②改OK
  run 3 対象 設備9% 金52% 討伐12% タップ27% → (a)NG ②改OK
  run 4 対象 設備8% 金56% 討伐14% タップ22% → (a)NG ②改OK
  run 5 対象 設備8% 金55% 討伐15% タップ23% → (a)NG ②改OK
  run 6 対象 設備19% 金39% 討伐16% タップ25% → (a)NG ②改OK
  run 7 対象 設備24% 金44% 討伐13% タップ18% → (a)NG ②改OK
  run 8 対象 設備24% 金42% 討伐13% タップ20% → (a)NG ②改OK
  run 9 対象 設備27% 金45% 討伐11% タップ16% → (a)NG ②改OK
  run10 対象 設備29% 金47% 討伐10% タップ14% → (a)NG ②改OK
  run11 対象 設備32% 金43% 討伐11% タップ15% → (a)OK ②改OK
  run12 対象 設備34% 金41% 討伐11% タップ14% → (a)OK ②改OK
  run13 対象 設備39% 金38% 討伐10% タップ13% → (a)OK ②改OK
  run14 対象 設備42% 金37% 討伐9% タップ12% → (a)OK ②改OK
  run15 対象 設備40% 金36% 討伐11% タップ13% → (a)OK ②改OK
  run16 対象 設備41% 金35% 討伐11% タップ13% → (a)OK ②改OK
  run17 対象 設備44% 金34% 討伐10% タップ12% → (a)OK ②改OK
  run18 対象 設備45% 金34% 討伐9% タップ11% → (a)OK ②改OK
  run19 対象 設備46% 金34% 討伐9% タップ11% → (a)OK ②改OK
  run20 対象 設備45% 金36% 討伐8% タップ11% → (a)OK ②改OK
  run21 対象 設備38% 金30% 討伐23% タップ9% → (a)OK ②改OK
  run22 対象 設備37% 金26% 討伐28% タップ9% → (a)OK ②改OK
  run23 対象 設備35% 金23% 討伐33% タップ8% → (a)OK ②改OK
  run24 対象 設備33% 金20% 討伐38% タップ8% → (a)OK ②改OK
  run25 対象 設備33% 金19% 討伐40% タップ8% → (a)OK ②改OK
  run26 対象 設備32% 金21% 討伐40% タップ7% → (a)OK ②改OK
  run27 対象 設備32% 金19% 討伐42% タップ7% → (a)OK ②改OK
  run28 対象 設備34% 金36% 討伐23% タップ7% → (a)OK ②改OK
  run29 対象 設備36% 金36% 討伐20% タップ7% → (a)OK ②改OK
  run30 対象 設備35% 金36% 討伐22% タップ7% → (a)OK ②改OK
  run31 対象 設備35% 金35% 討伐22% タップ7% → (a)OK ②改OK
  run32 対象 設備39% 金37% 討伐17% タップ8% → (a)OK ②改OK
  run33 対象 設備32% 金33% 討伐28% タップ7% → (a)OK ②改OK
  run34 対象 設備32% 金29% 討伐33% タップ5% → (a)OK ②改OK
  run35 対象 設備32% 金26% 討伐36% タップ6% → (a)OK ②改OK
  run36 対象 設備32% 金24% 討伐37% タップ7% → (a)OK ②改OK
  run37 対象 設備35% 金23% 討伐35% タップ7% → (a)OK ②改OK
  run38 対象 設備30% 金25% 討伐38% タップ6% → (a)OK ②改OK
  run39 対象 設備31% 金24% 討伐38% タップ7% → (a)OK ②改OK
  run40 対象 設備31% 金22% 討伐40% タップ6% → (a)OK ②改OK
  run41 対象 設備31% 金24% 討伐39% タップ6% → (a)OK ②改OK
  run42 対象 設備28% 金18% 討伐47% タップ7% → (a)NG ②改OK
  run43 対象 設備28% 金18% 討伐47% タップ7% → (a)NG ②改OK
  run44 対象 設備29% 金20% 討伐43% タップ8% → (a)NG ②改OK
  run45 対象 設備27% 金17% 討伐46% タップ9% → (a)NG ②改OK
  run46 対象 設備27% 金20% 討伐46% タップ7% → (a)NG ②改OK
  run47 対象 設備29% 金14% 討伐51% タップ6% → (a)NG ②改OK
  run48 対象 設備29% 金18% 討伐46% タップ7% → (a)NG ②改OK
㉘合計: 162/235周回
②(改・ジャンル一強禁止 得意ジャンルlift≤±1.5倍) 合計: 127/186周回
