=== ㉘稼ぎ口比率(100h・周回シェア=各tickシェアの周回平均) ===
balanced(S6 早回し転生型) 4つすべて≥10%: 2/26周回 合格
  run 0 対象 設備8% 金53% 討伐26% タップ13% → (a)NG
  run 1 対象 設備13% 金69% 討伐13% タップ5% → (a)NG
  run 2 対象 設備17% 金62% 討伐16% タップ4% → (a)NG
  run 3 対象 設備19% 金55% 討伐21% タップ4% → (a)NG
  run 4 対象 設備21% 金40% 討伐34% タップ5% → (a)NG
  run 5 対象 設備29% 金47% 討伐20% タップ4% → (a)NG
  run 6 対象 設備33% 金45% 討伐18% タップ4% → (a)NG
  run 7 対象 設備32% 金40% 討伐18% タップ10% → (a)OK
  run 8 対象 設備28% 金33% 討伐11% タップ28% → (a)OK
  run 9 対象 設備26% 金28% 討伐9% タップ37% → (a)NG
  run10 対象 設備23% 金22% 討伐8% タップ47% → (a)NG
  run11 対象 設備20% 金16% 討伐6% タップ58% → (a)NG
  run12 対象 設備20% 金14% 討伐6% タップ61% → (a)NG
  run13 対象 設備20% 金12% 討伐5% タップ63% → (a)NG
  run14 対象 設備20% 金11% 討伐4% タップ64% → (a)NG
  run15 対象 設備22% 金28% 討伐5% タップ45% → (a)NG
  run16 対象 設備22% 金23% 討伐4% タップ51% → (a)NG
  run17 対象 設備22% 金28% 討伐6% タップ45% → (a)NG
  run18 対象 設備44% 金42% 討伐13% タップ1% → (a)NG
  run19 対象 設備44% 金40% 討伐15% タップ1% → (a)NG
  run20 対象 設備43% 金39% 討伐18% タップ1% → (a)NG
  run21 対象 設備41% 金39% 討伐19% タップ1% → (a)NG
  run22 対象 設備35% 金23% 討伐42% タップ0% → (a)NG
  run23 対象 設備41% 金33% 討伐26% タップ1% → (a)NG
  run24 対象 設備28% 金13% 討伐58% タップ0% → (a)NG
  run25 対象 設備36% 金32% 討伐32% タップ1% → (a)NG
click(S2 クリック会心型) 主役=タップ≥25%: 10/28周回 合格
  run 0 対象 設備11% 金57% 討伐11% タップ21% → (a)NG
  run 1 対象 設備16% 金71% 討伐5% タップ8% → (a)NG
  run 2 対象 設備23% 金63% 討伐7% タップ8% → (a)NG
  run 3 対象 設備28% 金56% 討伐9% タップ7% → (a)NG
  run 4 対象 設備31% 金44% 討伐16% タップ8% → (a)NG
  run 5 対象 設備39% 金49% 討伐6% タップ6% → (a)NG
  run 6 対象 設備45% 金45% 討伐5% タップ6% → (a)NG
  run 7 対象 設備46% 金41% 討伐6% タップ7% → (a)NG
  run 8 対象 設備41% 金35% 討伐4% タップ20% → (a)NG
  run 9 対象 設備40% 金30% 討伐3% タップ26% → (a)OK
  run10 対象 設備38% 金21% 討伐3% タップ38% → (a)OK
  run11 対象 設備36% 金16% 討伐2% タップ46% → (a)OK
  run12 対象 設備35% 金12% 討伐2% タップ52% → (a)OK
  run13 対象 設備36% 金11% 討伐1% タップ51% → (a)OK
  run14 対象 設備39% 金9% 討伐1% タップ50% → (a)OK
  run15 対象 設備42% 金9% 討伐1% タップ49% → (a)OK
  run16 対象 設備43% 金8% 討伐3% タップ47% → (a)OK
  run17 対象 設備44% 金7% 討伐3% タップ46% → (a)OK
  run18 対象 設備38% 金12% 討伐2% タップ48% → (a)OK
  run19 対象 設備72% 金17% 討伐2% タップ9% → (a)NG
  run20 対象 設備73% 金16% 討伐2% タップ10% → (a)NG
  run21 対象 設備73% 金16% 討伐2% タップ9% → (a)NG
  run22 対象 設備72% 金17% 討伐3% タップ7% → (a)NG
  run23 対象 設備72% 金17% 討伐4% タップ7% → (a)NG
  run24 対象 設備73% 金15% 討伐4% タップ8% → (a)NG
  run25 対象 設備72% 金15% 討伐5% タップ8% → (a)NG
  run26 対象 設備78% 金9% 討伐11% タップ2% → (a)NG
  run27 対象 設備74% 金14% 討伐5% タップ7% → (a)NG
golden(S3 金クッキー特化型) 主役=金クッキー≥25%: 24/26周回 合格
  run 0 対象 設備6% 金78% 討伐6% タップ10% → (a)OK
  run 1 対象 設備15% 金74% 討伐9% タップ3% → (a)OK
  run 2 対象 設備19% 金62% 討伐15% タップ4% → (a)OK
  run 3 対象 設備22% 金57% 討伐19% タップ2% → (a)OK
  run 4 対象 設備24% 金50% 討伐24% タップ2% → (a)OK
  run 5 対象 設備27% 金45% 討伐27% タップ2% → (a)OK
  run 6 対象 設備29% 金43% 討伐26% タップ2% → (a)OK
  run 7 対象 設備30% 金41% 討伐25% タップ4% → (a)OK
  run 8 対象 設備32% 金38% 討伐23% タップ7% → (a)OK
  run 9 対象 設備32% 金34% 討伐24% タップ10% → (a)OK
  run10 対象 設備34% 金30% 討伐23% タップ13% → (a)OK
  run11 対象 設備35% 金27% 討伐22% タップ17% → (a)OK
  run12 対象 設備36% 金25% 討伐22% タップ17% → (a)OK
  run13 対象 設備40% 金21% 討伐21% タップ19% → (a)NG
  run14 対象 設備41% 金19% 討伐20% タップ19% → (a)NG
  run15 対象 設備39% 金41% 討伐5% タップ15% → (a)OK
  run16 対象 設備41% 金42% 討伐0% タップ16% → (a)OK
  run17 対象 設備50% 金48% 討伐0% タップ1% → (a)OK
  run18 対象 設備52% 金47% 討伐0% タップ1% → (a)OK
  run19 対象 設備53% 金46% 討伐0% タップ1% → (a)OK
  run20 対象 設備54% 金45% 討伐0% タップ1% → (a)OK
  run21 対象 設備55% 金44% 討伐0% タップ1% → (a)OK
  run22 対象 設備56% 金43% 討伐0% タップ0% → (a)OK
  run23 対象 設備57% 金42% 討伐0% タップ0% → (a)OK
  run24 対象 設備71% 金29% 討伐0% タップ0% → (a)OK
  run25 対象 設備38% 金36% 討伐25% タップ1% → (a)OK
hunt(S4 狩猟特化型) 主役=討伐由来≥25%: 26/27周回 合格
  run 0 対象 設備3% 金76% 討伐10% タップ11% → (a)NG
  run 1 対象 設備14% 金55% 討伐28% タップ3% → (a)OK
  run 2 対象 設備16% 金47% 討伐34% タップ3% → (a)OK
  run 3 対象 設備18% 金40% 討伐39% タップ3% → (a)OK
  run 4 対象 設備20% 金38% 討伐40% タップ2% → (a)OK
  run 5 対象 設備22% 金35% 討伐41% タップ2% → (a)OK
  run 6 対象 設備24% 金34% 討伐40% タップ1% → (a)OK
  run 7 対象 設備25% 金32% 討伐39% タップ4% → (a)OK
  run 8 対象 設備26% 金28% 討伐36% タップ10% → (a)OK
  run 9 対象 設備26% 金26% 討伐35% タップ13% → (a)OK
  run10 対象 設備27% 金22% 討伐31% タップ20% → (a)OK
  run11 対象 設備28% 金20% 討伐29% タップ22% → (a)OK
  run12 対象 設備29% 金19% 討伐29% タップ23% → (a)OK
  run13 対象 設備30% 金18% 討伐28% タップ24% → (a)OK
  run14 対象 設備31% 金16% 討伐28% タップ25% → (a)OK
  run15 対象 設備32% 金15% 討伐27% タップ25% → (a)OK
  run16 対象 設備32% 金15% 討伐29% タップ25% → (a)OK
  run17 対象 設備33% 金14% 討伐28% タップ25% → (a)OK
  run18 対象 設備34% 金14% 討伐26% タップ25% → (a)OK
  run19 対象 設備45% 金17% 討伐33% タップ6% → (a)OK
  run20 対象 設備47% 金17% 討伐33% タップ4% → (a)OK
  run21 対象 設備39% 金24% 討伐37% タップ0% → (a)OK
  run22 対象 設備33% 金11% 討伐39% タップ17% → (a)OK
  run23 対象 設備31% 金11% 討伐43% タップ16% → (a)OK
  run24 対象 設備28% 金10% 討伐48% タップ14% → (a)OK
  run25 対象 設備26% 金8% 討伐54% タップ12% → (a)OK
  run26 対象 設備29% 金9% 討伐60% タップ3% → (a)OK
bake(S1 バランス効率型) 主役=設備生産≥25%: 23/24周回 合格
  run 0 対象 設備10% 金67% 討伐8% タップ14% → (a)NG
  run 1 対象 設備36% 金56% 討伐3% タップ5% → (a)OK
  run 2 対象 設備46% 金46% 討伐5% タップ4% → (a)OK
  run 3 対象 設備51% 金39% 討伐7% タップ3% → (a)OK
  run 4 対象 設備58% 金31% 討伐9% タップ3% → (a)OK
  run 5 対象 設備61% 金27% 討伐10% タップ2% → (a)OK
  run 6 対象 設備64% 金24% 討伐9% タップ3% → (a)OK
  run 7 対象 設備63% 金22% 討伐6% タップ9% → (a)OK
  run 8 対象 設備63% 金20% 討伐6% タップ11% → (a)OK
  run 9 対象 設備61% 金17% 討伐5% タップ17% → (a)OK
  run10 対象 設備61% 金16% 討伐5% タップ18% → (a)OK
  run11 対象 設備61% 金15% 討伐5% タップ19% → (a)OK
  run12 対象 設備61% 金14% 討伐5% タップ21% → (a)OK
  run13 対象 設備61% 金13% 討伐5% タップ21% → (a)OK
  run14 対象 設備60% 金23% 討伐3% タップ14% → (a)OK
  run15 対象 設備59% 金23% 討伐5% タップ14% → (a)OK
  run16 対象 設備69% 金25% 討伐5% タップ1% → (a)OK
  run17 対象 設備71% 金24% 討伐4% タップ1% → (a)OK
  run18 対象 設備67% 金23% 討伐10% タップ1% → (a)OK
  run19 対象 設備65% 金22% 討伐13% タップ1% → (a)OK
  run20 対象 設備64% 金19% 討伐17% タップ1% → (a)OK
  run21 対象 設備62% 金18% 討伐20% タップ1% → (a)OK
  run22 対象 設備50% 金8% 討伐43% タップ0% → (a)OK
  run23 対象 設備59% 金17% 討伐24% タップ0% → (a)OK
㉘合計: 85/131周回
②(改2・方針間: 得意分野liftの中央値が幾何平均1.65の±1.5倍以内) click=1.10(帯外) golden=1.74 hunt=1.52 bake=2.56(帯外) → NG
