=== ㉘稼ぎ口比率(100h・周回シェア=各tickシェアの周回平均) ===
balanced(S6 早回し転生型) 4つすべて≥10%: 28/48周回 合格
  run 0 対象 設備13% 金66% 討伐9% タップ12% → (a)NG
  run 1 対象 設備18% 金55% 討伐11% タップ16% → (a)OK
  run 2 対象 設備10% 金33% 討伐18% タップ39% → (a)OK
  run 3 対象 設備9% 金41% 討伐15% タップ34% → (a)NG
  run 4 対象 設備8% 金53% 討伐12% タップ27% → (a)NG
  run 5 対象 設備6% 金57% 討伐14% タップ22% → (a)NG
  run 6 対象 設備13% 金46% 討伐16% タップ24% → (a)OK
  run 7 対象 設備15% 金44% 討伐15% タップ25% → (a)OK
  run 8 対象 設備14% 金54% 討伐11% タップ21% → (a)OK
  run 9 対象 設備15% 金53% 討伐11% タップ21% → (a)OK
  run10 対象 設備16% 金50% 討伐12% タップ23% → (a)OK
  run11 対象 設備16% 金50% 討伐12% タップ22% → (a)OK
  run12 対象 設備16% 金49% 討伐12% タップ23% → (a)OK
  run13 対象 設備17% 金45% 討伐11% タップ26% → (a)OK
  run14 対象 設備18% 金43% 討伐12% タップ27% → (a)OK
  run15 対象 設備18% 金41% 討伐12% タップ30% → (a)OK
  run16 対象 設備18% 金39% 討伐12% タップ32% → (a)OK
  run17 対象 設備19% 金37% 討伐11% タップ34% → (a)OK
  run18 対象 設備18% 金39% 討伐9% タップ34% → (a)NG
  run19 対象 設備18% 金38% 討伐9% タップ35% → (a)NG
  run20 対象 設備16% 金32% 討伐19% タップ33% → (a)OK
  run21 対象 設備16% 金28% 討伐21% タップ35% → (a)OK
  run22 対象 設備15% 金24% 討伐25% タップ36% → (a)OK
  run23 対象 設備15% 金23% 討伐25% タップ37% → (a)OK
  run24 対象 設備14% 金20% 討伐27% タップ39% → (a)OK
  run25 対象 設備13% 金23% 討伐24% タップ40% → (a)OK
  run26 対象 設備13% 金21% 討伐25% タップ41% → (a)OK
  run27 対象 設備13% 金21% 討伐25% タップ42% → (a)OK
  run28 対象 設備13% 金25% 討伐23% タップ39% → (a)OK
  run29 対象 設備13% 金25% 討伐23% タップ39% → (a)OK
  run30 対象 設備13% 金24% 討伐24% タップ39% → (a)OK
  run31 対象 設備13% 金21% 討伐22% タップ44% → (a)OK
  run32 対象 設備13% 金23% 討伐24% タップ40% → (a)OK
  run33 対象 設備21% 金38% 討伐32% タップ9% → (a)NG
  run34 対象 設備21% 金36% 討伐34% タップ8% → (a)NG
  run35 対象 設備22% 金34% 討伐36% タップ9% → (a)NG
  run36 対象 設備23% 金35% 討伐33% タップ9% → (a)NG
  run37 対象 設備21% 金34% 討伐36% タップ9% → (a)NG
  run38 対象 設備21% 金33% 討伐36% タップ9% → (a)NG
  run39 対象 設備21% 金36% 討伐36% タップ8% → (a)NG
  run40 対象 設備21% 金32% 討伐38% タップ9% → (a)NG
  run41 対象 設備19% 金27% 討伐45% タップ8% → (a)NG
  run42 対象 設備20% 金27% 討伐44% タップ9% → (a)NG
  run43 対象 設備20% 金28% 討伐44% タップ8% → (a)NG
  run44 対象 設備20% 金28% 討伐45% タップ8% → (a)NG
  run45 対象 設備18% 金27% 討伐46% タップ9% → (a)NG
  run46 対象 設備17% 金29% 討伐43% タップ11% → (a)OK
  run47 対象 設備20% 金24% 討伐46% タップ10% → (a)NG
click(S2 クリック会心型) 主役=タップ≥25%: 31/48周回 合格
  run 0 対象 設備8% 金65% 討伐9% タップ18% → (a)NG
  run 1 対象 設備13% 金56% 討伐9% タップ22% → (a)NG
  run 2 対象 設備4% 金28% 討伐19% タップ49% → (a)OK
  run 3 対象 設備8% 金31% 討伐17% タップ44% → (a)OK
  run 4 対象 設備14% 金38% 討伐13% タップ35% → (a)OK
  run 5 対象 設備17% 金38% 討伐16% タップ29% → (a)OK
  run 6 対象 設備30% 金30% 討伐15% タップ25% → (a)OK
  run 7 対象 設備34% 金26% 討伐13% タップ27% → (a)OK
  run 8 対象 設備32% 金30% 討伐11% タップ27% → (a)OK
  run 9 対象 設備30% 金28% 討伐11% タップ30% → (a)OK
  run10 対象 設備33% 金28% 討伐10% タップ30% → (a)OK
  run11 対象 設備33% 金25% 討伐10% タップ33% → (a)OK
  run12 対象 設備33% 金24% 討伐10% タップ32% → (a)OK
  run13 対象 設備32% 金23% 討伐8% タップ37% → (a)OK
  run14 対象 設備32% 金23% 討伐8% タップ36% → (a)OK
  run15 対象 設備34% 金20% 討伐9% タップ37% → (a)OK
  run16 対象 設備32% 金20% 討伐8% タップ39% → (a)OK
  run17 対象 設備31% 金19% 討伐8% タップ42% → (a)OK
  run18 対象 設備29% 金19% 討伐7% タップ44% → (a)OK
  run19 対象 設備30% 金21% 討伐7% タップ43% → (a)OK
  run20 対象 設備26% 金18% 討伐12% タップ44% → (a)OK
  run21 対象 設備29% 金15% 討伐14% タップ43% → (a)OK
  run22 対象 設備28% 金13% 討伐15% タップ44% → (a)OK
  run23 対象 設備25% 金12% 討伐17% タップ46% → (a)OK
  run24 対象 設備24% 金12% 討伐16% タップ49% → (a)OK
  run25 対象 設備20% 金15% 討伐14% タップ50% → (a)OK
  run26 対象 設備20% 金14% 討伐14% タップ52% → (a)OK
  run27 対象 設備20% 金13% 討伐15% タップ52% → (a)OK
  run28 対象 設備19% 金12% 討伐16% タップ53% → (a)OK
  run29 対象 設備19% 金12% 討伐17% タップ53% → (a)OK
  run30 対象 設備19% 金12% 討伐16% タップ53% → (a)OK
  run31 対象 設備19% 金12% 討伐15% タップ55% → (a)OK
  run32 対象 設備22% 金14% 討伐17% タップ47% → (a)OK
  run33 対象 設備33% 金14% 討伐34% タップ19% → (a)NG
  run34 対象 設備33% 金17% 討伐33% タップ17% → (a)NG
  run35 対象 設備35% 金17% 討伐34% タップ14% → (a)NG
  run36 対象 設備32% 金15% 討伐33% タップ20% → (a)NG
  run37 対象 設備34% 金18% 討伐32% タップ16% → (a)NG
  run38 対象 設備33% 金17% 討伐32% タップ18% → (a)NG
  run39 対象 設備35% 金18% 討伐32% タップ15% → (a)NG
  run40 対象 設備37% 金19% 討伐32% タップ12% → (a)NG
  run41 対象 設備35% 金18% 討伐32% タップ15% → (a)NG
  run42 対象 設備36% 金18% 討伐32% タップ14% → (a)NG
  run43 対象 設備36% 金18% 討伐32% タップ14% → (a)NG
  run44 対象 設備36% 金14% 討伐35% タップ15% → (a)NG
  run45 対象 設備34% 金16% 討伐33% タップ17% → (a)NG
  run46 対象 設備36% 金13% 討伐36% タップ15% → (a)NG
  run47 対象 設備36% 金13% 討伐36% タップ16% → (a)NG
golden(S3 金クッキー特化型) 主役=金クッキー≥25%: 44/44周回 合格
  run 0 対象外 設備13% 金59% 討伐13% タップ16%
  run 1 対象外 設備12% 金57% 討伐13% タップ18%
  run 2 対象外 設備12% 金35% 討伐20% タップ33%
  run 3 対象外 設備9% 金53% 討伐14% タップ23%
  run 4 対象 設備7% 金63% 討伐14% タップ16% → (a)OK
  run 5 対象 設備9% 金55% 討伐16% タップ20% → (a)OK
  run 6 対象 設備10% 金55% 討伐16% タップ19% → (a)OK
  run 7 対象 設備10% 金51% 討伐20% タップ19% → (a)OK
  run 8 対象 設備11% 金57% 討伐19% タップ14% → (a)OK
  run 9 対象 設備11% 金55% 討伐21% タップ12% → (a)OK
  run10 対象 設備12% 金55% 討伐20% タップ13% → (a)OK
  run11 対象 設備14% 金51% 討伐21% タップ14% → (a)OK
  run12 対象 設備14% 金51% 討伐21% タップ13% → (a)OK
  run13 対象 設備16% 金52% 討伐21% タップ11% → (a)OK
  run14 対象 設備18% 金48% 討伐23% タップ11% → (a)OK
  run15 対象 設備19% 金46% 討伐23% タップ11% → (a)OK
  run16 対象 設備20% 金46% 討伐24% タップ11% → (a)OK
  run17 対象 設備20% 金45% 討伐24% タップ11% → (a)OK
  run18 対象 設備19% 金49% 討伐23% タップ9% → (a)OK
  run19 対象 設備20% 金50% 討伐21% タップ9% → (a)OK
  run20 対象 設備17% 金42% 討伐33% タップ8% → (a)OK
  run21 対象 設備17% 金38% 討伐37% タップ7% → (a)OK
  run22 対象 設備16% 金33% 討伐44% タップ7% → (a)OK
  run23 対象 設備15% 金29% 討伐49% タップ7% → (a)OK
  run24 対象 設備14% 金27% 討伐53% タップ6% → (a)OK
  run25 対象 設備13% 金30% 討伐54% タップ4% → (a)OK
  run26 対象 設備12% 金28% 討伐57% タップ4% → (a)OK
  run27 対象 設備30% 金60% 討伐2% タップ8% → (a)OK
  run28 対象 設備31% 金60% 討伐1% タップ8% → (a)OK
  run29 対象 設備31% 金60% 討伐1% タップ8% → (a)OK
  run30 対象 設備31% 金59% 討伐1% タップ9% → (a)OK
  run31 対象 設備31% 金60% 討伐1% タップ8% → (a)OK
  run32 対象 設備32% 金58% 討伐1% タップ9% → (a)OK
  run33 対象 設備37% 金60% 討伐1% タップ3% → (a)OK
  run34 対象 設備37% 金60% 討伐1% タップ2% → (a)OK
  run35 対象 設備38% 金58% 討伐1% タップ3% → (a)OK
  run36 対象 設備39% 金57% 討伐1% タップ2% → (a)OK
  run37 対象 設備39% 金58% 討伐1% タップ2% → (a)OK
  run38 対象 設備39% 金57% 討伐1% タップ3% → (a)OK
  run39 対象 設備40% 金57% 討伐1% タップ2% → (a)OK
  run40 対象 設備41% 金56% 討伐1% タップ2% → (a)OK
  run41 対象 設備42% 金54% 討伐1% タップ2% → (a)OK
  run42 対象 設備41% 金56% 討伐1% タップ2% → (a)OK
  run43 対象 設備40% 金56% 討伐1% タップ2% → (a)OK
  run44 対象 設備41% 金55% 討伐1% タップ2% → (a)OK
  run45 対象 設備17% 金36% 討伐44% タップ2% → (a)OK
  run46 対象 設備20% 金41% 討伐37% タップ3% → (a)OK
  run47 対象 設備17% 金42% 討伐37% タップ3% → (a)OK
hunt(S4 狩猟特化型) 主役=討伐由来≥25%: 43/43周回 合格
  run 0 対象外 設備21% 金69% 討伐5% タップ5%
  run 1 対象外 設備2% 金47% 討伐29% タップ22%
  run 2 対象外 設備4% 金41% 討伐36% タップ18%
  run 3 対象外 設備5% 金55% 討伐26% タップ14%
  run 4 対象外 設備4% 金64% 討伐24% タップ8%
  run 5 対象 設備3% 金51% 討伐37% タップ8% → (a)OK
  run 6 対象 設備6% 金50% 討伐37% タップ7% → (a)OK
  run 7 対象 設備6% 金42% 討伐44% タップ8% → (a)OK
  run 8 対象 設備8% 金46% 討伐41% タップ6% → (a)OK
  run 9 対象 設備9% 金45% 討伐41% タップ5% → (a)OK
  run10 対象 設備10% 金43% 討伐42% タップ5% → (a)OK
  run11 対象 設備11% 金42% 討伐42% タップ5% → (a)OK
  run12 対象 設備11% 金42% 討伐41% タップ6% → (a)OK
  run13 対象 設備13% 金40% 討伐42% タップ5% → (a)OK
  run14 対象 設備14% 金39% 討伐41% タップ5% → (a)OK
  run15 対象 設備15% 金39% 討伐41% タップ6% → (a)OK
  run16 対象 設備18% 金42% 討伐31% タップ9% → (a)OK
  run17 対象 設備17% 金36% 討伐41% タップ7% → (a)OK
  run18 対象 設備17% 金36% 討伐40% タップ7% → (a)OK
  run19 対象 設備17% 金38% 討伐39% タップ7% → (a)OK
  run20 対象 設備16% 金40% 討伐36% タップ7% → (a)OK
  run21 対象 設備11% 金27% 討伐57% タップ4% → (a)OK
  run22 対象 設備10% 金23% 討伐63% タップ4% → (a)OK
  run23 対象 設備9% 金20% 討伐67% タップ4% → (a)OK
  run24 対象 設備10% 金22% 討伐63% タップ5% → (a)OK
  run25 対象 設備8% 金18% 討伐71% タップ3% → (a)OK
  run26 対象 設備7% 金16% 討伐73% タップ3% → (a)OK
  run27 対象 設備7% 金12% 討伐77% タップ4% → (a)OK
  run28 対象 設備8% 金16% 討伐72% タップ4% → (a)OK
  run29 対象 設備7% 金11% 討伐78% タップ4% → (a)OK
  run30 対象 設備7% 金11% 討伐78% タップ4% → (a)OK
  run31 対象 設備7% 金11% 討伐78% タップ4% → (a)OK
  run32 対象 設備9% 金17% 討伐69% タップ4% → (a)OK
  run33 対象 設備7% 金11% 討伐80% タップ2% → (a)OK
  run34 対象 設備7% 金11% 討伐80% タップ1% → (a)OK
  run35 対象 設備7% 金11% 討伐81% タップ1% → (a)OK
  run36 対象 設備9% 金18% 討伐70% タップ3% → (a)OK
  run37 対象 設備8% 金17% 討伐73% タップ2% → (a)OK
  run38 対象 設備7% 金16% 討伐76% タップ2% → (a)OK
  run39 対象 設備7% 金9% 討伐81% タップ4% → (a)OK
  run40 対象 設備10% 金17% 討伐68% タップ4% → (a)OK
  run41 対象 設備6% 金9% 討伐83% タップ3% → (a)OK
  run42 対象 設備6% 金8% 討伐83% タップ3% → (a)OK
  run43 対象 設備6% 金8% 討伐83% タップ3% → (a)OK
  run44 対象 設備14% 金24% 討伐58% タップ4% → (a)OK
  run45 対象 設備6% 金8% 討伐83% タップ3% → (a)OK
  run46 対象 設備6% 金8% 討伐83% タップ3% → (a)OK
  run47 対象 設備11% 金37% 討伐37% タップ15% → (a)OK
bake(S1 バランス効率型) 主役=設備生産≥25%: 41/48周回 合格
  run 0 対象 設備12% 金70% 討伐8% タップ10% → (a)NG
  run 1 対象 設備16% 金60% 討伐10% タップ14% → (a)NG
  run 2 対象 設備11% 金39% 討伐16% タップ35% → (a)NG
  run 3 対象 設備9% 金56% 討伐11% タップ24% → (a)NG
  run 4 対象 設備7% 金63% 討伐11% タップ18% → (a)NG
  run 5 対象 設備7% 金60% 討伐14% タップ19% → (a)NG
  run 6 対象 設備22% 金45% 討伐14% タップ20% → (a)NG
  run 7 対象 設備30% 金40% 討伐13% タップ17% → (a)OK
  run 8 対象 設備32% 金45% 討伐11% タップ13% → (a)OK
  run 9 対象 設備35% 金42% 討伐11% タップ13% → (a)OK
  run10 対象 設備36% 金40% 討伐11% タップ13% → (a)OK
  run11 対象 設備39% 金38% 討伐11% タップ12% → (a)OK
  run12 対象 設備40% 金36% 討伐11% タップ13% → (a)OK
  run13 対象 設備45% 金33% 討伐11% タップ11% → (a)OK
  run14 対象 設備46% 金33% 討伐11% タップ10% → (a)OK
  run15 対象 設備48% 金30% 討伐12% タップ11% → (a)OK
  run16 対象 設備48% 金30% 討伐11% タップ10% → (a)OK
  run17 対象 設備51% 金29% 討伐11% タップ10% → (a)OK
  run18 対象 設備50% 金31% 討伐10% タップ9% → (a)OK
  run19 対象 設備49% 金33% 討伐10% タップ8% → (a)OK
  run20 対象 設備43% 金27% 討伐23% タップ7% → (a)OK
  run21 対象 設備42% 金25% 討伐26% タップ7% → (a)OK
  run22 対象 設備41% 金21% 討伐32% タップ7% → (a)OK
  run23 対象 設備39% 金19% 討伐35% タップ7% → (a)OK
  run24 対象 設備38% 金17% 討伐38% タップ7% → (a)OK
  run25 対象 設備37% 金19% 討伐38% タップ6% → (a)OK
  run26 対象 設備36% 金18% 討伐40% タップ6% → (a)OK
  run27 対象 設備41% 金31% 討伐22% タップ6% → (a)OK
  run28 対象 設備43% 金32% 討伐19% タップ6% → (a)OK
  run29 対象 設備41% 金32% 討伐21% タップ6% → (a)OK
  run30 対象 設備42% 金32% 討伐20% タップ6% → (a)OK
  run31 対象 設備46% 金32% 討伐16% タップ6% → (a)OK
  run32 対象 設備38% 金30% 討伐27% タップ5% → (a)OK
  run33 対象 設備39% 金26% 討伐32% タップ4% → (a)OK
  run34 対象 設備38% 金26% 討伐33% タップ3% → (a)OK
  run35 対象 設備37% 金23% 討伐36% タップ4% → (a)OK
  run36 対象 設備41% 金22% 討伐32% タップ4% → (a)OK
  run37 対象 設備38% 金23% 討伐35% タップ4% → (a)OK
  run38 対象 設備37% 金23% 討伐36% タップ4% → (a)OK
  run39 対象 設備37% 金23% 討伐36% タップ4% → (a)OK
  run40 対象 設備38% 金21% 討伐38% タップ4% → (a)OK
  run41 対象 設備35% 金14% 討伐48% タップ3% → (a)OK
  run42 対象 設備33% 金19% 討伐44% タップ4% → (a)OK
  run43 対象 設備34% 金19% 討伐42% タップ5% → (a)OK
  run44 対象 設備35% 金18% 討伐42% タップ5% → (a)OK
  run45 対象 設備35% 金19% 討伐41% タップ5% → (a)OK
  run46 対象 設備33% 金18% 討伐45% タップ3% → (a)OK
  run47 対象 設備33% 金16% 討伐46% タップ4% → (a)OK
㉘合計: 187/231周回
②(改2・方針間: 得意分野liftの中央値が幾何平均2.00の±1.5倍以内) click=1.48 golden=2.21 hunt=3.05(帯外) bake=1.60 → NG
