=== ㉘稼ぎ口比率(100h・周回シェア=各tickシェアの周回平均) ===
balanced(S6 早回し転生型) 4つすべて≥10%: 8/45周回 合格
  run 0 対象 設備5% 金42% 討伐12% タップ40% → (a)NG
  run 1 対象 設備28% 金17% 討伐20% タップ35% → (a)OK
  run 2 対象 設備35% 金24% 討伐19% タップ22% → (a)OK
  run 3 対象 設備30% 金41% 討伐16% タップ13% → (a)OK
  run 4 対象 設備34% 金29% 討伐20% タップ16% → (a)OK
  run 5 対象 設備35% 金28% 討伐22% タップ15% → (a)OK
  run 6 対象 設備30% 金31% 討伐23% タップ16% → (a)OK
  run 7 対象 設備33% 金33% 討伐12% タップ22% → (a)OK
  run 8 対象 設備21% 金21% 討伐13% タップ45% → (a)OK
  run 9 対象 設備18% 金16% 討伐9% タップ56% → (a)NG
  run10 対象 設備18% 金14% 討伐7% タップ60% → (a)NG
  run11 対象 設備19% 金12% 討伐8% タップ61% → (a)NG
  run12 対象 設備15% 金11% 討伐6% タップ69% → (a)NG
  run13 対象 設備14% 金8% 討伐5% タップ73% → (a)NG
  run14 対象 設備14% 金8% 討伐5% タップ73% → (a)NG
  run15 対象 設備13% 金7% 討伐4% タップ76% → (a)NG
  run16 対象 設備13% 金6% 討伐4% タップ78% → (a)NG
  run17 対象 設備14% 金7% 討伐5% タップ74% → (a)NG
  run18 対象 設備12% 金6% 討伐3% タップ79% → (a)NG
  run19 対象 設備12% 金5% 討伐3% タップ80% → (a)NG
  run20 対象 設備12% 金5% 討伐3% タップ80% → (a)NG
  run21 対象 設備11% 金5% 討伐2% タップ82% → (a)NG
  run22 対象 設備11% 金4% 討伐1% タップ84% → (a)NG
  run23 対象 設備11% 金4% 討伐2% タップ84% → (a)NG
  run24 対象 設備10% 金4% 討伐1% タップ85% → (a)NG
  run25 対象 設備11% 金4% 討伐2% タップ83% → (a)NG
  run26 対象 設備11% 金3% 討伐4% タップ82% → (a)NG
  run27 対象 設備11% 金3% 討伐3% タップ83% → (a)NG
  run28 対象 設備11% 金3% 討伐4% タップ82% → (a)NG
  run29 対象 設備11% 金3% 討伐5% タップ81% → (a)NG
  run30 対象 設備11% 金3% 討伐6% タップ81% → (a)NG
  run31 対象 設備58% 金14% 討伐23% タップ5% → (a)NG
  run32 対象 設備56% 金12% 討伐27% タップ5% → (a)NG
  run33 対象 設備54% 金12% 討伐31% タップ4% → (a)NG
  run34 対象 設備55% 金12% 討伐30% タップ3% → (a)NG
  run35 対象 設備55% 金11% 討伐32% タップ2% → (a)NG
  run36 対象 設備55% 金11% 討伐32% タップ2% → (a)NG
  run37 対象 設備55% 金11% 討伐33% タップ2% → (a)NG
  run38 対象 設備51% 金9% 討伐35% タップ6% → (a)NG
  run39 対象 設備53% 金10% 討伐36% タップ2% → (a)NG
  run40 対象 設備53% 金9% 討伐36% タップ2% → (a)NG
  run41 対象 設備53% 金9% 討伐37% タップ2% → (a)NG
  run42 対象 設備52% 金8% 討伐37% タップ3% → (a)NG
  run43 対象 設備53% 金9% 討伐37% タップ2% → (a)NG
  run44 対象 設備53% 金8% 討伐37% タップ2% → (a)NG
click(S2 クリック会心型) 主役=タップ≥25%: 23/45周回 合格
  run 0 対象 設備3% 金35% 討伐14% タップ48% → (a)OK
  run 1 対象 設備57% 金14% 討伐10% タップ20% → (a)NG
  run 2 対象 設備62% 金9% 討伐12% タップ17% → (a)NG
  run 3 対象 設備55% 金24% 討伐11% タップ11% → (a)NG
  run 4 対象 設備59% 金20% 討伐11% タップ11% → (a)NG
  run 5 対象 設備61% 金14% 討伐14% タップ11% → (a)NG
  run 6 対象 設備58% 金15% 討伐16% タップ11% → (a)NG
  run 7 対象 設備55% 金20% 討伐8% タップ17% → (a)NG
  run 8 対象 設備38% 金12% 討伐11% タップ40% → (a)OK
  run 9 対象 設備28% 金11% 討伐5% タップ57% → (a)OK
  run10 対象 設備30% 金9% 討伐6% タップ56% → (a)OK
  run11 対象 設備32% 金6% 討伐5% タップ57% → (a)OK
  run12 対象 設備28% 金6% 討伐3% タップ63% → (a)OK
  run13 対象 設備26% 金6% 討伐3% タップ66% → (a)OK
  run14 対象 設備26% 金5% 討伐2% タップ66% → (a)OK
  run15 対象 設備26% 金5% 討伐2% タップ68% → (a)OK
  run16 対象 設備26% 金4% 討伐1% タップ69% → (a)OK
  run17 対象 設備26% 金4% 討伐1% タップ69% → (a)OK
  run18 対象 設備26% 金4% 討伐1% タップ69% → (a)OK
  run19 対象 設備27% 金4% 討伐1% タップ69% → (a)OK
  run20 対象 設備27% 金3% 討伐1% タップ69% → (a)OK
  run21 対象 設備28% 金3% 討伐1% タップ68% → (a)OK
  run22 対象 設備29% 金3% 討伐1% タップ67% → (a)OK
  run23 対象 設備29% 金3% 討伐1% タップ67% → (a)OK
  run24 対象 設備31% 金3% 討伐1% タップ66% → (a)OK
  run25 対象 設備32% 金3% 討伐1% タップ64% → (a)OK
  run26 対象 設備34% 金2% 討伐1% タップ63% → (a)OK
  run27 対象 設備34% 金2% 討伐1% タップ63% → (a)OK
  run28 対象 設備35% 金2% 討伐1% タップ62% → (a)OK
  run29 対象 設備36% 金2% 討伐2% タップ60% → (a)OK
  run30 対象 設備84% 金5% 討伐3% タップ8% → (a)NG
  run31 対象 設備83% 金4% 討伐4% タップ9% → (a)NG
  run32 対象 設備84% 金4% 討伐4% タップ9% → (a)NG
  run33 対象 設備86% 金4% 討伐4% タップ6% → (a)NG
  run34 対象 設備88% 金4% 討伐4% タップ3% → (a)NG
  run35 対象 設備89% 金4% 討伐4% タップ3% → (a)NG
  run36 対象 設備89% 金4% 討伐4% タップ3% → (a)NG
  run37 対象 設備89% 金4% 討伐4% タップ3% → (a)NG
  run38 対象 設備90% 金4% 討伐5% タップ2% → (a)NG
  run39 対象 設備90% 金4% 討伐5% タップ2% → (a)NG
  run40 対象 設備89% 金3% 討伐5% タップ2% → (a)NG
  run41 対象 設備86% 金3% 討伐5% タップ6% → (a)NG
  run42 対象 設備83% 金3% 討伐4% タップ10% → (a)NG
  run43 対象 設備89% 金3% 討伐5% タップ3% → (a)NG
  run44 対象 設備90% 金3% 討伐5% タップ2% → (a)NG
