=== ㉘稼ぎ口比率(100h・周回シェア=各tickシェアの周回平均) ===
balanced(S6 早回し転生型) 4つすべて≥10%: 35/48周回 合格
  run 0 対象 設備8% 金53% 討伐12% タップ27% → (a)NG ②改OK
  run 1 対象 設備14% 金48% 討伐13% タップ24% → (a)OK ②改OK
  run 2 対象 設備12% 金19% 討伐22% タップ48% → (a)OK ②改OK
  run 3 対象 設備10% 金34% 討伐17% タップ39% → (a)OK ②改OK
  run 4 対象 設備8% 金48% 討伐13% タップ30% → (a)NG ②改OK
  run 5 対象 設備7% 金51% 討伐16% タップ25% → (a)NG ②改OK
  run 6 対象 設備14% 金44% 討伐17% タップ26% → (a)OK ②改OK
  run 7 対象 設備14% 金47% 討伐15% タップ24% → (a)OK ②改OK
  run 8 対象 設備13% 金53% 討伐12% タップ22% → (a)OK ②改OK
  run 9 対象 設備14% 金55% 討伐11% タップ20% → (a)OK ②改OK
  run10 対象 設備16% 金48% 討伐12% タップ23% → (a)OK ②改OK
  run11 対象 設備16% 金49% 討伐12% タップ23% → (a)OK ②改OK
  run12 対象 設備16% 金48% 討伐13% タップ24% → (a)OK ②改OK
  run13 対象 設備17% 金46% 討伐12% タップ25% → (a)OK ②改OK
  run14 対象 設備18% 金43% 討伐11% タップ27% → (a)OK ②改OK
  run15 対象 設備18% 金41% 討伐11% タップ30% → (a)OK ②改OK
  run16 対象 設備18% 金38% 討伐12% タップ32% → (a)OK ②改OK
  run17 対象 設備18% 金37% 討伐12% タップ33% → (a)OK ②改OK
  run18 対象 設備18% 金38% 討伐10% タップ34% → (a)OK ②改OK
  run19 対象 設備18% 金37% 討伐10% タップ35% → (a)OK ②改OK
  run20 対象 設備17% 金33% 討伐17% タップ33% → (a)OK ②改OK
  run21 対象 設備16% 金28% 討伐22% タップ34% → (a)OK ②改OK
  run22 対象 設備15% 金24% 討伐26% タップ35% → (a)OK ②改OK
  run23 対象 設備15% 金22% 討伐26% タップ37% → (a)OK ②改OK
  run24 対象 設備14% 金22% 討伐26% タップ38% → (a)OK ②改OK
  run25 対象 設備13% 金24% 討伐24% タップ38% → (a)OK ②改OK
  run26 対象 設備13% 金23% 討伐25% タップ40% → (a)OK ②改OK
  run27 対象 設備13% 金22% 討伐25% タップ40% → (a)OK ②改OK
  run28 対象 設備13% 金26% 討伐23% タップ38% → (a)OK ②改OK
  run29 対象 設備13% 金25% 討伐25% タップ38% → (a)OK ②改OK
  run30 対象 設備13% 金24% 討伐25% タップ39% → (a)OK ②改OK
  run31 対象 設備13% 金22% 討伐23% タップ42% → (a)OK ②改OK
  run32 対象 設備13% 金23% 討伐24% タップ40% → (a)OK ②改OK
  run33 対象 設備21% 金38% 討伐32% タップ9% → (a)NG ②改OK
  run34 対象 設備21% 金37% 討伐34% タップ8% → (a)NG ②改OK
  run35 対象 設備21% 金33% 討伐36% タップ9% → (a)NG ②改OK
  run36 対象 設備22% 金34% 討伐34% タップ10% → (a)NG ②改OK
  run37 対象 設備21% 金34% 討伐37% タップ9% → (a)NG ②改OK
  run38 対象 設備21% 金33% 討伐37% タップ8% → (a)NG ②改OK
  run39 対象 設備21% 金35% 討伐35% タップ9% → (a)NG ②改OK
  run40 対象 設備21% 金32% 討伐38% タップ9% → (a)NG ②改OK
  run41 対象 設備19% 金29% 討伐43% タップ9% → (a)NG ②改OK
  run42 対象 設備18% 金25% 討伐46% タップ11% → (a)OK ②改OK
  run43 対象 設備19% 金26% 討伐44% タップ12% → (a)OK ②改OK
  run44 対象 設備19% 金25% 討伐44% タップ12% → (a)OK ②改OK
  run45 対象 設備18% 金27% 討伐47% タップ8% → (a)NG ②改OK
  run46 対象 設備18% 金26% 討伐44% タップ12% → (a)OK ②改OK
  run47 対象 設備16% 金26% 討伐46% タップ13% → (a)OK ②改OK
click(S2 クリック会心型) 主役=タップ≥25%: 33/48周回 合格
  run 0 対象 設備5% 金48% 討伐13% タップ33% → (a)OK ②改NG
  run 1 対象 設備10% 金48% 討伐13% タップ28% → (a)OK ②改OK
  run 2 対象 設備5% 金14% 討伐23% タップ58% → (a)OK ②改NG
  run 3 対象 設備8% 金19% 討伐21% タップ53% → (a)OK ②改NG
  run 4 対象 設備14% 金32% 討伐15% タップ39% → (a)OK ②改NG
  run 5 対象 設備19% 金30% 討伐18% タップ33% → (a)OK ②改OK
  run 6 対象 設備31% 金26% 討伐16% タップ27% → (a)OK ②改OK
  run 7 対象 設備35% 金26% 討伐13% タップ26% → (a)OK ②改OK
  run 8 対象 設備33% 金29% 討伐12% タップ26% → (a)OK ②改OK
  run 9 対象 設備31% 金31% 討伐11% タップ27% → (a)OK ②改OK
  run10 対象 設備33% 金29% 討伐10% タップ28% → (a)OK ②改OK
  run11 対象 設備34% 金26% 討伐10% タップ30% → (a)OK ②改OK
  run12 対象 設備34% 金25% 討伐10% タップ31% → (a)OK ②改OK
  run13 対象 設備33% 金25% 討伐9% タップ33% → (a)OK ②改OK
  run14 対象 設備33% 金23% 討伐9% タップ35% → (a)OK ②改OK
  run15 対象 設備34% 金21% 討伐9% タップ36% → (a)OK ②改OK
  run16 対象 設備32% 金22% 討伐8% タップ38% → (a)OK ②改OK
  run17 対象 設備33% 金19% 討伐8% タップ40% → (a)OK ②改OK
  run18 対象 設備31% 金21% 討伐7% タップ41% → (a)OK ②改OK
  run19 対象 設備30% 金22% 討伐7% タップ41% → (a)OK ②改OK
  run20 対象 設備29% 金19% 討伐12% タップ40% → (a)OK ②改OK
  run21 対象 設備29% 金16% 討伐15% タップ40% → (a)OK ②改OK
  run22 対象 設備27% 金15% 討伐17% タップ41% → (a)OK ②改OK
  run23 対象 設備26% 金14% 討伐17% タップ42% → (a)OK ②改OK
  run24 対象 設備25% 金13% 討伐18% タップ45% → (a)OK ②改OK
  run25 対象 設備22% 金16% 討伐16% タップ46% → (a)OK ②改OK
  run26 対象 設備21% 金15% 討伐16% タップ48% → (a)OK ②改OK
  run27 対象 設備21% 金14% 討伐16% タップ48% → (a)OK ②改OK
  run28 対象 設備20% 金13% 討伐17% タップ49% → (a)OK ②改OK
  run29 対象 設備21% 金12% 討伐19% タップ49% → (a)OK ②改OK
  run30 対象 設備20% 金12% 討伐19% タップ49% → (a)OK ②改OK
  run31 対象 設備23% 金9% 討伐20% タップ48% → (a)OK ②改OK
  run32 対象 設備24% 金15% 討伐18% タップ43% → (a)OK ②改OK
  run33 対象 設備31% 金14% 討伐35% タップ20% → (a)NG ②改OK
  run34 対象 設備33% 金17% 討伐34% タップ16% → (a)NG ②改OK
  run35 対象 設備34% 金17% 討伐35% タップ14% → (a)NG ②改OK
  run36 対象 設備34% 金18% 討伐35% タップ14% → (a)NG ②改OK
  run37 対象 設備33% 金18% 討伐33% タップ16% → (a)NG ②改OK
  run38 対象 設備33% 金17% 討伐33% タップ17% → (a)NG ②改OK
  run39 対象 設備34% 金18% 討伐33% タップ15% → (a)NG ②改OK
  run40 対象 設備35% 金19% 討伐33% タップ13% → (a)NG ②改OK
  run41 対象 設備37% 金19% 討伐33% タップ12% → (a)NG ②改OK
  run42 対象 設備36% 金18% 討伐33% タップ13% → (a)NG ②改OK
  run43 対象 設備36% 金18% 討伐33% タップ13% → (a)NG ②改OK
  run44 対象 設備33% 金15% 討伐35% タップ16% → (a)NG ②改OK
  run45 対象 設備34% 金15% 討伐36% タップ14% → (a)NG ②改OK
  run46 対象 設備33% 金14% 討伐36% タップ17% → (a)NG ②改OK
  run47 対象 設備34% 金15% 討伐36% タップ15% → (a)NG ②改OK
golden(S3 金クッキー特化型) 主役=金クッキー≥25%: 44/44周回 合格
  run 0 対象外 設備8% 金42% 討伐18% タップ32%
  run 1 対象外 設備12% 金41% 討伐18% タップ29%
  run 2 対象外 設備13% 金27% 討伐23% タップ37%
  run 3 対象外 設備9% 金49% 討伐16% タップ26%
  run 4 対象 設備7% 金58% 討伐16% タップ19% → (a)OK ②改OK
  run 5 対象 設備9% 金53% 討伐17% タップ21% → (a)OK ②改OK
  run 6 対象 設備11% 金53% 討伐17% タップ20% → (a)OK ②改OK
  run 7 対象 設備9% 金51% 討伐21% タップ19% → (a)OK ②改OK
  run 8 対象 設備11% 金56% 討伐18% タップ15% → (a)OK ②改OK
  run 9 対象 設備11% 金53% 討伐22% タップ14% → (a)OK ②改OK
  run10 対象 設備12% 金52% 討伐22% タップ14% → (a)OK ②改OK
  run11 対象 設備13% 金52% 討伐21% タップ13% → (a)OK ②改OK
  run12 対象 設備14% 金52% 討伐21% タップ13% → (a)OK ②改OK
  run13 対象 設備15% 金50% 討伐22% タップ12% → (a)OK ②改OK
  run14 対象 設備16% 金49% 討伐24% タップ11% → (a)OK ②改OK
  run15 対象 設備18% 金47% 討伐24% タップ11% → (a)OK ②改OK
  run16 対象 設備19% 金47% 討伐24% タップ10% → (a)OK ②改NG
  run17 対象 設備19% 金46% 討伐25% タップ10% → (a)OK ②改OK
  run18 対象 設備19% 金47% 討伐24% タップ10% → (a)OK ②改NG
  run19 対象 設備19% 金51% 討伐22% タップ8% → (a)OK ②改NG
  run20 対象 設備16% 金43% 討伐33% タップ8% → (a)OK ②改NG
  run21 対象 設備17% 金39% 討伐37% タップ7% → (a)OK ②改NG
  run22 対象 設備16% 金32% 討伐45% タップ7% → (a)OK ②改OK
  run23 対象 設備15% 金29% 討伐49% タップ6% → (a)OK ②改OK
  run24 対象 設備14% 金28% 討伐53% タップ6% → (a)OK ②改OK
  run25 対象 設備13% 金31% 討伐53% タップ3% → (a)OK ②改NG
  run26 対象 設備12% 金28% 討伐56% タップ3% → (a)OK ②改NG
  run27 対象 設備30% 金60% 討伐1% タップ8% → (a)OK ②改NG
  run28 対象 設備31% 金60% 討伐1% タップ8% → (a)OK ②改NG
  run29 対象 設備31% 金60% 討伐1% タップ8% → (a)OK ②改NG
  run30 対象 設備31% 金59% 討伐1% タップ9% → (a)OK ②改NG
  run31 対象 設備32% 金59% 討伐1% タップ9% → (a)OK ②改NG
  run32 対象 設備32% 金58% 討伐1% タップ9% → (a)OK ②改NG
  run33 対象 設備36% 金60% 討伐1% タップ2% → (a)OK ②改NG
  run34 対象 設備37% 金59% 討伐1% タップ3% → (a)OK ②改NG
  run35 対象 設備38% 金59% 討伐1% タップ2% → (a)OK ②改NG
  run36 対象 設備39% 金58% 討伐1% タップ2% → (a)OK ②改NG
  run37 対象 設備39% 金58% 討伐1% タップ2% → (a)OK ②改NG
  run38 対象 設備40% 金57% 討伐1% タップ2% → (a)OK ②改NG
  run39 対象 設備40% 金57% 討伐1% タップ2% → (a)OK ②改NG
  run40 対象 設備40% 金57% 討伐1% タップ2% → (a)OK ②改NG
  run41 対象 設備41% 金56% 討伐1% タップ2% → (a)OK ②改NG
  run42 対象 設備39% 金57% 討伐1% タップ2% → (a)OK ②改NG
  run43 対象 設備40% 金56% 討伐1% タップ3% → (a)OK ②改NG
  run44 対象 設備41% 金56% 討伐1% タップ2% → (a)OK ②改NG
  run45 対象 設備41% 金55% 討伐1% タップ2% → (a)OK ②改NG
  run46 対象 設備18% 金44% 討伐34% タップ3% → (a)OK ②改NG
  run47 対象 設備16% 金47% 討伐32% タップ4% → (a)OK ②改NG
hunt(S4 狩猟特化型) 主役=討伐由来≥25%: 43/43周回 合格
  run 0 対象外 設備7% 金76% 討伐7% タップ10%
  run 1 対象外 設備1% 金43% 討伐31% タップ26%
  run 2 対象外 設備5% 金38% 討伐40% タップ17%
  run 3 対象外 設備4% 金54% 討伐28% タップ14%
  run 4 対象外 設備4% 金63% 討伐25% タップ8%
  run 5 対象 設備3% 金51% 討伐37% タップ9% → (a)OK ②改OK
  run 6 対象 設備5% 金50% 討伐37% タップ8% → (a)OK ②改OK
  run 7 対象 設備7% 金45% 討伐42% タップ7% → (a)OK ②改OK
  run 8 対象 設備7% 金46% 討伐41% タップ6% → (a)OK ②改OK
  run 9 対象 設備8% 金45% 討伐41% タップ5% → (a)OK ②改OK
  run10 対象 設備9% 金44% 討伐42% タップ5% → (a)OK ②改OK
  run11 対象 設備10% 金42% 討伐42% タップ5% → (a)OK ②改OK
  run12 対象 設備11% 金42% 討伐42% タップ5% → (a)OK ②改OK
  run13 対象 設備13% 金41% 討伐42% タップ5% → (a)OK ②改OK
  run14 対象 設備14% 金39% 討伐42% タップ5% → (a)OK ②改OK
  run15 対象 設備15% 金38% 討伐42% タップ6% → (a)OK ②改OK
  run16 対象 設備17% 金41% 討伐33% タップ9% → (a)OK ②改OK
  run17 対象 設備16% 金36% 討伐42% タップ6% → (a)OK ②改OK
  run18 対象 設備16% 金35% 討伐42% タップ7% → (a)OK ②改OK
  run19 対象 設備16% 金37% 討伐40% タップ7% → (a)OK ②改OK
  run20 対象 設備18% 金44% 討伐30% タップ8% → (a)OK ②改OK
  run21 対象 設備11% 金27% 討伐58% タップ4% → (a)OK ②改OK
  run22 対象 設備10% 金22% 討伐64% タップ4% → (a)OK ②改OK
  run23 対象 設備9% 金20% 討伐67% タップ4% → (a)OK ②改OK
  run24 対象 設備12% 金26% 討伐57% タップ6% → (a)OK ②改OK
  run25 対象 設備8% 金19% 討伐70% タップ3% → (a)OK ②改OK
  run26 対象 設備8% 金17% 討伐71% タップ4% → (a)OK ②改OK
  run27 対象 設備7% 金13% 討伐76% タップ3% → (a)OK ②改NG
  run28 対象 設備9% 金18% 討伐69% タップ4% → (a)OK ②改OK
  run29 対象 設備7% 金12% 討伐77% タップ4% → (a)OK ②改NG
  run30 対象 設備7% 金12% 討伐77% タップ4% → (a)OK ②改NG
  run31 対象 設備7% 金11% 討伐78% タップ4% → (a)OK ②改NG
  run32 対象 設備10% 金19% 討伐67% タップ5% → (a)OK ②改OK
  run33 対象 設備7% 金11% 討伐80% タップ2% → (a)OK ②改NG
  run34 対象 設備7% 金11% 討伐81% タップ1% → (a)OK ②改NG
  run35 対象 設備6% 金11% 討伐81% タップ2% → (a)OK ②改NG
  run36 対象 設備10% 金18% 討伐68% タップ3% → (a)OK ②改OK
  run37 対象 設備8% 金17% 討伐73% タップ3% → (a)OK ②改OK
  run38 対象 設備7% 金16% 討伐75% タップ2% → (a)OK ②改NG
  run39 対象 設備6% 金9% 討伐82% タップ2% → (a)OK ②改NG
  run40 対象 設備11% 金19% 討伐68% タップ3% → (a)OK ②改OK
  run41 対象 設備6% 金8% 討伐84% タップ3% → (a)OK ②改NG
  run42 対象 設備6% 金8% 討伐83% タップ3% → (a)OK ②改NG
  run43 対象 設備6% 金8% 討伐83% タップ3% → (a)OK ②改NG
  run44 対象 設備15% 金26% 討伐55% タップ4% → (a)OK ②改OK
  run45 対象 設備6% 金7% 討伐83% タップ3% → (a)OK ②改NG
  run46 対象 設備6% 金8% 討伐83% タップ3% → (a)OK ②改NG
  run47 対象 設備11% 金42% 討伐34% タップ14% → (a)OK ②改OK
bake(S1 バランス効率型) 主役=設備生産≥25%: 41/48周回 合格
  run 0 対象 設備8% 金53% 討伐12% タップ27% → (a)NG ②改OK
  run 1 対象 設備13% 金51% 討伐13% タップ23% → (a)NG ②改OK
  run 2 対象 設備13% 金25% 討伐20% タップ42% → (a)NG ②改OK
  run 3 対象 設備12% 金36% 討伐17% タップ36% → (a)NG ②改OK
  run 4 対象 設備8% 金59% 討伐13% タップ20% → (a)NG ②改OK
  run 5 対象 設備7% 金55% 討伐15% タップ23% → (a)NG ②改OK
  run 6 対象 設備23% 金41% 討伐15% タップ21% → (a)NG ②改OK
  run 7 対象 設備29% 金37% 討伐14% タップ19% → (a)OK ②改OK
  run 8 対象 設備30% 金45% 討伐11% タップ14% → (a)OK ②改OK
  run 9 対象 設備32% 金43% 討伐11% タップ13% → (a)OK ②改OK
  run10 対象 設備36% 金39% 討伐12% タップ13% → (a)OK ②改OK
  run11 対象 設備39% 金37% 討伐12% タップ12% → (a)OK ②改OK
  run12 対象 設備39% 金37% 討伐11% タップ12% → (a)OK ②改OK
  run13 対象 設備43% 金34% 討伐11% タップ11% → (a)OK ②改OK
  run14 対象 設備45% 金34% 討伐11% タップ10% → (a)OK ②改OK
  run15 対象 設備46% 金32% 討伐12% タップ10% → (a)OK ②改OK
  run16 対象 設備47% 金31% 討伐12% タップ10% → (a)OK ②改OK
  run17 対象 設備49% 金30% 討伐11% タップ10% → (a)OK ②改OK
  run18 対象 設備50% 金31% 討伐11% タップ9% → (a)OK ②改OK
  run19 対象 設備49% 金32% 討伐10% タップ9% → (a)OK ②改OK
  run20 対象 設備44% 金28% 討伐20% タップ8% → (a)OK ②改OK
  run21 対象 設備42% 金24% 討伐27% タップ7% → (a)OK ②改OK
  run22 対象 設備40% 金21% 討伐32% タップ7% → (a)OK ②改OK
  run23 対象 設備39% 金19% 討伐35% タップ7% → (a)OK ②改OK
  run24 対象 設備38% 金18% 討伐38% タップ7% → (a)OK ②改OK
  run25 対象 設備37% 金20% 討伐37% タップ6% → (a)OK ②改OK
  run26 対象 設備36% 金19% 討伐39% タップ6% → (a)OK ②改OK
  run27 対象 設備41% 金31% 討伐22% タップ6% → (a)OK ②改OK
  run28 対象 設備42% 金33% 討伐19% タップ6% → (a)OK ②改OK
  run29 対象 設備42% 金32% 討伐20% タップ6% → (a)OK ②改OK
  run30 対象 設備42% 金32% 討伐21% タップ6% → (a)OK ②改OK
  run31 対象 設備39% 金28% 討伐27% タップ6% → (a)OK ②改OK
  run32 対象 設備38% 金29% 討伐27% タップ6% → (a)OK ②改OK
  run33 対象 設備38% 金25% 討伐33% タップ4% → (a)OK ②改OK
  run34 対象 設備37% 金26% 討伐33% タップ4% → (a)OK ②改OK
  run35 対象 設備38% 金23% 討伐36% タップ4% → (a)OK ②改OK
  run36 対象 設備38% 金20% 討伐38% タップ4% → (a)OK ②改OK
  run37 対象 設備37% 金23% 討伐36% タップ4% → (a)OK ②改OK
  run38 対象 設備36% 金23% 討伐37% タップ4% → (a)OK ②改OK
  run39 対象 設備37% 金22% 討伐37% タップ4% → (a)OK ②改OK
  run40 対象 設備37% 金22% 討伐38% タップ4% → (a)OK ②改OK
  run41 対象 設備33% 金19% 討伐44% タップ4% → (a)OK ②改OK
  run42 対象 設備33% 金19% 討伐43% タップ4% → (a)OK ②改OK
  run43 対象 設備33% 金19% 討伐43% タップ5% → (a)OK ②改OK
  run44 対象 設備34% 金18% 討伐43% タップ5% → (a)OK ②改OK
  run45 対象 設備34% 金17% 討伐44% タップ5% → (a)OK ②改OK
  run46 対象 設備33% 金18% 討伐45% タップ5% → (a)OK ②改OK
  run47 対象 設備33% 金17% 討伐46% タップ4% → (a)OK ②改OK
㉘合計: 196/231周回
②(改・前半判定・得意ジャンルlift≤±1.5倍) 合計: 137/183周回
