=== ㉘稼ぎ口比率(100h・周回シェア=各tickシェアの周回平均) ===
balanced(S6 早回し転生型) 4つすべて≥10%: 8/28周回 合格
  run 0 対象 設備3% 金49% 討伐25% タップ22% → (a)NG
  run 1 対象 設備8% 金45% 討伐26% タップ21% → (a)NG
  run 2 対象 設備15% 金42% 討伐24% タップ19% → (a)OK
  run 3 対象 設備22% 金50% 討伐15% タップ13% → (a)OK
  run 4 対象 設備21% 金45% 討伐11% タップ24% → (a)OK
  run 5 対象 設備22% 金41% 討伐10% タップ27% → (a)OK
  run 6 対象 設備22% 金34% 討伐10% タップ33% → (a)OK
  run 7 対象 設備22% 金29% 討伐10% タップ39% → (a)OK
  run 8 対象 設備21% 金28% 討伐7% タップ43% → (a)NG
  run 9 対象 設備21% 金28% 討伐5% タップ47% → (a)NG
  run10 対象 設備21% 金26% 討伐4% タップ49% → (a)NG
  run11 対象 設備21% 金22% 討伐4% タップ53% → (a)NG
  run12 対象 設備20% 金19% 討伐3% タップ58% → (a)NG
  run13 対象 設備20% 金17% 討伐3% タップ60% → (a)NG
  run14 対象 設備20% 金16% 討伐3% タップ61% → (a)NG
  run15 対象 設備20% 金21% 討伐4% タップ55% → (a)NG
  run16 対象 設備19% 金16% 討伐13% タップ52% → (a)OK
  run17 対象 設備20% 金14% 討伐6% タップ60% → (a)NG
  run18 対象 設備16% 金10% 討伐28% タップ45% → (a)OK
  run19 対象 設備31% 金16% 討伐53% タップ1% → (a)NG
  run20 対象 設備30% 金14% 討伐55% タップ0% → (a)NG
  run21 対象 設備29% 金14% 討伐56% タップ0% → (a)NG
  run22 対象 設備29% 金12% 討伐58% タップ0% → (a)NG
  run23 対象 設備30% 金12% 討伐58% タップ0% → (a)NG
  run24 対象 設備29% 金11% 討伐60% タップ0% → (a)NG
  run25 対象 設備29% 金10% 討伐61% タップ0% → (a)NG
  run26 対象 設備28% 金10% 討伐62% タップ0% → (a)NG
  run27 対象 設備28% 金10% 討伐61% タップ0% → (a)NG
click(S2 クリック会心型) 主役=タップ≥25%: 18/28周回 合格
  run 0 対象 設備2% 金54% 討伐10% タップ33% → (a)OK
  run 1 対象 設備10% 金47% 討伐10% タップ33% → (a)OK
  run 2 対象 設備30% 金32% 討伐9% タップ28% → (a)OK
  run 3 対象 設備41% 金39% 討伐5% タップ15% → (a)NG
  run 4 対象 設備32% 金34% 討伐4% タップ31% → (a)OK
  run 5 対象 設備31% 金29% 討伐3% タップ38% → (a)OK
  run 6 対象 設備33% 金21% 討伐3% タップ43% → (a)OK
  run 7 対象 設備31% 金21% 討伐3% タップ45% → (a)OK
  run 8 対象 設備28% 金21% 討伐1% タップ50% → (a)OK
  run 9 対象 設備27% 金20% 討伐1% タップ52% → (a)OK
  run10 対象 設備28% 金19% 討伐1% タップ53% → (a)OK
  run11 対象 設備29% 金16% 討伐1% タップ54% → (a)OK
  run12 対象 設備31% 金14% 討伐1% タップ54% → (a)OK
  run13 対象 設備33% 金13% 討伐1% タップ53% → (a)OK
  run14 対象 設備35% 金12% 討伐1% タップ52% → (a)OK
  run15 対象 設備36% 金11% 討伐2% タップ51% → (a)OK
  run16 対象 設備37% 金10% 討伐3% タップ49% → (a)OK
  run17 対象 設備38% 金10% 討伐4% タップ48% → (a)OK
  run18 対象 設備40% 金7% 討伐3% タップ50% → (a)OK
  run19 対象 設備65% 金9% 討伐11% タップ15% → (a)NG
  run20 対象 設備69% 金9% 討伐11% タップ11% → (a)NG
  run21 対象 設備71% 金9% 討伐12% タップ8% → (a)NG
  run22 対象 設備72% 金9% 討伐12% タップ7% → (a)NG
  run23 対象 設備73% 金9% 討伐12% タップ7% → (a)NG
  run24 対象 設備73% 金8% 討伐12% タップ6% → (a)NG
  run25 対象 設備74% 金8% 討伐12% タップ6% → (a)NG
  run26 対象 設備74% 金8% 討伐12% タップ6% → (a)NG
  run27 対象 設備75% 金8% 討伐12% タップ5% → (a)NG
golden(S3 金クッキー特化型) 主役=金クッキー≥25%: 22/27周回 合格
  run 0 対象 設備5% 金51% 討伐13% タップ31% → (a)OK
  run 1 対象 設備10% 金61% 討伐9% タップ20% → (a)OK
  run 2 対象 設備18% 金53% 討伐10% タップ20% → (a)OK
  run 3 対象 設備21% 金61% 討伐7% タップ11% → (a)OK
  run 4 対象 設備28% 金55% 討伐8% タップ10% → (a)OK
  run 5 対象 設備29% 金50% 討伐10% タップ11% → (a)OK
  run 6 対象 設備29% 金50% 討伐11% タップ10% → (a)OK
  run 7 対象 設備30% 金46% 討伐13% タップ11% → (a)OK
  run 8 対象 設備33% 金44% 討伐10% タップ12% → (a)OK
  run 9 対象 設備35% 金38% 討伐12% タップ15% → (a)OK
  run10 対象 設備37% 金33% 討伐13% タップ17% → (a)OK
  run11 対象 設備38% 金30% 討伐14% タップ18% → (a)OK
  run12 対象 設備39% 金28% 討伐14% タップ19% → (a)OK
  run13 対象 設備40% 金26% 討伐15% タップ19% → (a)OK
  run14 対象 設備27% 金23% 討伐38% タップ12% → (a)NG
  run15 対象 設備35% 金22% 討伐26% タップ16% → (a)NG
  run16 対象 設備48% 金30% 討伐0% タップ23% → (a)OK
  run17 対象 設備70% 金29% 討伐0% タップ0% → (a)OK
  run18 対象 設備72% 金28% 討伐0% タップ0% → (a)OK
  run19 対象 設備73% 金27% 討伐0% タップ0% → (a)OK
  run20 対象 設備73% 金27% 討伐0% タップ0% → (a)OK
  run21 対象 設備74% 金26% 討伐0% タップ0% → (a)OK
  run22 対象 設備74% 金26% 討伐0% タップ0% → (a)OK
  run23 対象 設備75% 金25% 討伐0% タップ0% → (a)OK
  run24 対象 設備75% 金25% 討伐0% タップ0% → (a)NG
  run25 対象 設備43% 金15% 討伐43% タップ0% → (a)NG
  run26 対象 設備37% 金13% 討伐50% タップ0% → (a)NG
hunt(S4 狩猟特化型) 主役=討伐由来≥25%: 19/27周回 合格
  run 0 対象 設備2% 金54% 討伐20% タップ24% → (a)NG
  run 1 対象 設備6% 金16% 討伐40% タップ38% → (a)OK
  run 2 対象 設備13% 金43% 討伐25% タップ18% → (a)OK
  run 3 対象 設備22% 金55% 討伐21% タップ2% → (a)NG
  run 4 対象 設備23% 金47% 討伐28% タップ2% → (a)OK
  run 5 対象 設備23% 金39% 討伐27% タップ11% → (a)OK
  run 6 対象 設備23% 金37% 討伐29% タップ11% → (a)OK
  run 7 対象 設備27% 金31% 討伐25% タップ17% → (a)OK
  run 8 対象 設備27% 金30% 討伐25% タップ18% → (a)NG
  run 9 対象 設備28% 金28% 討伐24% タップ19% → (a)NG
  run10 対象 設備29% 金25% 討伐23% タップ22% → (a)NG
  run11 対象 設備30% 金23% 討伐23% タップ23% → (a)NG
  run12 対象 設備32% 金21% 討伐21% タップ25% → (a)NG
  run13 対象 設備32% 金20% 討伐23% タップ25% → (a)NG
  run14 対象 設備29% 金18% 討伐31% タップ23% → (a)OK
  run15 対象 設備27% 金17% 討伐36% タップ20% → (a)OK
  run16 対象 設備25% 金16% 討伐40% タップ19% → (a)OK
  run17 対象 設備24% 金15% 討伐43% タップ18% → (a)OK
  run18 対象 設備29% 金15% 討伐56% タップ0% → (a)OK
  run19 対象 設備28% 金14% 討伐57% タップ1% → (a)OK
  run20 対象 設備19% 金10% 討伐72% タップ0% → (a)OK
  run21 対象 設備19% 金10% 討伐71% タップ0% → (a)OK
  run22 対象 設備24% 金11% 討伐64% タップ1% → (a)OK
  run23 対象 設備21% 金9% 討伐69% タップ1% → (a)OK
  run24 対象 設備19% 金8% 討伐72% タップ1% → (a)OK
  run25 対象 設備19% 金8% 討伐73% タップ1% → (a)OK
  run26 対象 設備16% 金6% 討伐77% タップ0% → (a)OK
bake(S1 バランス効率型) 主役=設備生産≥25%: 23/25周回 合格
  run 0 対象 設備6% 金64% 討伐8% タップ22% → (a)NG
  run 1 対象 設備11% 金59% 討伐8% タップ22% → (a)NG
  run 2 対象 設備36% 金45% 討伐5% タップ13% → (a)OK
  run 3 対象 設備48% 金41% 討伐3% タップ7% → (a)OK
  run 4 対象 設備54% 金35% 討伐3% タップ8% → (a)OK
  run 5 対象 設備58% 金31% 討伐3% タップ9% → (a)OK
  run 6 対象 設備59% 金28% 討伐3% タップ10% → (a)OK
  run 7 対象 設備59% 金26% 討伐3% タップ11% → (a)OK
  run 8 対象 設備62% 金23% 討伐3% タップ12% → (a)OK
  run 9 対象 設備62% 金22% 討伐3% タップ13% → (a)OK
  run10 対象 設備62% 金20% 討伐3% タップ16% → (a)OK
  run11 対象 設備62% 金18% 討伐3% タップ17% → (a)OK
  run12 対象 設備62% 金16% 討伐2% タップ19% → (a)OK
  run13 対象 設備59% 金15% 討伐7% タップ19% → (a)OK
  run14 対象 設備56% 金18% 討伐12% タップ14% → (a)OK
  run15 対象 設備56% 金13% 討伐12% タップ18% → (a)OK
  run16 対象 設備43% 金10% 討伐32% タップ14% → (a)OK
  run17 対象 設備50% 金10% 討伐41% タップ0% → (a)OK
  run18 対象 設備52% 金10% 討伐38% タップ0% → (a)OK
  run19 対象 設備48% 金9% 討伐43% タップ0% → (a)OK
  run20 対象 設備49% 金9% 討伐42% タップ0% → (a)OK
  run21 対象 設備48% 金8% 討伐44% タップ0% → (a)OK
  run22 対象 設備47% 金8% 討伐45% タップ0% → (a)OK
  run23 対象 設備47% 金8% 討伐45% タップ0% → (a)OK
  run24 対象 設備48% 金8% 討伐45% タップ0% → (a)OK
㉘合計: 90/135周回
②(改2・方針間: 得意分野liftの中央値が幾何平均1.62の±1.5倍以内) click=1.60 golden=1.42 hunt=1.45 bake=2.08 → OK
