=== ㉘稼ぎ口比率(100h・周回シェア=各tickシェアの周回平均) ===
balanced(S6 早回し転生型) 4つすべて≥10%: 32/48周回 合格
  run 0 対象 設備13% 金66% 討伐9% タップ12% → (a)NG
  run 1 対象 設備18% 金55% 討伐11% タップ16% → (a)OK
  run 2 対象 設備10% 金33% 討伐18% タップ39% → (a)OK
  run 3 対象 設備9% 金41% 討伐15% タップ34% → (a)NG
  run 4 対象 設備8% 金53% 討伐12% タップ27% → (a)NG
  run 5 対象 設備6% 金57% 討伐14% タップ22% → (a)NG
  run 6 対象 設備13% 金46% 討伐16% タップ24% → (a)OK
  run 7 対象 設備15% 金44% 討伐15% タップ25% → (a)OK
  run 8 対象 設備14% 金53% 討伐12% タップ21% → (a)OK
  run 9 対象 設備15% 金53% 討伐11% タップ21% → (a)OK
  run10 対象 設備16% 金49% 討伐12% タップ23% → (a)OK
  run11 対象 設備15% 金51% 討伐12% タップ22% → (a)OK
  run12 対象 設備16% 金49% 討伐12% タップ23% → (a)OK
  run13 対象 設備17% 金46% 討伐11% タップ26% → (a)OK
  run14 対象 設備18% 金42% 討伐12% タップ27% → (a)OK
  run15 対象 設備18% 金40% 討伐12% タップ30% → (a)OK
  run16 対象 設備18% 金38% 討伐12% タップ32% → (a)OK
  run17 対象 設備18% 金37% 討伐11% タップ34% → (a)OK
  run18 対象 設備18% 金38% 討伐10% タップ34% → (a)NG
  run19 対象 設備18% 金38% 討伐10% タップ35% → (a)NG
  run20 対象 設備16% 金32% 討伐19% タップ33% → (a)OK
  run21 対象 設備16% 金28% 討伐21% タップ35% → (a)OK
  run22 対象 設備15% 金24% 討伐26% タップ36% → (a)OK
  run23 対象 設備14% 金24% 討伐26% タップ36% → (a)OK
  run24 対象 設備14% 金21% 討伐27% タップ39% → (a)OK
  run25 対象 設備13% 金23% 討伐25% タップ39% → (a)OK
  run26 対象 設備13% 金21% 討伐26% タップ41% → (a)OK
  run27 対象 設備12% 金21% 討伐26% タップ41% → (a)OK
  run28 対象 設備13% 金26% 討伐23% タップ38% → (a)OK
  run29 対象 設備13% 金25% 討伐24% タップ38% → (a)OK
  run30 対象 設備13% 金24% 討伐24% タップ38% → (a)OK
  run31 対象 設備13% 金23% 討伐23% タップ41% → (a)OK
  run32 対象 設備13% 金23% 討伐24% タップ40% → (a)OK
  run33 対象 設備21% 金29% 討伐45% タップ5% → (a)NG
  run34 対象 設備21% 金36% 討伐34% タップ9% → (a)NG
  run35 対象 設備21% 金33% 討伐36% タップ10% → (a)NG
  run36 対象 設備19% 金34% 討伐38% タップ8% → (a)NG
  run37 対象 設備21% 金33% 討伐37% タップ9% → (a)NG
  run38 対象 設備21% 金35% 討伐37% タップ7% → (a)NG
  run39 対象 設備20% 金34% 討伐36% タップ10% → (a)NG
  run40 対象 設備21% 金31% 討伐38% タップ9% → (a)NG
  run41 対象 設備22% 金22% 討伐49% タップ7% → (a)NG
  run42 対象 設備19% 金27% 討伐44% タップ10% → (a)OK
  run43 対象 設備18% 金26% 討伐45% タップ11% → (a)OK
  run44 対象 設備19% 金27% 討伐44% タップ10% → (a)OK
  run45 対象 設備17% 金25% 討伐47% タップ10% → (a)NG
  run46 対象 設備16% 金28% 討伐43% タップ13% → (a)OK
  run47 対象 設備16% 金26% 討伐45% タップ13% → (a)OK
click(S2 クリック会心型) 主役=タップ≥25%: 31/48周回 合格
  run 0 対象 設備8% 金65% 討伐9% タップ18% → (a)NG
  run 1 対象 設備13% 金56% 討伐9% タップ22% → (a)NG
  run 2 対象 設備4% 金28% 討伐19% タップ49% → (a)OK
  run 3 対象 設備8% 金31% 討伐17% タップ44% → (a)OK
  run 4 対象 設備15% 金38% 討伐13% タップ35% → (a)OK
  run 5 対象 設備17% 金38% 討伐16% タップ29% → (a)OK
  run 6 対象 設備30% 金29% 討伐15% タップ26% → (a)OK
  run 7 対象 設備36% 金25% 討伐13% タップ25% → (a)OK
  run 8 対象 設備31% 金32% 討伐11% タップ26% → (a)OK
  run 9 対象 設備30% 金30% 討伐11% タップ29% → (a)OK
  run10 対象 設備34% 金28% 討伐10% タップ28% → (a)OK
  run11 対象 設備32% 金27% 討伐10% タップ32% → (a)OK
  run12 対象 設備34% 金26% 討伐10% タップ31% → (a)OK
  run13 対象 設備32% 金24% 討伐9% タップ35% → (a)OK
  run14 対象 設備33% 金23% 討伐9% タップ34% → (a)OK
  run15 対象 設備34% 金21% 討伐9% タップ36% → (a)OK
  run16 対象 設備33% 金21% 討伐8% タップ38% → (a)OK
  run17 対象 設備33% 金20% 討伐8% タップ40% → (a)OK
  run18 対象 設備30% 金20% 討伐8% タップ42% → (a)OK
  run19 対象 設備30% 金21% 討伐8% タップ41% → (a)OK
  run20 対象 設備27% 金18% 討伐13% タップ42% → (a)OK
  run21 対象 設備29% 金16% 討伐15% タップ40% → (a)OK
  run22 対象 設備28% 金14% 討伐17% タップ41% → (a)OK
  run23 対象 設備27% 金12% 討伐17% タップ43% → (a)OK
  run24 対象 設備24% 金13% 討伐17% タップ46% → (a)OK
  run25 対象 設備21% 金16% 討伐16% タップ47% → (a)OK
  run26 対象 設備21% 金14% 討伐16% タップ49% → (a)OK
  run27 対象 設備20% 金14% 討伐16% タップ50% → (a)OK
  run28 対象 設備20% 金12% 討伐17% タップ50% → (a)OK
  run29 対象 設備20% 金12% 討伐19% タップ50% → (a)OK
  run30 対象 設備20% 金12% 討伐19% タップ49% → (a)OK
  run31 対象 設備19% 金10% 討伐20% タップ51% → (a)OK
  run32 対象 設備22% 金15% 討伐18% タップ45% → (a)OK
  run33 対象 設備32% 金16% 討伐33% タップ18% → (a)NG
  run34 対象 設備32% 金16% 討伐34% タップ17% → (a)NG
  run35 対象 設備34% 金17% 討伐35% タップ14% → (a)NG
  run36 対象 設備32% 金17% 討伐34% タップ16% → (a)NG
  run37 対象 設備33% 金18% 討伐33% タップ15% → (a)NG
  run38 対象 設備33% 金17% 討伐33% タップ16% → (a)NG
  run39 対象 設備33% 金18% 討伐34% タップ15% → (a)NG
  run40 対象 設備36% 金19% 討伐33% タップ13% → (a)NG
  run41 対象 設備36% 金19% 討伐33% タップ12% → (a)NG
  run42 対象 設備36% 金17% 討伐33% タップ14% → (a)NG
  run43 対象 設備36% 金18% 討伐33% タップ12% → (a)NG
  run44 対象 設備35% 金13% 討伐36% タップ15% → (a)NG
  run45 対象 設備36% 金14% 討伐37% タップ13% → (a)NG
  run46 対象 設備36% 金15% 討伐37% タップ12% → (a)NG
  run47 対象 設備33% 金15% 討伐36% タップ17% → (a)NG
golden(S3 金クッキー特化型) 主役=金クッキー≥25%: 44/44周回 合格
  run 0 対象外 設備13% 金59% 討伐13% タップ16%
  run 1 対象外 設備12% 金57% 討伐13% タップ18%
  run 2 対象外 設備12% 金35% 討伐20% タップ33%
  run 3 対象外 設備9% 金53% 討伐14% タップ23%
  run 4 対象 設備7% 金63% 討伐14% タップ16% → (a)OK
  run 5 対象 設備9% 金55% 討伐16% タップ20% → (a)OK
  run 6 対象 設備10% 金55% 討伐16% タップ19% → (a)OK
  run 7 対象 設備10% 金51% 討伐20% タップ19% → (a)OK
  run 8 対象 設備11% 金56% 討伐19% タップ14% → (a)OK
  run 9 対象 設備11% 金55% 討伐21% タップ12% → (a)OK
  run10 対象 設備12% 金54% 討伐21% タップ13% → (a)OK
  run11 対象 設備14% 金51% 討伐21% タップ14% → (a)OK
  run12 対象 設備15% 金50% 討伐22% タップ14% → (a)OK
  run13 対象 設備16% 金50% 討伐22% タップ12% → (a)OK
  run14 対象 設備18% 金48% 討伐23% タップ11% → (a)OK
  run15 対象 設備19% 金46% 討伐23% タップ11% → (a)OK
  run16 対象 設備19% 金47% 討伐23% タップ10% → (a)OK
  run17 対象 設備19% 金47% 討伐25% タップ10% → (a)OK
  run18 対象 設備20% 金47% 討伐23% タップ9% → (a)OK
  run19 対象 設備20% 金50% 討伐22% タップ9% → (a)OK
  run20 対象 設備16% 金44% 討伐32% タップ8% → (a)OK
  run21 対象 設備17% 金39% 討伐37% タップ7% → (a)OK
  run22 対象 設備16% 金33% 討伐44% タップ7% → (a)OK
  run23 対象 設備15% 金31% 討伐48% タップ6% → (a)OK
  run24 対象 設備14% 金27% 討伐54% タップ6% → (a)OK
  run25 対象 設備13% 金30% 討伐54% タップ4% → (a)OK
  run26 対象 設備12% 金28% 討伐57% タップ3% → (a)OK
  run27 対象 設備30% 金60% 討伐2% タップ8% → (a)OK
  run28 対象 設備31% 金60% 討伐1% タップ8% → (a)OK
  run29 対象 設備31% 金59% 討伐1% タップ8% → (a)OK
  run30 対象 設備31% 金59% 討伐1% タップ9% → (a)OK
  run31 対象 設備32% 金59% 討伐1% タップ9% → (a)OK
  run32 対象 設備32% 金58% 討伐1% タップ9% → (a)OK
  run33 対象 設備36% 金60% 討伐1% タップ3% → (a)OK
  run34 対象 設備37% 金59% 討伐1% タップ3% → (a)OK
  run35 対象 設備38% 金58% 討伐1% タップ3% → (a)OK
  run36 対象 設備39% 金57% 討伐1% タップ2% → (a)OK
  run37 対象 設備39% 金57% 討伐1% タップ3% → (a)OK
  run38 対象 設備40% 金57% 討伐1% タップ2% → (a)OK
  run39 対象 設備40% 金57% 討伐1% タップ2% → (a)OK
  run40 対象 設備41% 金56% 討伐1% タップ2% → (a)OK
  run41 対象 設備40% 金56% 討伐1% タップ2% → (a)OK
  run42 対象 設備39% 金57% 討伐1% タップ2% → (a)OK
  run43 対象 設備42% 金54% 討伐1% タップ2% → (a)OK
  run44 対象 設備42% 金55% 討伐1% タップ2% → (a)OK
  run45 対象 設備17% 金36% 討伐44% タップ3% → (a)OK
  run46 対象 設備18% 金44% 討伐34% タップ3% → (a)OK
  run47 対象 設備20% 金40% 討伐38% タップ3% → (a)OK
