=== ㉘稼ぎ口比率(100h・周回シェア=各tickシェアの周回平均) ===
balanced(S6 早回し転生型) 4つすべて≥10%: 41/48周回 合格
  run 0 対象 設備13% 金68% 討伐7% タップ12% → (a)NG
  run 1 対象 設備16% 金59% 討伐9% タップ16% → (a)NG
  run 2 対象 設備10% 金34% 討伐16% タップ40% → (a)OK
  run 3 対象 設備9% 金46% 討伐13% タップ33% → (a)NG
  run 4 対象 設備8% 金53% 討伐11% タップ27% → (a)NG
  run 5 対象 設備7% 金57% 討伐13% タップ23% → (a)NG
  run 6 対象 設備14% 金47% 討伐15% タップ25% → (a)OK
  run 7 対象 設備14% 金47% 討伐13% タップ25% → (a)OK
  run 8 対象 設備14% 金52% 討伐11% タップ22% → (a)OK
  run 9 対象 設備15% 金53% 討伐11% タップ22% → (a)OK
  run10 対象 設備16% 金48% 討伐12% タップ24% → (a)OK
  run11 対象 設備15% 金50% 討伐12% タップ23% → (a)OK
  run12 対象 設備15% 金48% 討伐12% タップ24% → (a)OK
  run13 対象 設備17% 金45% 討伐11% タップ28% → (a)OK
  run14 対象 設備18% 金42% 討伐12% タップ29% → (a)OK
  run15 対象 設備17% 金39% 討伐11% タップ32% → (a)OK
  run16 対象 設備18% 金38% 討伐11% タップ33% → (a)OK
  run17 対象 設備18% 金35% 討伐11% タップ36% → (a)OK
  run18 対象 設備17% 金37% 討伐10% タップ36% → (a)NG
  run19 対象 設備17% 金37% 討伐9% タップ37% → (a)NG
  run20 対象 設備15% 金31% 討伐20% タップ34% → (a)OK
  run21 対象 設備15% 金27% 討伐23% タップ36% → (a)OK
  run22 対象 設備15% 金22% 討伐26% タップ37% → (a)OK
  run23 対象 設備14% 金23% 討伐26% タップ38% → (a)OK
  run24 対象 設備13% 金19% 討伐28% タップ40% → (a)OK
  run25 対象 設備12% 金22% 討伐26% タップ40% → (a)OK
  run26 対象 設備12% 金20% 討伐27% タップ41% → (a)OK
  run27 対象 設備11% 金20% 討伐27% タップ42% → (a)OK
  run28 対象 設備12% 金25% 討伐24% タップ39% → (a)OK
  run29 対象 設備12% 金23% 討伐26% タップ39% → (a)OK
  run30 対象 設備12% 金23% 討伐26% タップ39% → (a)OK
  run31 対象 設備12% 金21% 討伐24% タップ43% → (a)OK
  run32 対象 設備13% 金32% 討伐20% タップ34% → (a)OK
  run33 対象 設備19% 金35% 討伐35% タップ11% → (a)OK
  run34 対象 設備19% 金33% 討伐37% タップ11% → (a)OK
  run35 対象 設備19% 金30% 討伐39% タップ13% → (a)OK
  run36 対象 設備20% 金30% 討伐37% タップ13% → (a)OK
  run37 対象 設備18% 金30% 討伐40% タップ12% → (a)OK
  run38 対象 設備19% 金30% 討伐41% タップ11% → (a)OK
  run39 対象 設備18% 金32% 討伐40% タップ10% → (a)OK
  run40 対象 設備19% 金30% 討伐41% タップ10% → (a)OK
  run41 対象 設備17% 金24% 討伐49% タップ10% → (a)OK
  run42 対象 設備16% 金22% 討伐48% タップ14% → (a)OK
  run43 対象 設備16% 金23% 討伐47% タップ14% → (a)OK
  run44 対象 設備16% 金22% 討伐48% タップ14% → (a)OK
  run45 対象 設備18% 金28% 討伐43% タップ11% → (a)OK
  run46 対象 設備16% 金24% 討伐47% タップ12% → (a)OK
  run47 対象 設備17% 金22% 討伐49% タップ13% → (a)OK
