=== ㉘稼ぎ口比率(100h・周回シェア=各tickシェアの周回平均) ===
balanced(S6 早回し転生型) 4つすべて≥10%: 29/49周回 合格
  run 0 対象 設備15% 金57% 討伐9% タップ19% → (a)NG ②改OK
  run 1 対象 設備13% 金51% 討伐13% タップ23% → (a)OK ②改OK
  run 2 対象 設備11% 金25% 討伐20% タップ44% → (a)OK ②改OK
  run 3 対象 設備8% 金44% 討伐15% タップ33% → (a)NG ②改OK
  run 4 対象 設備8% 金51% 討伐15% タップ25% → (a)NG ②改OK
  run 5 対象 設備8% 金48% 討伐17% タップ27% → (a)NG ②改OK
  run 6 対象 設備15% 金41% 討伐17% タップ27% → (a)OK ②改OK
  run 7 対象 設備16% 金49% 討伐15% タップ21% → (a)OK ②改OK
  run 8 対象 設備16% 金45% 討伐15% タップ23% → (a)OK ②改OK
  run 9 対象 設備16% 金54% 討伐12% タップ18% → (a)OK ②改OK
  run10 対象 設備17% 金55% 討伐11% タップ16% → (a)OK ②改OK
  run11 対象 設備17% 金55% 討伐12% タップ15% → (a)OK ②改OK
  run12 対象 設備22% 金54% 討伐11% タップ13% → (a)OK ②改OK
  run13 対象 設備22% 金52% 討伐11% タップ14% → (a)OK ②改OK
  run14 対象 設備24% 金50% 討伐12% タップ14% → (a)OK ②改OK
  run15 対象 設備24% 金49% 討伐12% タップ14% → (a)OK ②改OK
  run16 対象 設備26% 金46% 討伐13% タップ15% → (a)OK ②改OK
  run17 対象 設備26% 金47% 討伐12% タップ14% → (a)OK ②改OK
  run18 対象 設備27% 金45% 討伐13% タップ15% → (a)OK ②改OK
  run19 対象 設備28% 金48% 討伐9% タップ14% → (a)NG ②改OK
  run20 対象 設備27% 金47% 討伐11% タップ14% → (a)OK ②改OK
  run21 対象 設備23% 金40% 討伐26% タップ12% → (a)OK ②改OK
  run22 対象 設備23% 金38% 討伐27% タップ12% → (a)OK ②改OK
  run23 対象 設備21% 金32% 討伐35% タップ12% → (a)OK ②改OK
  run24 対象 設備20% 金28% 討伐40% タップ12% → (a)OK ②改OK
  run25 対象 設備20% 金27% 討伐40% タップ12% → (a)OK ②改OK
  run26 対象 設備20% 金30% 討伐39% タップ11% → (a)OK ②改OK
  run27 対象 設備19% 金28% 討伐41% タップ12% → (a)OK ②改OK
  run28 対象 設備19% 金27% 討伐41% タップ12% → (a)OK ②改OK
  run29 対象 設備20% 金33% 討伐36% タップ11% → (a)OK ②改OK
  run30 対象 設備19% 金32% 討伐38% タップ11% → (a)OK ②改OK
  run31 対象 設備20% 金32% 討伐37% タップ11% → (a)OK ②改OK
  run32 対象 設備19% 金31% 討伐39% タップ11% → (a)OK ②改OK
  run33 対象 設備19% 金30% 討伐39% タップ12% → (a)OK ②改OK
  run34 対象 設備21% 金30% 討伐45% タップ3% → (a)NG ②改OK
  run35 対象 設備22% 金38% 討伐34% タップ6% → (a)NG ②改OK
  run36 対象 設備22% 金36% 討伐37% タップ6% → (a)NG ②改OK
  run37 対象 設備23% 金37% 討伐33% タップ6% → (a)NG ②改OK
  run38 対象 設備21% 金34% 討伐39% タップ6% → (a)NG ②改OK
  run39 対象 設備21% 金38% 討伐36% タップ4% → (a)NG ②改OK
  run40 対象 設備22% 金35% 討伐38% タップ6% → (a)NG ②改OK
  run41 対象 設備22% 金32% 討伐40% タップ5% → (a)NG ②改OK
  run42 対象 設備22% 金23% 討伐49% タップ5% → (a)NG ②改OK
  run43 対象 設備20% 金30% 討伐45% タップ5% → (a)NG ②改OK
  run44 対象 設備20% 金30% 討伐44% タップ6% → (a)NG ②改OK
  run45 対象 設備19% 金30% 討伐45% タップ6% → (a)NG ②改OK
  run46 対象 設備23% 金23% 討伐49% タップ5% → (a)NG ②改OK
  run47 対象 設備19% 金29% 討伐45% タップ7% → (a)NG ②改OK
  run48 対象 設備17% 金28% 討伐46% タップ8% → (a)NG ②改OK
click(S2 クリック会心型) 主役=タップ≥30%: 24/49周回 合格
  run 0 対象 設備12% 金48% 討伐9% タップ31% → (a)OK ②改OK
  run 1 対象 設備11% 金50% 討伐12% タップ27% → (a)NG ②改OK
  run 2 対象 設備5% 金13% 討伐23% タップ59% → (a)OK ②改NG
  run 3 対象 設備7% 金29% 討伐18% タップ46% → (a)OK ②改OK
  run 4 対象 設備15% 金34% 討伐18% タップ33% → (a)OK ②改OK
  run 5 対象 設備20% 金30% 討伐18% タップ33% → (a)OK ②改OK
  run 6 対象 設備31% 金24% 討伐17% タップ29% → (a)NG ②改OK
  run 7 対象 設備36% 金22% 討伐15% タップ27% → (a)NG ②改OK
  run 8 対象 設備39% 金22% 討伐14% タップ25% → (a)NG ②改OK
  run 9 対象 設備33% 金30% 討伐12% タップ25% → (a)NG ②改OK
  run10 対象 設備33% 金30% 討伐11% タップ26% → (a)NG ②改OK
  run11 対象 設備36% 金27% 討伐11% タップ26% → (a)NG ②改OK
  run12 対象 設備35% 金27% 討伐9% タップ29% → (a)NG ②改OK
  run13 対象 設備35% 金25% 討伐9% タップ31% → (a)OK ②改OK
  run14 対象 設備37% 金23% 討伐9% タップ32% → (a)OK ②改OK
  run15 対象 設備40% 金21% 討伐10% タップ29% → (a)NG ②改OK
  run16 対象 設備40% 金20% 討伐10% タップ29% → (a)NG ②改OK
  run17 対象 設備40% 金19% 討伐9% タップ32% → (a)OK ②改OK
  run18 対象 設備37% 金20% 討伐9% タップ35% → (a)OK ②改OK
  run19 対象 設備35% 金21% 討伐7% タップ36% → (a)OK ②改OK
  run20 対象 設備36% 金21% 討伐8% タップ35% → (a)OK ②改OK
  run21 対象 設備32% 金18% 討伐14% タップ36% → (a)OK ②改OK
  run22 対象 設備33% 金18% 討伐15% タップ34% → (a)OK ②改OK
  run23 対象 設備31% 金16% 討伐18% タップ35% → (a)OK ②改OK
  run24 対象 設備30% 金13% 討伐18% タップ39% → (a)OK ②改OK
  run25 対象 設備27% 金13% 討伐19% タップ41% → (a)OK ②改OK
  run26 対象 設備24% 金16% 討伐17% タップ43% → (a)OK ②改OK
  run27 対象 設備24% 金14% 討伐16% タップ46% → (a)OK ②改OK
  run28 対象 設備23% 金14% 討伐16% タップ46% → (a)OK ②改OK
  run29 対象 設備23% 金11% 討伐18% タップ48% → (a)OK ②改OK
  run30 対象 設備22% 金12% 討伐18% タップ47% → (a)OK ②改OK
  run31 対象 設備22% 金12% 討伐19% タップ47% → (a)OK ②改OK
  run32 対象 設備25% 金13% 討伐18% タップ43% → (a)OK ②改OK
  run33 対象 設備26% 金15% 討伐20% タップ40% → (a)OK ②改OK
  run34 対象 設備31% 金13% 討伐31% タップ25% → (a)NG ②改OK
  run35 対象 設備30% 金13% 討伐31% タップ27% → (a)NG ②改OK
  run36 対象 設備30% 金12% 討伐32% タップ27% → (a)NG ②改OK
  run37 対象 設備31% 金14% 討伐32% タップ24% → (a)NG ②改OK
  run38 対象 設備31% 金13% 討伐31% タップ25% → (a)NG ②改OK
  run39 対象 設備31% 金13% 討伐31% タップ25% → (a)NG ②改OK
  run40 対象 設備31% 金14% 討伐31% タップ23% → (a)NG ②改OK
  run41 対象 設備36% 金17% 討伐31% タップ16% → (a)NG ②改OK
  run42 対象 設備35% 金16% 討伐32% タップ17% → (a)NG ②改OK
  run43 対象 設備37% 金16% 討伐32% タップ16% → (a)NG ②改OK
  run44 対象 設備35% 金15% 討伐32% タップ19% → (a)NG ②改OK
  run45 対象 設備33% 金10% 討伐34% タップ23% → (a)NG ②改OK
  run46 対象 設備34% 金16% 討伐32% タップ19% → (a)NG ②改OK
  run47 対象 設備34% 金10% 討伐34% タップ22% → (a)NG ②改OK
  run48 対象 設備30% 金11% 討伐33% タップ26% → (a)NG ②改OK
golden(S3 金クッキー特化型) 主役=金クッキー≥30%: 41/44周回 合格
  run 0 対象外 設備29% 金40% 討伐9% タップ22%
  run 1 対象外 設備7% 金45% 討伐17% タップ31%
  run 2 対象外 設備8% 金60% 討伐12% タップ20%
  run 3 対象外 設備9% 金53% 討伐15% タップ24%
  run 4 対象 設備8% 金57% 討伐16% タップ19% → (a)OK ②改NG
  run 5 対象 設備10% 金48% 討伐19% タップ23% → (a)OK ②改OK
  run 6 対象 設備11% 金53% 討伐17% タップ19% → (a)OK ②改NG
  run 7 対象 設備10% 金49% 討伐19% タップ21% → (a)OK ②改OK
  run 8 対象 設備11% 金59% 討伐15% タップ15% → (a)OK ②改NG
  run 9 対象 設備11% 金58% 討伐16% タップ14% → (a)OK ②改NG
  run10 対象 設備12% 金56% 討伐16% タップ16% → (a)OK ②改NG
  run11 対象 設備14% 金55% 討伐16% タップ15% → (a)OK ②改NG
  run12 対象 設備15% 金53% 討伐18% タップ14% → (a)OK ②改NG
  run13 対象 設備19% 金52% 討伐16% タップ13% → (a)OK ②改NG
  run14 対象 設備20% 金50% 討伐16% タップ13% → (a)OK ②改OK
  run15 対象 設備19% 金50% 討伐18% タップ13% → (a)OK ②改OK
  run16 対象 設備19% 金51% 討伐18% タップ12% → (a)OK ②改OK
  run17 対象 設備20% 金50% 討伐19% タップ12% → (a)OK ②改OK
  run18 対象 設備21% 金51% 討伐16% タップ11% → (a)OK ②改OK
  run19 対象 設備22% 金52% 討伐15% タップ11% → (a)OK ②改NG
  run20 対象 設備17% 金43% 討伐31% タップ9% → (a)OK ②改OK
  run21 対象 設備18% 金40% 討伐33% タップ8% → (a)OK ②改OK
  run22 対象 設備17% 金34% 討伐41% タップ8% → (a)OK ②改OK
  run23 対象 設備15% 金30% 討伐48% タップ7% → (a)NG ②改OK
  run24 対象 設備14% 金27% 討伐52% タップ7% → (a)NG ②改OK
  run25 対象 設備13% 金30% 討伐52% タップ4% → (a)OK ②改OK
  run26 対象 設備12% 金28% 討伐56% タップ4% → (a)NG ②改OK
  run27 対象 設備30% 金59% 討伐2% タップ9% → (a)OK ②改NG
  run28 対象 設備30% 金59% 討伐2% タップ9% → (a)OK ②改NG
  run29 対象 設備31% 金58% 討伐1% タップ9% → (a)OK ②改NG
  run30 対象 設備31% 金58% 討伐2% タップ10% → (a)OK ②改NG
  run31 対象 設備31% 金58% 討伐1% タップ10% → (a)OK ②改NG
  run32 対象 設備32% 金56% 討伐1% タップ11% → (a)OK ②改NG
  run33 対象 設備36% 金58% 討伐1% タップ4% → (a)OK ②改NG
  run34 対象 設備37% 金57% 討伐2% タップ4% → (a)OK ②改NG
  run35 対象 設備38% 金57% 討伐1% タップ4% → (a)OK ②改NG
  run36 対象 設備37% 金57% 討伐1% タップ4% → (a)OK ②改NG
  run37 対象 設備41% 金54% 討伐1% タップ4% → (a)OK ②改NG
  run38 対象 設備41% 金54% 討伐1% タップ4% → (a)OK ②改NG
  run39 対象 設備41% 金54% 討伐1% タップ4% → (a)OK ②改NG
  run40 対象 設備40% 金55% 討伐1% タップ4% → (a)OK ②改NG
  run41 対象 設備40% 金54% 討伐1% タップ4% → (a)OK ②改NG
  run42 対象 設備39% 金56% 討伐1% タップ4% → (a)OK ②改NG
  run43 対象 設備43% 金52% 討伐1% タップ4% → (a)OK ②改OK
  run44 対象 設備43% 金52% 討伐1% タップ4% → (a)OK ②改OK
  run45 対象 設備43% 金52% 討伐1% タップ4% → (a)OK ②改OK
  run46 対象 設備21% 金41% 討伐34% タップ4% → (a)OK ②改OK
  run47 対象 設備16% 金44% 討伐33% タップ7% → (a)OK ②改OK
hunt(S4 狩猟特化型) 主役=討伐由来≥30%: 31/44周回 合格
  run 0 対象外 設備13% 金62% 討伐9% タップ17%
  run 1 対象外 設備5% 金75% 討伐10% タップ10%
  run 2 対象外 設備4% 金42% 討伐38% タップ16%
  run 3 対象外 設備4% 金53% 討伐29% タップ14%
  run 4 対象外 設備4% 金63% 討伐26% タップ7%
  run 5 対象 設備3% 金57% 討伐32% タップ8% → (a)OK ②改OK
  run 6 対象 設備6% 金56% 討伐30% タップ7% → (a)OK ②改OK
  run 7 対象 設備7% 金49% 討伐38% タップ6% → (a)OK ②改OK
  run 8 対象 設備9% 金56% 討伐29% タップ6% → (a)NG ②改OK
  run 9 対象 設備10% 金55% 討伐29% タップ6% → (a)NG ②改OK
  run10 対象 設備11% 金55% 討伐29% タップ6% → (a)NG ②改OK
  run11 対象 設備13% 金54% 討伐28% タップ6% → (a)NG ②改OK
  run12 対象 設備15% 金52% 討伐27% タップ6% → (a)NG ②改OK
  run13 対象 設備16% 金50% 討伐27% タップ6% → (a)NG ②改OK
  run14 対象 設備19% 金49% 討伐26% タップ7% → (a)NG ②改OK
  run15 対象 設備19% 金50% 討伐24% タップ7% → (a)NG ②改OK
  run16 対象 設備21% 金51% 討伐17% タップ10% → (a)NG ②改OK
  run17 対象 設備21% 金47% 討伐24% タップ8% → (a)NG ②改OK
  run18 対象 設備22% 金45% 討伐25% タップ9% → (a)NG ②改OK
  run19 対象 設備23% 金46% 討伐23% タップ9% → (a)NG ②改OK
  run20 対象 設備26% 金52% 討伐10% タップ12% → (a)NG ②改OK
  run21 対象 設備17% 金39% 討伐38% タップ6% → (a)OK ②改OK
  run22 対象 設備14% 金33% 討伐48% タップ5% → (a)OK ②改OK
  run23 対象 設備12% 金27% 討伐56% タップ5% → (a)OK ②改NG
  run24 対象 設備12% 金26% 討伐56% タップ6% → (a)OK ②改NG
  run25 対象 設備10% 金20% 討伐65% タップ4% → (a)OK ②改NG
  run26 対象 設備9% 金21% 討伐65% タップ4% → (a)OK ②改NG
  run27 対象 設備9% 金18% 討伐69% タップ4% → (a)OK ②改NG
  run28 対象 設備11% 金17% 討伐68% タップ5% → (a)OK ②改NG
  run29 対象 設備9% 金14% 討伐72% タップ4% → (a)OK ②改NG
  run30 対象 設備9% 金14% 討伐73% タップ5% → (a)OK ②改NG
  run31 対象 設備9% 金13% 討伐73% タップ5% → (a)OK ②改NG
  run32 対象 設備10% 金16% 討伐69% タップ5% → (a)OK ②改NG
  run33 対象 設備9% 金13% 討伐74% タップ5% → (a)OK ②改NG
  run34 対象 設備8% 金14% 討伐76% タップ2% → (a)OK ②改NG
  run35 対象 設備8% 金14% 討伐76% タップ2% → (a)OK ②改NG
  run36 対象 設備8% 金16% 討伐70% タップ5% → (a)OK ②改NG
  run37 対象 設備10% 金23% 討伐64% タップ3% → (a)OK ②改NG
  run38 対象 設備8% 金17% 討伐72% タップ3% → (a)OK ②改NG
  run39 対象 設備9% 金18% 討伐69% タップ4% → (a)OK ②改NG
  run40 対象 設備8% 金15% 討伐44% タップ33% → (a)OK ②改OK
  run41 対象 設備6% 金10% 討伐63% タップ21% → (a)OK ②改NG
  run42 対象 設備6% 金8% 討伐77% タップ8% → (a)OK ②改NG
  run43 対象 設備6% 金9% 討伐80% タップ5% → (a)OK ②改NG
  run44 対象 設備11% 金21% 討伐60% タップ8% → (a)OK ②改NG
  run45 対象 設備6% 金8% 討伐80% タップ6% → (a)OK ②改NG
  run46 対象 設備6% 金8% 討伐80% タップ6% → (a)OK ②改NG
  run47 対象 設備6% 金8% 討伐81% タップ6% → (a)OK ②改NG
  run48 対象 設備12% 金23% 討伐53% タップ12% → (a)OK ②改NG
bake(S1 バランス効率型) 主役=設備生産≥30%: 42/49周回 合格
  run 0 対象 設備17% 金56% 討伐8% タップ19% → (a)NG ②改OK
  run 1 対象 設備13% 金52% 討伐12% タップ22% → (a)NG ②改OK
  run 2 対象 設備12% 金30% 討伐19% タップ40% → (a)NG ②改OK
  run 3 対象 設備9% 金52% 討伐12% タップ27% → (a)NG ②改OK
  run 4 対象 設備8% 金56% 討伐14% タップ22% → (a)NG ②改OK
  run 5 対象 設備8% 金55% 討伐15% タップ23% → (a)NG ②改OK
  run 6 対象 設備25% 金36% 討伐15% タップ24% → (a)NG ②改OK
  run 7 対象 設備31% 金39% 討伐12% タップ17% → (a)OK ②改OK
  run 8 対象 設備31% 金37% 討伐13% タップ19% → (a)OK ②改OK
  run 9 対象 設備34% 金41% 討伐10% タップ15% → (a)OK ②改OK
  run10 対象 設備36% 金41% 討伐10% タップ14% → (a)OK ②改OK
  run11 対象 設備40% 金36% 討伐10% タップ14% → (a)OK ②改OK
  run12 対象 設備40% 金36% 討伐10% タップ14% → (a)OK ②改OK
  run13 対象 設備46% 金33% 討伐9% タップ12% → (a)OK ②改OK
  run14 対象 設備48% 金31% 討伐9% タップ11% → (a)OK ②改OK
  run15 対象 設備47% 金32% 討伐10% タップ12% → (a)OK ②改OK
  run16 対象 設備48% 金31% 討伐10% タップ11% → (a)OK ②改OK
  run17 対象 設備50% 金30% 討伐9% タップ11% → (a)OK ②改OK
  run18 対象 設備52% 金30% 討伐8% タップ10% → (a)OK ②改NG
  run19 対象 設備52% 金30% 討伐8% タップ10% → (a)OK ②改NG
  run20 対象 設備52% 金32% 討伐7% タップ10% → (a)OK ②改OK
  run21 対象 設備43% 金26% 討伐22% タップ8% → (a)OK ②改OK
  run22 対象 設備42% 金23% 討伐26% タップ8% → (a)OK ②改OK
  run23 対象 設備41% 金20% 討伐32% タップ8% → (a)OK ②改OK
  run24 対象 設備38% 金18% 討伐36% タップ7% → (a)OK ②改OK
  run25 対象 設備38% 金16% 討伐39% タップ8% → (a)OK ②改OK
  run26 対象 設備36% 金19% 討伐39% タップ6% → (a)OK ②改OK
  run27 対象 設備36% 金17% 討伐41% タップ7% → (a)OK ②改OK
  run28 対象 設備41% 金31% 討伐21% タップ7% → (a)OK ②改OK
  run29 対象 設備43% 金31% 討伐19% タップ7% → (a)OK ②改OK
  run30 対象 設備41% 金31% 討伐21% タップ6% → (a)OK ②改OK
  run31 対象 設備42% 金30% 討伐21% タップ7% → (a)OK ②改OK
  run32 対象 設備46% 金31% 討伐16% タップ7% → (a)OK ②改OK
  run33 対象 設備39% 金29% 討伐26% タップ6% → (a)OK ②改OK
  run34 対象 設備38% 金26% 討伐32% タップ4% → (a)OK ②改OK
  run35 対象 設備37% 金23% 討伐33% タップ6% → (a)OK ②改OK
  run36 対象 設備37% 金21% 討伐36% タップ6% → (a)OK ②改OK
  run37 対象 設備36% 金23% 討伐36% タップ5% → (a)OK ②改OK
  run38 対象 設備36% 金22% 討伐37% タップ5% → (a)OK ②改OK
  run39 対象 設備37% 金20% 討伐39% タップ5% → (a)OK ②改OK
  run40 対象 設備36% 金19% 討伐39% タップ5% → (a)OK ②改OK
  run41 対象 設備37% 金21% 討伐38% タップ4% → (a)OK ②改OK
  run42 対象 設備33% 金18% 討伐45% タップ5% → (a)OK ②改OK
  run43 対象 設備33% 金16% 討伐44% タップ7% → (a)OK ②改OK
  run44 対象 設備33% 金16% 討伐43% タップ8% → (a)OK ②改OK
  run45 対象 設備33% 金16% 討伐45% タップ6% → (a)OK ②改OK
  run46 対象 設備33% 金16% 討伐42% タップ10% → (a)OK ②改OK
  run47 対象 設備32% 金14% 討伐47% タップ7% → (a)OK ②改OK
  run48 対象 設備34% 金13% 討伐48% タップ5% → (a)OK ②改OK
㉘合計: 167/235周回
②(改・ジャンル一強禁止 得意ジャンルlift≤±1.5倍) 合計: 133/186周回
