=== ㉘稼ぎ口比率(100h・周回シェア=各tickシェアの周回平均) ===
balanced(S6 早回し転生型) 4つすべて≥10%: 31/49周回 合格
  run 0 対象 設備8% 金55% 討伐11% タップ26% → (a)NG ②改OK
  run 1 対象 設備16% 金52% 討伐11% タップ21% → (a)OK ②改OK
  run 2 対象 設備10% 金21% 討伐21% タップ47% → (a)OK ②改OK
  run 3 対象 設備9% 金37% 討伐17% タップ38% → (a)NG ②改OK
  run 4 対象 設備9% 金49% 討伐13% タップ29% → (a)NG ②改OK
  run 5 対象 設備7% 金55% 討伐15% タップ23% → (a)NG ②改OK
  run 6 対象 設備13% 金46% 討伐16% タップ25% → (a)OK ②改OK
  run 7 対象 設備15% 金53% 討伐14% タップ18% → (a)OK ②改OK
  run 8 対象 設備13% 金48% 討伐15% タップ24% → (a)OK ②改OK
  run 9 対象 設備14% 金57% 討伐11% タップ19% → (a)OK ②改OK
  run10 対象 設備15% 金53% 討伐12% タップ20% → (a)OK ②改OK
  run11 対象 設備15% 金54% 討伐12% タップ19% → (a)OK ②改OK
  run12 対象 設備17% 金49% 討伐12% タップ21% → (a)OK ②改OK
  run13 対象 設備17% 金49% 討伐12% タップ22% → (a)OK ②改OK
  run14 対象 設備19% 金44% 討伐12% タップ25% → (a)OK ②改OK
  run15 対象 設備18% 金44% 討伐12% タップ26% → (a)OK ②改OK
  run16 対象 設備19% 金41% 討伐13% タップ27% → (a)OK ②改OK
  run17 対象 設備19% 金40% 討伐13% タップ29% → (a)OK ②改OK
  run18 対象 設備19% 金38% 討伐12% タップ31% → (a)OK ②改OK
  run19 対象 設備19% 金40% 討伐10% タップ31% → (a)OK ②改OK
  run20 対象 設備19% 金39% 討伐10% タップ31% → (a)OK ②改OK
  run21 対象 設備17% 金33% 討伐21% タップ29% → (a)OK ②改OK
  run22 対象 設備17% 金29% 討伐24% タップ30% → (a)OK ②改OK
  run23 対象 設備16% 金24% 討伐28% タップ31% → (a)OK ②改OK
  run24 対象 設備15% 金25% 討伐28% タップ32% → (a)OK ②改OK
  run25 対象 設備14% 金22% 討伐30% タップ34% → (a)OK ②改OK
  run26 対象 設備14% 金24% 討伐28% タップ34% → (a)OK ②改OK
  run27 対象 設備14% 金22% 討伐28% タップ36% → (a)OK ②改OK
  run28 対象 設備14% 金22% 討伐28% タップ36% → (a)OK ②改OK
  run29 対象 設備14% 金27% 討伐26% タップ33% → (a)OK ②改OK
  run30 対象 設備14% 金26% 討伐27% タップ33% → (a)OK ②改OK
  run31 対象 設備14% 金26% 討伐27% タップ34% → (a)OK ②改OK
  run32 対象 設備16% 金34% 討伐19% タップ31% → (a)OK ②改OK
  run33 対象 設備15% 金38% 討伐19% タップ28% → (a)OK ②改OK
  run34 対象 設備21% 金37% 討伐35% タップ8% → (a)NG ②改OK
  run35 対象 設備21% 金37% 討伐34% タップ8% → (a)NG ②改OK
  run36 対象 設備21% 金34% 討伐37% タップ9% → (a)NG ②改OK
  run37 対象 設備23% 金35% 討伐33% タップ9% → (a)NG ②改OK
  run38 対象 設備20% 金34% 討伐38% タップ8% → (a)NG ②改OK
  run39 対象 設備20% 金35% 討伐36% タップ9% → (a)NG ②改OK
  run40 対象 設備21% 金33% 討伐38% タップ8% → (a)NG ②改OK
  run41 対象 設備22% 金31% 討伐40% タップ7% → (a)NG ②改OK
  run42 対象 設備20% 金31% 討伐41% タップ8% → (a)NG ②改OK
  run43 対象 設備19% 金26% 討伐47% タップ8% → (a)NG ②改OK
  run44 対象 設備19% 金27% 討伐45% タップ9% → (a)NG ②改OK
  run45 対象 設備19% 金29% 討伐43% タップ9% → (a)NG ②改OK
  run46 対象 設備21% 金30% 討伐41% タップ8% → (a)NG ②改OK
  run47 対象 設備19% 金27% 討伐45% タップ9% → (a)NG ②改OK
  run48 対象 設備16% 金27% 討伐45% タップ11% → (a)OK ②改OK
click(S2 クリック会心型) 主役=タップ≥25%: 34/49周回 合格
  run 0 対象 設備5% 金50% 討伐13% タップ32% → (a)OK ②改NG
  run 1 対象 設備11% 金51% 討伐11% タップ27% → (a)OK ②改OK
  run 2 対象 設備5% 金13% 討伐23% タップ59% → (a)OK ②改NG
  run 3 対象 設備7% 金22% 討伐20% タップ51% → (a)OK ②改NG
  run 4 対象 設備14% 金33% 討伐15% タップ38% → (a)OK ②改NG
  run 5 対象 設備16% 金40% 討伐16% タップ28% → (a)OK ②改OK
  run 6 対象 設備29% 金27% 討伐16% タップ27% → (a)OK ②改OK
  run 7 対象 設備30% 金30% 討伐14% タップ26% → (a)OK ②改OK
  run 8 対象 設備34% 金26% 討伐13% タップ26% → (a)OK ②改OK
  run 9 対象 設備28% 金34% 討伐11% タップ27% → (a)OK ②改OK
  run10 対象 設備29% 金31% 討伐11% タップ29% → (a)OK ②改OK
  run11 対象 設備30% 金30% 討伐10% タップ30% → (a)OK ②改OK
  run12 対象 設備30% 金26% 討伐9% タップ35% → (a)OK ②改OK
  run13 対象 設備29% 金26% 討伐9% タップ36% → (a)OK ②改OK
  run14 対象 設備30% 金24% 討伐9% タップ37% → (a)OK ②改OK
  run15 対象 設備33% 金22% 討伐10% タップ35% → (a)OK ②改OK
  run16 対象 設備31% 金23% 討伐9% タップ37% → (a)OK ②改OK
  run17 対象 設備32% 金20% 討伐10% タップ38% → (a)OK ②改OK
  run18 対象 設備30% 金19% 討伐8% タップ42% → (a)OK ②改OK
  run19 対象 設備28% 金21% 討伐7% タップ44% → (a)OK ②改OK
  run20 対象 設備29% 金21% 討伐8% タップ42% → (a)OK ②改OK
  run21 対象 設備25% 金18% 討伐13% タップ43% → (a)OK ②改OK
  run22 対象 設備27% 金17% 討伐15% タップ41% → (a)OK ②改OK
  run23 対象 設備25% 金16% 討伐17% タップ42% → (a)OK ②改OK
  run24 対象 設備24% 金14% 討伐18% タップ44% → (a)OK ②改OK
  run25 対象 設備22% 金13% 討伐18% タップ47% → (a)OK ②改OK
  run26 対象 設備19% 金16% 討伐16% タップ48% → (a)OK ②改OK
  run27 対象 設備19% 金14% 討伐17% タップ50% → (a)OK ②改OK
  run28 対象 設備19% 金14% 討伐17% タップ51% → (a)OK ②改OK
  run29 対象 設備18% 金12% 討伐17% タップ52% → (a)OK ②改OK
  run30 対象 設備18% 金12% 討伐19% タップ51% → (a)OK ②改OK
  run31 対象 設備19% 金13% 討伐19% タップ50% → (a)OK ②改OK
  run32 対象 設備18% 金12% 討伐17% タップ53% → (a)OK ②改OK
  run33 対象 設備21% 金15% 討伐19% タップ46% → (a)OK ②改OK
  run34 対象 設備29% 金15% 討伐36% タップ20% → (a)NG ②改OK
  run35 対象 設備30% 金17% 討伐35% タップ18% → (a)NG ②改OK
  run36 対象 設備30% 金15% 討伐37% タップ18% → (a)NG ②改OK
  run37 対象 設備31% 金18% 討伐35% タップ17% → (a)NG ②改OK
  run38 対象 設備31% 金18% 討伐34% タップ17% → (a)NG ②改OK
  run39 対象 設備31% 金18% 討伐35% タップ16% → (a)NG ②改OK
  run40 対象 設備31% 金18% 討伐35% タップ16% → (a)NG ②改OK
  run41 対象 設備34% 金20% 討伐34% タップ12% → (a)NG ②改OK
  run42 対象 設備33% 金20% 討伐34% タップ13% → (a)NG ②改OK
  run43 対象 設備34% 金19% 討伐34% タップ13% → (a)NG ②改OK
  run44 対象 設備34% 金18% 討伐34% タップ14% → (a)NG ②改OK
  run45 対象 設備33% 金14% 討伐38% タップ15% → (a)NG ②改OK
  run46 対象 設備34% 金15% 討伐38% タップ13% → (a)NG ②改OK
  run47 対象 設備32% 金15% 討伐37% タップ15% → (a)NG ②改OK
  run48 対象 設備31% 金14% 討伐38% タップ17% → (a)NG ②改OK
golden(S3 金クッキー特化型) 主役=金クッキー≥25%: 44/44周回 合格
  run 0 対象外 設備8% 金43% 討伐17% タップ32%
  run 1 対象外 設備13% 金50% 討伐14% タップ22%
  run 2 対象外 設備12% 金32% 討伐22% タップ35%
  run 3 対象外 設備9% 金49% 討伐16% タップ26%
  run 4 対象 設備7% 金60% 討伐15% タップ18% → (a)OK ②改OK
  run 5 対象 設備9% 金57% 討伐15% タップ19% → (a)OK ②改OK
  run 6 対象 設備10% 金58% 討伐15% タップ17% → (a)OK ②改OK
  run 7 対象 設備9% 金52% 討伐21% タップ18% → (a)OK ②改OK
  run 8 対象 設備11% 金57% 討伐19% タップ14% → (a)OK ②改OK
  run 9 対象 設備11% 金56% 討伐22% タップ12% → (a)OK ②改NG
  run10 対象 設備12% 金54% 討伐21% タップ13% → (a)OK ②改OK
  run11 対象 設備13% 金52% 討伐22% タップ13% → (a)OK ②改OK
  run12 対象 設備14% 金50% 討伐23% タップ12% → (a)OK ②改OK
  run13 対象 設備16% 金50% 討伐23% タップ11% → (a)OK ②改NG
  run14 対象 設備17% 金48% 討伐23% タップ12% → (a)OK ②改OK
  run15 対象 設備19% 金47% 討伐24% タップ11% → (a)OK ②改OK
  run16 対象 設備18% 金48% 討伐24% タップ10% → (a)OK ②改OK
  run17 対象 設備18% 金46% 討伐26% タップ10% → (a)OK ②改OK
  run18 対象 設備19% 金48% 討伐24% タップ9% → (a)OK ②改NG
  run19 対象 設備20% 金50% 討伐22% タップ9% → (a)OK ②改NG
  run20 対象 設備16% 金44% 討伐33% タップ7% → (a)OK ②改NG
  run21 対象 設備17% 金38% 討伐37% タップ7% → (a)OK ②改NG
  run22 対象 設備15% 金32% 討伐45% タップ7% → (a)OK ②改OK
  run23 対象 設備15% 金29% 討伐50% タップ6% → (a)OK ②改OK
  run24 対象 設備14% 金27% 討伐54% タップ6% → (a)OK ②改OK
  run25 対象 設備12% 金30% 討伐55% タップ4% → (a)OK ②改NG
  run26 対象 設備12% 金27% 討伐58% タップ3% → (a)OK ②改OK
  run27 対象 設備30% 金60% 討伐2% タップ8% → (a)OK ②改NG
  run28 対象 設備30% 金60% 討伐1% タップ8% → (a)OK ②改NG
  run29 対象 設備31% 金59% 討伐1% タップ8% → (a)OK ②改NG
  run30 対象 設備31% 金59% 討伐1% タップ9% → (a)OK ②改NG
  run31 対象 設備32% 金59% 討伐1% タップ9% → (a)OK ②改NG
  run32 対象 設備36% 金61% 討伐1% タップ2% → (a)OK ②改NG
  run33 対象 設備37% 金60% 討伐1% タップ2% → (a)OK ②改NG
  run34 対象 設備37% 金60% 討伐1% タップ2% → (a)OK ②改NG
  run35 対象 設備38% 金59% 討伐1% タップ2% → (a)OK ②改NG
  run36 対象 設備38% 金59% 討伐1% タップ2% → (a)OK ②改NG
  run37 対象 設備40% 金57% 討伐1% タップ2% → (a)OK ②改NG
  run38 対象 設備40% 金57% 討伐1% タップ2% → (a)OK ②改NG
  run39 対象 設備40% 金57% 討伐1% タップ2% → (a)OK ②改NG
  run40 対象 設備41% 金56% 討伐1% タップ2% → (a)OK ②改NG
  run41 対象 設備43% 金54% 討伐1% タップ2% → (a)OK ②改NG
  run42 対象 設備40% 金57% 討伐1% タップ2% → (a)OK ②改NG
  run43 対象 設備40% 金56% 討伐1% タップ2% → (a)OK ②改NG
  run44 対象 設備41% 金56% 討伐1% タップ2% → (a)OK ②改NG
  run45 対象 設備18% 金37% 討伐43% タップ3% → (a)OK ②改NG
  run46 対象 設備21% 金42% 討伐34% タップ3% → (a)OK ②改NG
  run47 対象 設備19% 金39% 討伐39% タップ3% → (a)OK ②改NG
