=== ㉘稼ぎ口比率(100h・周回シェア=各tickシェアの周回平均) ===
balanced(S6 早回し転生型) 4つすべて≥10%: 30/49周回 合格
  run 0 対象 設備15% 金58% 討伐8% タップ19% → (a)NG ②改OK
  run 1 対象 設備13% 金54% 討伐12% タップ22% → (a)OK ②改OK
  run 2 対象 設備11% 金25% 討伐20% タップ44% → (a)OK ②改OK
  run 3 対象 設備9% 金39% 討伐16% タップ36% → (a)NG ②改OK
  run 4 対象 設備8% 金52% 討伐15% タップ25% → (a)NG ②改OK
  run 5 対象 設備7% 金52% 討伐16% タップ25% → (a)NG ②改OK
  run 6 対象 設備12% 金43% 討伐18% タップ28% → (a)OK ②改OK
  run 7 対象 設備14% 金50% 討伐15% タップ21% → (a)OK ②改OK
  run 8 対象 設備13% 金46% 討伐16% タップ25% → (a)OK ②改OK
  run 9 対象 設備13% 金57% 討伐12% タップ18% → (a)OK ②改OK
  run10 対象 設備15% 金56% 討伐12% タップ17% → (a)OK ②改OK
  run11 対象 設備15% 金59% 討伐12% タップ15% → (a)OK ②改OK
  run12 対象 設備18% 金57% 討伐11% タップ13% → (a)OK ②改OK
  run13 対象 設備20% 金56% 討伐11% タップ14% → (a)OK ②改OK
  run14 対象 設備21% 金52% 討伐12% タップ14% → (a)OK ②改OK
  run15 対象 設備20% 金52% 討伐13% タップ15% → (a)OK ②改OK
  run16 対象 設備21% 金49% 討伐15% タップ15% → (a)OK ②改OK
  run17 対象 設備23% 金49% 討伐13% タップ15% → (a)OK ②改OK
  run18 対象 設備25% 金48% 討伐12% タップ15% → (a)OK ②改OK
  run19 対象 設備25% 金50% 討伐11% タップ15% → (a)OK ②改OK
  run20 対象 設備25% 金51% 討伐10% タップ15% → (a)OK ②改OK
  run21 対象 設備21% 金41% 討伐26% タップ13% → (a)OK ②改OK
  run22 対象 設備20% 金37% 討伐31% タップ13% → (a)OK ②改OK
  run23 対象 設備19% 金34% 討伐35% タップ12% → (a)OK ②改OK
  run24 対象 設備18% 金30% 討伐39% タップ12% → (a)OK ②改OK
  run25 対象 設備18% 金28% 討伐42% タップ12% → (a)OK ②改OK
  run26 対象 設備18% 金31% 討伐40% タップ12% → (a)OK ②改OK
  run27 対象 設備18% 金29% 討伐41% タップ12% → (a)OK ②改OK
  run28 対象 設備17% 金28% 討伐42% タップ13% → (a)OK ②改OK
  run29 対象 設備17% 金35% 討伐36% タップ11% → (a)OK ②改OK
  run30 対象 設備17% 金34% 討伐38% タップ11% → (a)OK ②改OK
  run31 対象 設備17% 金33% 討伐38% タップ11% → (a)OK ②改OK
  run32 対象 設備18% 金30% 討伐38% タップ13% → (a)OK ②改OK
  run33 対象 設備17% 金32% 討伐39% タップ12% → (a)OK ②改OK
  run34 対象 設備19% 金40% 討伐35% タップ5% → (a)NG ②改OK
  run35 対象 設備19% 金40% 討伐36% タップ5% → (a)NG ②改OK
  run36 対象 設備19% 金38% 討伐38% タップ5% → (a)NG ②改OK
  run37 対象 設備20% 金39% 討伐35% タップ6% → (a)NG ②改OK
  run38 対象 設備19% 金38% 討伐38% タップ5% → (a)NG ②改OK
  run39 対象 設備18% 金39% 討伐37% タップ6% → (a)NG ②改OK
  run40 対象 設備19% 金35% 討伐41% タップ5% → (a)NG ②改OK
  run41 対象 設備20% 金35% 討伐40% タップ6% → (a)NG ②改OK
  run42 対象 設備20% 金23% 討伐50% タップ6% → (a)NG ②改OK
  run43 対象 設備17% 金30% 討伐46% タップ6% → (a)NG ②改OK
  run44 対象 設備17% 金32% 討伐45% タップ6% → (a)NG ②改OK
  run45 対象 設備17% 金31% 討伐45% タップ7% → (a)NG ②改OK
  run46 対象 設備19% 金24% 討伐53% タップ4% → (a)NG ②改OK
  run47 対象 設備17% 金29% 討伐46% タップ8% → (a)NG ②改OK
  run48 対象 設備17% 金29% 討伐47% タップ7% → (a)NG ②改OK
click(S2 クリック会心型) 主役=タップ≥30%: 24/49周回 合格
  run 0 対象 設備12% 金48% 討伐9% タップ31% → (a)OK ②改OK
  run 1 対象 設備11% 金52% 討伐11% タップ26% → (a)NG ②改OK
  run 2 対象 設備5% 金17% 討伐22% タップ56% → (a)OK ②改NG
  run 3 対象 設備8% 金26% 討伐19% タップ48% → (a)OK ②改OK
  run 4 対象 設備14% 金36% 討伐17% タップ32% → (a)OK ②改OK
  run 5 対象 設備18% 金36% 討伐17% タップ30% → (a)OK ②改OK
  run 6 対象 設備32% 金22% 討伐17% タップ29% → (a)NG ②改OK
  run 7 対象 設備36% 金22% 討伐15% タップ27% → (a)NG ②改OK
  run 8 対象 設備37% 金23% 討伐14% タップ26% → (a)NG ②改OK
  run 9 対象 設備33% 金29% 討伐12% タップ26% → (a)NG ②改OK
  run10 対象 設備33% 金29% 討伐12% タップ26% → (a)NG ②改OK
  run11 対象 設備35% 金27% 討伐11% タップ27% → (a)NG ②改OK
  run12 対象 設備35% 金26% 討伐10% タップ29% → (a)NG ②改OK
  run13 対象 設備35% 金25% 討伐9% タップ31% → (a)OK ②改OK
  run14 対象 設備35% 金25% 討伐9% タップ32% → (a)OK ②改OK
  run15 対象 設備37% 金24% 討伐10% タップ29% → (a)NG ②改OK
  run16 対象 設備38% 金21% 討伐11% タップ30% → (a)NG ②改OK
  run17 対象 設備36% 金23% 討伐9% タップ32% → (a)OK ②改OK
  run18 対象 設備35% 金21% 討伐9% タップ35% → (a)OK ②改OK
  run19 対象 設備34% 金21% 討伐7% タップ38% → (a)OK ②改OK
  run20 対象 設備36% 金21% 討伐8% タップ36% → (a)OK ②改OK
  run21 対象 設備30% 金19% 討伐14% タップ36% → (a)OK ②改OK
  run22 対象 設備32% 金17% 討伐17% タップ34% → (a)OK ②改OK
  run23 対象 設備31% 金14% 討伐20% タップ35% → (a)OK ②改OK
  run24 対象 設備27% 金14% 討伐19% タップ39% → (a)OK ②改OK
  run25 対象 設備27% 金13% 討伐18% タップ42% → (a)OK ②改OK
  run26 対象 設備24% 金16% 討伐17% タップ43% → (a)OK ②改OK
  run27 対象 設備22% 金14% 討伐17% タップ46% → (a)OK ②改OK
  run28 対象 設備22% 金15% 討伐16% タップ47% → (a)OK ②改OK
  run29 対象 設備22% 金12% 討伐17% タップ49% → (a)OK ②改OK
  run30 対象 設備21% 金12% 討伐19% タップ48% → (a)OK ②改OK
  run31 対象 設備21% 金12% 討伐19% タップ48% → (a)OK ②改OK
  run32 対象 設備21% 金10% 討伐19% タップ50% → (a)OK ②改OK
  run33 対象 設備27% 金16% 討伐19% タップ38% → (a)OK ②改OK
  run34 対象 設備31% 金14% 討伐31% タップ25% → (a)NG ②改OK
  run35 対象 設備32% 金16% 討伐31% タップ21% → (a)NG ②改OK
  run36 対象 設備29% 金12% 討伐32% タップ27% → (a)NG ②改OK
  run37 対象 設備29% 金13% 討伐31% タップ28% → (a)NG ②改OK
  run38 対象 設備30% 金14% 討伐31% タップ25% → (a)NG ②改OK
  run39 対象 設備30% 金14% 討伐32% タップ25% → (a)NG ②改OK
  run40 対象 設備33% 金17% 討伐32% タップ19% → (a)NG ②改OK
  run41 対象 設備32% 金14% 討伐32% タップ22% → (a)NG ②改OK
  run42 対象 設備35% 金16% 討伐33% タップ16% → (a)NG ②改OK
  run43 対象 設備34% 金16% 討伐32% タップ17% → (a)NG ②改OK
  run44 対象 設備33% 金14% 討伐32% タップ20% → (a)NG ②改OK
  run45 対象 設備36% 金13% 討伐34% タップ17% → (a)NG ②改OK
  run46 対象 設備31% 金14% 討伐32% タップ23% → (a)NG ②改OK
  run47 対象 設備33% 金11% 討伐34% タップ23% → (a)NG ②改OK
  run48 対象 設備33% 金14% 討伐33% タップ20% → (a)NG ②改OK
golden(S3 金クッキー特化型) 主役=金クッキー≥30%: 44/44周回 合格
  run 0 対象外 設備29% 金41% 討伐8% タップ22%
  run 1 対象外 設備9% 金45% 討伐17% タップ29%
  run 2 対象外 設備8% 金60% 討伐12% タップ20%
  run 3 対象外 設備9% 金49% 討伐16% タップ26%
  run 4 対象 設備8% 金58% 討伐16% タップ19% → (a)OK ②改NG
  run 5 対象 設備10% 金49% 討伐19% タップ22% → (a)OK ②改OK
  run 6 対象 設備10% 金54% 討伐17% タップ19% → (a)OK ②改NG
  run 7 対象 設備9% 金53% 討伐18% タップ20% → (a)OK ②改NG
  run 8 対象 設備9% 金59% 討伐14% タップ17% → (a)OK ②改NG
  run 9 対象 設備9% 金60% 討伐15% タップ15% → (a)OK ②改NG
  run10 対象 設備10% 金59% 討伐14% タップ16% → (a)OK ②改NG
  run11 対象 設備12% 金57% 討伐14% タップ16% → (a)OK ②改NG
  run12 対象 設備14% 金57% 討伐15% タップ14% → (a)OK ②改NG
  run13 対象 設備17% 金57% 討伐13% タップ14% → (a)OK ②改NG
  run14 対象 設備15% 金56% 討伐15% タップ13% → (a)OK ②改NG
  run15 対象 設備19% 金54% 討伐14% タップ13% → (a)OK ②改NG
  run16 対象 設備20% 金55% 討伐13% タップ12% → (a)OK ②改NG
  run17 対象 設備20% 金54% 討伐13% タップ12% → (a)OK ②改NG
  run18 対象 設備19% 金56% 討伐13% タップ12% → (a)OK ②改NG
  run19 対象 設備20% 金58% 討伐11% タップ11% → (a)OK ②改NG
  run20 対象 設備18% 金47% 討伐25% タップ10% → (a)OK ②改OK
  run21 対象 設備18% 金44% 討伐28% タップ10% → (a)OK ②改OK
  run22 対象 設備17% 金38% 討伐36% タップ9% → (a)OK ②改OK
  run23 対象 設備17% 金35% 討伐40% タップ9% → (a)OK ②改OK
  run24 対象 設備16% 金32% 討伐44% タップ8% → (a)OK ②改OK
  run25 対象 設備15% 金36% 討伐43% タップ6% → (a)OK ②改OK
  run26 対象 設備15% 金34% 討伐46% タップ6% → (a)OK ②改OK
  run27 対象 設備26% 金62% 討伐2% タップ9% → (a)OK ②改NG
  run28 対象 設備27% 金62% 討伐2% タップ10% → (a)OK ②改NG
  run29 対象 設備27% 金62% 討伐1% タップ10% → (a)OK ②改NG
  run30 対象 設備27% 金61% 討伐1% タップ10% → (a)OK ②改NG
  run31 対象 設備28% 金61% 討伐1% タップ10% → (a)OK ②改NG
  run32 対象 設備28% 金60% 討伐1% タップ11% → (a)OK ②改NG
  run33 対象 設備32% 金62% 討伐2% タップ4% → (a)OK ②改NG
  run34 対象 設備33% 金61% 討伐2% タップ5% → (a)OK ②改NG
  run35 対象 設備34% 金60% 討伐2% タップ4% → (a)OK ②改NG
  run36 対象 設備34% 金61% 討伐1% タップ4% → (a)OK ②改NG
  run37 対象 設備38% 金57% 討伐1% タップ4% → (a)OK ②改NG
  run38 対象 設備37% 金58% 討伐1% タップ4% → (a)OK ②改NG
  run39 対象 設備37% 金57% 討伐1% タップ4% → (a)OK ②改NG
  run40 対象 設備37% 金58% 討伐1% タップ4% → (a)OK ②改NG
  run41 対象 設備40% 金55% 討伐1% タップ4% → (a)OK ②改NG
  run42 対象 設備35% 金59% 討伐2% タップ5% → (a)OK ②改NG
  run43 対象 設備37% 金57% 討伐1% タップ4% → (a)OK ②改NG
  run44 対象 設備39% 金56% 討伐1% タップ4% → (a)OK ②改NG
  run45 対象 設備39% 金55% 討伐1% タップ4% → (a)OK ②改NG
  run46 対象 設備22% 金51% 討伐21% タップ6% → (a)OK ②改OK
  run47 対象 設備23% 金45% 討伐27% タップ4% → (a)OK ②改OK
