=== ㉘稼ぎ口比率(100h・周回シェア=各tickシェアの周回平均) ===
balanced(S6 早回し転生型) 4つすべて≥10%: 25/48周回 合格
  run 0 対象 設備13% 金68% 討伐7% タップ12% → (a)NG
  run 1 対象 設備16% 金59% 討伐9% タップ16% → (a)NG
  run 2 対象 設備10% 金34% 討伐16% タップ40% → (a)OK
  run 3 対象 設備9% 金46% 討伐13% タップ33% → (a)NG
  run 4 対象 設備8% 金53% 討伐11% タップ27% → (a)NG
  run 5 対象 設備7% 金58% 討伐13% タップ23% → (a)NG
  run 6 対象 設備14% 金48% 討伐14% タップ25% → (a)OK
  run 7 対象 設備15% 金48% 討伐13% タップ25% → (a)OK
  run 8 対象 設備14% 金54% 討伐11% タップ22% → (a)OK
  run 9 対象 設備15% 金54% 討伐10% タップ21% → (a)NG
  run10 対象 設備16% 金50% 討伐11% タップ23% → (a)OK
  run11 対象 設備16% 金51% 討伐11% タップ22% → (a)OK
  run12 対象 設備16% 金49% 討伐11% タップ23% → (a)OK
  run13 対象 設備18% 金46% 討伐10% タップ27% → (a)NG
  run14 対象 設備18% 金43% 討伐11% タップ28% → (a)OK
  run15 対象 設備18% 金41% 討伐10% タップ30% → (a)OK
  run16 対象 設備19% 金40% 討伐10% タップ32% → (a)NG
  run17 対象 設備19% 金37% 討伐10% タップ35% → (a)NG
  run18 対象 設備18% 金39% 討伐9% タップ34% → (a)NG
  run19 対象 設備18% 金38% 討伐9% タップ35% → (a)NG
  run20 対象 設備17% 金32% 討伐17% タップ34% → (a)OK
  run21 対象 設備16% 金29% 討伐20% タップ36% → (a)OK
  run22 対象 設備16% 金25% 討伐22% タップ37% → (a)OK
  run23 対象 設備15% 金22% 討伐24% タップ39% → (a)OK
  run24 対象 設備14% 金20% 討伐24% タップ41% → (a)OK
  run25 対象 設備13% 金24% 討伐22% タップ41% → (a)OK
  run26 対象 設備13% 金22% 討伐23% タップ43% → (a)OK
  run27 対象 設備13% 金21% 討伐22% タップ43% → (a)OK
  run28 対象 設備14% 金26% 討伐21% タップ39% → (a)OK
  run29 対象 設備13% 金25% 討伐21% タップ40% → (a)OK
  run30 対象 設備13% 金24% 討伐22% タップ41% → (a)OK
  run31 対象 設備13% 金24% 討伐22% タップ41% → (a)OK
  run32 対象 設備14% 金34% 討伐17% タップ34% → (a)OK
  run33 対象 設備22% 金38% 討伐31% タップ9% → (a)NG
  run34 対象 設備22% 金36% 討伐33% タップ9% → (a)NG
  run35 対象 設備23% 金36% 討伐34% タップ8% → (a)NG
  run36 対象 設備20% 金35% 討伐36% タップ9% → (a)NG
  run37 対象 設備22% 金34% 討伐34% タップ10% → (a)NG
  run38 対象 設備22% 金35% 討伐34% タップ9% → (a)NG
  run39 対象 設備21% 金35% 討伐34% タップ10% → (a)NG
  run40 対象 設備22% 金32% 討伐36% タップ10% → (a)NG
  run41 対象 設備21% 金29% 討伐42% タップ8% → (a)NG
  run42 対象 設備20% 金27% 討伐43% タップ11% → (a)OK
  run43 対象 設備20% 金29% 討伐41% タップ9% → (a)NG
  run44 対象 設備21% 金27% 討伐43% タップ9% → (a)NG
  run45 対象 設備20% 金30% 討伐42% タップ9% → (a)NG
  run46 対象 設備17% 金28% 討伐41% タップ14% → (a)OK
  run47 対象 設備18% 金29% 討伐42% タップ11% → (a)OK
