=== ㉘稼ぎ口比率(100h・周回シェア=各tickシェアの周回平均) ===
balanced(S6 早回し転生型) 4つすべて≥10%: 20/49周回 合格
  run 0 対象 設備15% 金58% 討伐8% タップ19% → (a)NG ②改OK
  run 1 対象 設備13% 金54% 討伐12% タップ22% → (a)OK ②改OK
  run 2 対象 設備11% 金25% 討伐20% タップ44% → (a)OK ②改OK
  run 3 対象 設備9% 金39% 討伐16% タップ36% → (a)NG ②改OK
  run 4 対象 設備8% 金52% 討伐15% タップ25% → (a)NG ②改OK
  run 5 対象 設備7% 金51% 討伐16% タップ26% → (a)NG ②改OK
  run 6 対象 設備12% 金42% 討伐18% タップ28% → (a)OK ②改OK
  run 7 対象 設備13% 金49% 討伐16% タップ22% → (a)OK ②改OK
  run 8 対象 設備13% 金47% 討伐16% タップ24% → (a)OK ②改OK
  run 9 対象 設備13% 金57% 討伐12% タップ18% → (a)OK ②改OK
  run10 対象 設備14% 金58% 討伐12% タップ16% → (a)OK ②改OK
  run11 対象 設備14% 金58% 討伐13% タップ15% → (a)OK ②改OK
  run12 対象 設備18% 金55% 討伐13% タップ14% → (a)OK ②改OK
  run13 対象 設備19% 金55% 討伐12% タップ14% → (a)OK ②改OK
  run14 対象 設備21% 金53% 討伐13% タップ14% → (a)OK ②改OK
  run15 対象 設備20% 金51% 討伐14% タップ15% → (a)OK ②改OK
  run16 対象 設備21% 金48% 討伐15% タップ15% → (a)OK ②改OK
  run17 対象 設備22% 金48% 討伐15% タップ15% → (a)OK ②改OK
  run18 対象 設備24% 金47% 討伐13% タップ15% → (a)OK ②改OK
  run19 対象 設備25% 金50% 討伐11% タップ14% → (a)OK ②改OK
  run20 対象 設備24% 金49% 討伐13% タップ15% → (a)OK ②改OK
  run21 対象 設備19% 金40% 討伐30% タップ12% → (a)OK ②改OK
  run22 対象 設備17% 金34% 討伐37% タップ12% → (a)OK ②改OK
  run23 対象 設備16% 金30% 討伐43% タップ10% → (a)OK ②改OK
  run24 対象 設備14% 金26% 討伐49% タップ10% → (a)NG ②改OK
  run25 対象 設備14% 金24% 討伐53% タップ9% → (a)NG ②改OK
  run26 対象 設備13% 金27% 討伐52% タップ8% → (a)NG ②改OK
  run27 対象 設備12% 金25% 討伐55% タップ8% → (a)NG ②改OK
  run28 対象 設備12% 金24% 討伐57% タップ8% → (a)NG ②改OK
  run29 対象 設備12% 金31% 討伐50% タップ7% → (a)NG ②改OK
  run30 対象 設備12% 金29% 討伐51% タップ7% → (a)NG ②改OK
  run31 対象 設備12% 金29% 討伐53% タップ7% → (a)NG ②改OK
  run32 対象 設備12% 金26% 討伐54% タップ8% → (a)NG ②改OK
  run33 対象 設備13% 金41% 討伐38% タップ7% → (a)NG ②改OK
  run34 対象 設備12% 金33% 討伐49% タップ5% → (a)NG ②改OK
  run35 対象 設備13% 金33% 討伐48% タップ6% → (a)NG ②改OK
  run36 対象 設備12% 金31% 討伐52% タップ5% → (a)NG ②改OK
  run37 対象 設備13% 金31% 討伐50% タップ6% → (a)NG ②改OK
  run38 対象 設備11% 金30% 討伐54% タップ5% → (a)NG ②改OK
  run39 対象 設備12% 金32% 討伐51% タップ5% → (a)NG ②改OK
  run40 対象 設備11% 金26% 討伐58% タップ5% → (a)NG ②改OK
  run41 対象 設備11% 金28% 討伐55% タップ5% → (a)NG ②改OK
  run42 対象 設備10% 金26% 討伐60% タップ5% → (a)NG ②改OK
  run43 対象 設備9% 金20% 討伐66% タップ5% → (a)NG ②改OK
  run44 対象 設備9% 金23% 討伐63% タップ5% → (a)NG ②改OK
  run45 対象 設備9% 金24% 討伐61% タップ6% → (a)NG ②改OK
  run46 対象 設備10% 金15% 討伐69% タップ6% → (a)NG ②改OK
  run47 対象 設備8% 金22% 討伐61% タップ8% → (a)NG ②改OK
  run48 対象 設備9% 金22% 討伐62% タップ7% → (a)NG ②改OK
click(S2 クリック会心型) 主役=タップ≥30%: 24/49周回 合格
  run 0 対象 設備12% 金48% 討伐9% タップ31% → (a)OK ②改OK
  run 1 対象 設備11% 金52% 討伐11% タップ26% → (a)NG ②改OK
  run 2 対象 設備5% 金17% 討伐22% タップ56% → (a)OK ②改NG
  run 3 対象 設備8% 金26% 討伐19% タップ48% → (a)OK ②改OK
  run 4 対象 設備14% 金36% 討伐17% タップ32% → (a)OK ②改OK
  run 5 対象 設備18% 金36% 討伐17% タップ30% → (a)OK ②改OK
  run 6 対象 設備32% 金22% 討伐17% タップ29% → (a)NG ②改OK
  run 7 対象 設備36% 金22% 討伐15% タップ27% → (a)NG ②改OK
  run 8 対象 設備38% 金22% 討伐15% タップ26% → (a)NG ②改OK
  run 9 対象 設備32% 金30% 討伐12% タップ25% → (a)NG ②改OK
  run10 対象 設備32% 金30% 討伐11% タップ26% → (a)NG ②改OK
  run11 対象 設備34% 金28% 討伐11% タップ27% → (a)NG ②改OK
  run12 対象 設備34% 金27% 討伐10% タップ29% → (a)NG ②改OK
  run13 対象 設備35% 金24% 討伐10% タップ31% → (a)OK ②改OK
  run14 対象 設備35% 金23% 討伐10% タップ32% → (a)OK ②改OK
  run15 対象 設備38% 金22% 討伐11% タップ29% → (a)NG ②改OK
  run16 対象 設備37% 金22% 討伐11% タップ30% → (a)NG ②改OK
  run17 対象 設備37% 金20% 討伐11% タップ31% → (a)OK ②改OK
  run18 対象 設備35% 金20% 討伐10% タップ35% → (a)OK ②改OK
  run19 対象 設備33% 金22% 討伐8% タップ37% → (a)OK ②改OK
  run20 対象 設備35% 金22% 討伐7% タップ36% → (a)OK ②改OK
  run21 対象 設備31% 金18% 討伐16% タップ35% → (a)OK ②改OK
  run22 対象 設備31% 金18% 討伐20% タップ32% → (a)OK ②改OK
  run23 対象 設備29% 金15% 討伐23% タップ33% → (a)OK ②改OK
  run24 対象 設備26% 金13% 討伐25% タップ36% → (a)OK ②改OK
  run25 対象 設備25% 金13% 討伐23% タップ39% → (a)OK ②改OK
  run26 対象 設備22% 金16% 討伐23% タップ39% → (a)OK ②改OK
  run27 対象 設備21% 金14% 討伐22% タップ42% → (a)OK ②改OK
  run28 対象 設備21% 金14% 討伐23% タップ42% → (a)OK ②改OK
  run29 対象 設備21% 金11% 討伐24% タップ44% → (a)OK ②改OK
  run30 対象 設備20% 金12% 討伐25% タップ43% → (a)OK ②改OK
  run31 対象 設備20% 金11% 討伐26% タップ43% → (a)OK ②改OK
  run32 対象 設備19% 金12% 討伐24% タップ45% → (a)OK ②改OK
  run33 対象 設備23% 金15% 討伐27% タップ36% → (a)OK ②改OK
  run34 対象 設備23% 金10% 討伐39% タップ28% → (a)NG ②改OK
  run35 対象 設備26% 金14% 討伐39% タップ21% → (a)NG ②改OK
  run36 対象 設備24% 金11% 討伐41% タップ25% → (a)NG ②改OK
  run37 対象 設備23% 金10% 討伐39% タップ28% → (a)NG ②改OK
  run38 対象 設備24% 金12% 討伐40% タップ24% → (a)NG ②改OK
  run39 対象 設備24% 金13% 討伐39% タップ23% → (a)NG ②改OK
  run40 対象 設備24% 金12% 討伐40% タップ24% → (a)NG ②改OK
  run41 対象 設備26% 金13% 討伐41% タップ20% → (a)NG ②改OK
  run42 対象 設備27% 金14% 討伐42% タップ17% → (a)NG ②改OK
  run43 対象 設備28% 金14% 討伐43% タップ15% → (a)NG ②改OK
  run44 対象 設備28% 金14% 討伐42% タップ16% → (a)NG ②改OK
  run45 対象 設備27% 金11% 討伐45% タップ17% → (a)NG ②改OK
  run46 対象 設備25% 金9% 討伐45% タップ21% → (a)NG ②改OK
  run47 対象 設備26% 金12% 討伐42% タップ19% → (a)NG ②改OK
  run48 対象 設備25% 金9% 討伐44% タップ21% → (a)NG ②改OK
golden(S3 金クッキー特化型) 主役=金クッキー≥30%: 44/44周回 合格
  run 0 対象外 設備29% 金41% 討伐8% タップ22%
  run 1 対象外 設備9% 金45% 討伐17% タップ29%
  run 2 対象外 設備8% 金60% 討伐12% タップ20%
  run 3 対象外 設備9% 金49% 討伐16% タップ26%
  run 4 対象 設備8% 金58% 討伐16% タップ19% → (a)OK ②改NG
  run 5 対象 設備10% 金49% 討伐19% タップ22% → (a)OK ②改OK
  run 6 対象 設備10% 金54% 討伐17% タップ19% → (a)OK ②改NG
  run 7 対象 設備9% 金53% 討伐18% タップ20% → (a)OK ②改NG
  run 8 対象 設備9% 金59% 討伐14% タップ17% → (a)OK ②改NG
  run 9 対象 設備9% 金60% 討伐15% タップ15% → (a)OK ②改NG
  run10 対象 設備10% 金59% 討伐14% タップ16% → (a)OK ②改NG
  run11 対象 設備12% 金57% 討伐15% タップ16% → (a)OK ②改NG
  run12 対象 設備13% 金56% 討伐16% タップ15% → (a)OK ②改NG
  run13 対象 設備14% 金56% 討伐16% タップ14% → (a)OK ②改NG
  run14 対象 設備16% 金55% 討伐16% タップ13% → (a)OK ②改NG
  run15 対象 設備19% 金55% 討伐14% タップ13% → (a)OK ②改NG
  run16 対象 設備20% 金54% 討伐14% タップ13% → (a)OK ②改NG
  run17 対象 設備20% 金53% 討伐15% タップ12% → (a)OK ②改NG
  run18 対象 設備19% 金55% 討伐14% タップ12% → (a)OK ②改NG
  run19 対象 設備18% 金54% 討伐17% タップ11% → (a)OK ②改NG
  run20 対象 設備16% 金48% 討伐26% タップ10% → (a)OK ②改OK
  run21 対象 設備18% 金45% 討伐29% タップ9% → (a)OK ②改OK
  run22 対象 設備16% 金38% 討伐37% タップ9% → (a)OK ②改OK
  run23 対象 設備15% 金34% 討伐43% タップ8% → (a)OK ②改OK
  run24 対象 設備15% 金31% 討伐47% タップ8% → (a)OK ②改OK
  run25 対象 設備14% 金34% 討伐46% タップ6% → (a)OK ②改OK
  run26 対象 設備13% 金32% 討伐49% タップ5% → (a)OK ②改OK
  run27 対象 設備26% 金62% 討伐2% タップ9% → (a)OK ②改NG
  run28 対象 設備26% 金62% 討伐2% タップ10% → (a)OK ②改NG
  run29 対象 設備27% 金62% 討伐1% タップ10% → (a)OK ②改NG
  run30 対象 設備27% 金61% 討伐1% タップ10% → (a)OK ②改NG
  run31 対象 設備28% 金61% 討伐1% タップ10% → (a)OK ②改NG
  run32 対象 設備28% 金60% 討伐1% タップ11% → (a)OK ②改NG
  run33 対象 設備33% 金62% 討伐2% タップ4% → (a)OK ②改NG
  run34 対象 設備33% 金61% 討伐2% タップ5% → (a)OK ②改NG
  run35 対象 設備34% 金60% 討伐1% タップ4% → (a)OK ②改NG
  run36 対象 設備34% 金61% 討伐1% タップ4% → (a)OK ②改NG
  run37 対象 設備37% 金58% 討伐1% タップ4% → (a)OK ②改NG
  run38 対象 設備37% 金57% 討伐1% タップ4% → (a)OK ②改NG
  run39 対象 設備38% 金58% 討伐1% タップ4% → (a)OK ②改NG
  run40 対象 設備37% 金58% 討伐1% タップ4% → (a)OK ②改NG
  run41 対象 設備40% 金55% 討伐1% タップ4% → (a)OK ②改NG
  run42 対象 設備35% 金58% 討伐2% タップ5% → (a)OK ②改NG
  run43 対象 設備37% 金58% 討伐1% タップ4% → (a)OK ②改NG
  run44 対象 設備38% 金56% 討伐1% タップ4% → (a)OK ②改NG
  run45 対象 設備40% 金55% 討伐1% タップ4% → (a)OK ②改NG
  run46 対象 設備19% 金48% 討伐27% タップ6% → (a)OK ②改OK
  run47 対象 設備22% 金43% 討伐30% タップ5% → (a)OK ②改OK
