=== override={"tapDirect":{"clickBonus":3.5}} (100h) ===
click(S2) ㉘(a) 27/49 ②改 46/49 | 前半中央値 設34 金23 討12 打33 | 後半中央値 設30 金13 討31 打26
  run 0 対象 設12% 金48% 討9% 打31% (a)OK ②改OK
  run 1 対象 設11% 金50% 討12% 打27% (a)NG ②改OK
  run 2 対象 設5% 金13% 討23% 打59% (a)OK ②改NG
  run 3 対象 設7% 金29% 討18% 打46% (a)OK ②改OK
  run 4 対象 設15% 金34% 討18% 打33% (a)OK ②改OK
  run 5 対象 設21% 金28% 討18% 打33% (a)OK ②改OK
  run 6 対象 設31% 金24% 討17% 打28% (a)NG ②改OK
  run 7 対象 設36% 金23% 討15% 打27% (a)NG ②改OK
  run 8 対象 設39% 金21% 討14% 打26% (a)NG ②改OK
  run 9 対象 設33% 金29% 討12% 打26% (a)NG ②改OK
  run10 対象 設34% 金27% 討11% 打27% (a)NG ②改OK
  run11 対象 設36% 金25% 討11% 打28% (a)NG ②改OK
  run12 対象 設36% 金24% 討10% 打30% (a)OK ②改OK
  run13 対象 設35% 金23% 討9% 打32% (a)OK ②改OK
  run14 対象 設35% 金23% 討8% 打34% (a)OK ②改OK
  run15 対象 設38% 金21% 討10% 打30% (a)OK ②改OK
  run16 対象 設38% 金21% 討8% 打33% (a)OK ②改OK
  run17 対象 設37% 金21% 討9% 打33% (a)OK ②改OK
  run18 対象 設36% 金18% 討9% 打36% (a)OK ②改OK
  run19 対象 設34% 金20% 討7% 打39% (a)OK ②改OK
  run20 対象 設35% 金21% 討8% 打37% (a)OK ②改OK
  run21 対象 設31% 金17% 討14% 打38% (a)OK ②改OK
  run22 対象 設34% 金15% 討15% 打36% (a)OK ②改OK
  run23 対象 設32% 金13% 討18% 打37% (a)OK ②改OK
  run24 対象 設29% 金12% 討19% 打41% (a)OK ②改OK
  run25 対象 設27% 金11% 討18% 打44% (a)OK ②改OK
  run26 対象 設23% 金15% 討16% 打46% (a)OK ②改OK
  run27 対象 設22% 金14% 討15% 打49% (a)OK ②改OK
  run28 対象 設22% 金14% 討15% 打49% (a)OK ②改OK
  run29 対象 設22% 金11% 討16% 打51% (a)OK ②改NG
  run30 対象 設21% 金11% 討17% 打50% (a)OK ②改OK
  run31 対象 設21% 金11% 討18% 打50% (a)OK ②改OK
  run32 対象 設21% 金9% 討18% 打52% (a)OK ②改NG
  run33 対象 設25% 金14% 討18% 打43% (a)OK ②改OK
  run34 対象 設34% 金15% 討34% 打17% (a)NG ②改OK
  run35 対象 設30% 金13% 討30% 打27% (a)NG ②改OK
  run36 対象 設29% 金11% 討32% 打28% (a)NG ②改OK
  run37 対象 設33% 金16% 討31% 打20% (a)NG ②改OK
  run38 対象 設31% 金14% 討31% 打23% (a)NG ②改OK
  run39 対象 設30% 金13% 討31% 打26% (a)NG ②改OK
  run40 対象 設31% 金14% 討31% 打25% (a)NG ②改OK
  run41 対象 設33% 金14% 討31% 打21% (a)NG ②改OK
  run42 対象 設36% 金16% 討32% 打16% (a)NG ②改OK
  run43 対象 設35% 金14% 討32% 打20% (a)NG ②改OK
  run44 対象 設33% 金14% 討31% 打22% (a)NG ②改OK
  run45 対象 設36% 金12% 討33% 打18% (a)NG ②改OK
  run46 対象 設35% 金12% 討33% 打20% (a)NG ②改OK
  run47 対象 設33% 金13% 討32% 打23% (a)NG ②改OK
  run48 対象 設32% 金10% 討33% 打25% (a)NG ②改OK
balanced(S6) ㉘(a) 29/49 ②改 0/0 | 前半中央値 設19 金48 討13 打15 | 後半中央値 設20 金30 討40 打6
  run 0 対象 設15% 金57% 討9% 打19% (a)NG ②改OK
  run 1 対象 設13% 金51% 討13% 打23% (a)OK ②改OK
  run 2 対象 設11% 金25% 討20% 打44% (a)OK ②改OK
  run 3 対象 設8% 金44% 討15% 打33% (a)NG ②改OK
  run 4 対象 設8% 金51% 討15% 打25% (a)NG ②改OK
  run 5 対象 設8% 金48% 討17% 打27% (a)NG ②改OK
  run 6 対象 設15% 金41% 討17% 打27% (a)OK ②改OK
  run 7 対象 設16% 金49% 討15% 打21% (a)OK ②改OK
  run 8 対象 設16% 金45% 討15% 打23% (a)OK ②改OK
  run 9 対象 設16% 金54% 討12% 打18% (a)OK ②改OK
  run10 対象 設17% 金55% 討11% 打16% (a)OK ②改OK
  run11 対象 設17% 金55% 討12% 打15% (a)OK ②改OK
  run12 対象 設22% 金54% 討11% 打13% (a)OK ②改OK
  run13 対象 設22% 金52% 討11% 打14% (a)OK ②改OK
  run14 対象 設24% 金50% 討12% 打14% (a)OK ②改OK
  run15 対象 設24% 金49% 討12% 打14% (a)OK ②改OK
  run16 対象 設26% 金46% 討13% 打15% (a)OK ②改OK
  run17 対象 設26% 金47% 討12% 打14% (a)OK ②改OK
  run18 対象 設27% 金45% 討13% 打15% (a)OK ②改OK
  run19 対象 設28% 金48% 討9% 打14% (a)NG ②改OK
  run20 対象 設27% 金47% 討11% 打14% (a)OK ②改OK
  run21 対象 設23% 金40% 討26% 打12% (a)OK ②改OK
  run22 対象 設23% 金38% 討27% 打12% (a)OK ②改OK
  run23 対象 設21% 金32% 討35% 打12% (a)OK ②改OK
  run24 対象 設20% 金28% 討40% 打12% (a)OK ②改OK
  run25 対象 設20% 金27% 討40% 打12% (a)OK ②改OK
  run26 対象 設20% 金30% 討39% 打11% (a)OK ②改OK
  run27 対象 設19% 金28% 討41% 打12% (a)OK ②改OK
  run28 対象 設19% 金27% 討41% 打12% (a)OK ②改OK
  run29 対象 設20% 金33% 討36% 打11% (a)OK ②改OK
  run30 対象 設19% 金32% 討38% 打11% (a)OK ②改OK
  run31 対象 設20% 金32% 討37% 打11% (a)OK ②改OK
  run32 対象 設19% 金31% 討39% 打11% (a)OK ②改OK
  run33 対象 設19% 金30% 討39% 打12% (a)OK ②改OK
  run34 対象 設21% 金30% 討45% 打3% (a)NG ②改OK
  run35 対象 設22% 金38% 討34% 打6% (a)NG ②改OK
  run36 対象 設22% 金36% 討37% 打6% (a)NG ②改OK
  run37 対象 設23% 金37% 討33% 打6% (a)NG ②改OK
  run38 対象 設21% 金34% 討39% 打6% (a)NG ②改OK
  run39 対象 設21% 金38% 討36% 打4% (a)NG ②改OK
  run40 対象 設22% 金35% 討38% 打6% (a)NG ②改OK
  run41 対象 設22% 金32% 討40% 打5% (a)NG ②改OK
  run42 対象 設22% 金23% 討49% 打5% (a)NG ②改OK
  run43 対象 設20% 金30% 討45% 打5% (a)NG ②改OK
  run44 対象 設20% 金30% 討44% 打6% (a)NG ②改OK
  run45 対象 設19% 金30% 討45% 打6% (a)NG ②改OK
  run46 対象 設23% 金23% 討49% 打5% (a)NG ②改OK
  run47 対象 設19% 金29% 討45% 打7% (a)NG ②改OK
  run48 対象 設17% 金28% 討46% 打8% (a)NG ②改OK
合計(㉘(a) click+balanced): 56/98 ②改 46/49
