=== override={} (100h) ===
balanced(S6) ㉘(a) 27/48 ②改 0/0 | 前半中央値 設15 金48 討11 打25 | 後半中央値 設19 金27 討35 打10
  run 0 対象 設13% 金66% 討9% 打12% (a)NG ②改OK
  run 1 対象 設18% 金56% 討11% 打14% (a)OK ②改OK
  run 2 対象 設9% 金42% 討15% 打34% (a)NG ②改OK
  run 3 対象 設7% 金57% 討11% 打25% (a)NG ②改OK
  run 4 対象 設6% 金66% 討8% 打19% (a)NG ②改OK
  run 5 対象 設6% 金65% 討11% 打17% (a)NG ②改OK
  run 6 対象 設11% 金58% 討13% 打19% (a)OK ②改OK
  run 7 対象 設13% 金54% 討12% 打21% (a)OK ②改OK
  run 8 対象 設13% 金58% 討10% 打19% (a)NG ②改OK
  run 9 対象 設14% 金57% 討10% 打19% (a)NG ②改OK
  run10 対象 設16% 金51% 討11% 打22% (a)OK ②改OK
  run11 対象 設15% 金53% 討11% 打21% (a)OK ②改OK
  run12 対象 設16% 金49% 討12% 打23% (a)OK ②改OK
  run13 対象 設17% 金46% 討11% 打26% (a)OK ②改OK
  run14 対象 設18% 金44% 討12% 打27% (a)OK ②改OK
  run15 対象 設18% 金40% 討12% 打30% (a)OK ②改OK
  run16 対象 設18% 金39% 討11% 打32% (a)OK ②改OK
  run17 対象 設18% 金36% 討11% 打34% (a)OK ②改OK
  run18 対象 設18% 金39% 討10% 打34% (a)NG ②改OK
  run19 対象 設18% 金38% 討10% 打35% (a)NG ②改OK
  run20 対象 設16% 金32% 討20% 打33% (a)OK ②改OK
  run21 対象 設16% 金28% 討22% 打34% (a)OK ②改OK
  run22 対象 設15% 金24% 討25% 打36% (a)OK ②改OK
  run23 対象 設15% 金24% 討25% 打37% (a)OK ②改OK
  run24 対象 設14% 金21% 討27% 打39% (a)OK ②改OK
  run25 対象 設13% 金23% 討25% 打39% (a)OK ②改OK
  run26 対象 設13% 金21% 討26% 打41% (a)OK ②改OK
  run27 対象 設12% 金21% 討26% 打41% (a)OK ②改OK
  run28 対象 設13% 金26% 討23% 打38% (a)OK ②改OK
  run29 対象 設13% 金25% 討24% 打38% (a)OK ②改OK
  run30 対象 設13% 金24% 討25% 打38% (a)OK ②改OK
  run31 対象 設13% 金24% 討23% 打40% (a)OK ②改OK
  run32 対象 設13% 金23% 討24% 打40% (a)OK ②改OK
  run33 対象 設21% 金37% 討33% 打9% (a)NG ②改OK
  run34 対象 設21% 金35% 討34% 打10% (a)NG ②改OK
  run35 対象 設21% 金34% 討36% 打9% (a)NG ②改OK
  run36 対象 設23% 金36% 討32% 打9% (a)NG ②改OK
  run37 対象 設21% 金34% 討37% 打9% (a)NG ②改OK
  run38 対象 設21% 金33% 討37% 打10% (a)NG ②改OK
  run39 対象 設20% 金34% 討36% 打10% (a)NG ②改OK
  run40 対象 設21% 金32% 討38% 打9% (a)NG ②改OK
  run41 対象 設20% 金29% 討40% 打11% (a)OK ②改OK
  run42 対象 設19% 金26% 討46% 打8% (a)NG ②改OK
  run43 対象 設19% 金29% 討44% 打7% (a)NG ②改OK
  run44 対象 設19% 金27% 討45% 打9% (a)NG ②改OK
  run45 対象 設20% 金27% 討43% 打9% (a)NG ②改OK
  run46 対象 設17% 金27% 討43% 打13% (a)OK ②改OK
  run47 対象 設19% 金25% 討45% 打11% (a)OK ②改OK
click(S2) ㉘(a) 24/48 ②改 47/48 | 前半中央値 設28 金26 討10 打35 | 後半中央値 設33 金16 討33 打17
  run 0 対象 設8% 金65% 討9% 打18% (a)NG ②改OK
  run 1 対象 設13% 金58% 討9% 打20% (a)NG ②改OK
  run 2 対象 設4% 金37% 討16% 打43% (a)OK ②改OK
  run 3 対象 設9% 金42% 討14% 打35% (a)OK ②改OK
  run 4 対象 設11% 金53% 討10% 打26% (a)NG ②改OK
  run 5 対象 設14% 金52% 討12% 打22% (a)NG ②改OK
  run 6 対象 設25% 金42% 討12% 打21% (a)NG ②改OK
  run 7 対象 設28% 金35% 討11% 打26% (a)NG ②改OK
  run 8 対象 設28% 金36% 討10% 打26% (a)NG ②改OK
  run 9 対象 設30% 金32% 討10% 打28% (a)NG ②改OK
  run10 対象 設32% 金31% 討9% 打28% (a)NG ②改OK
  run11 対象 設33% 金27% 討9% 打31% (a)OK ②改OK
  run12 対象 設34% 金25% 討10% 打31% (a)OK ②改OK
  run13 対象 設32% 金24% 討9% 打35% (a)OK ②改OK
  run14 対象 設33% 金23% 討9% 打35% (a)OK ②改OK
  run15 対象 設35% 金21% 討9% 打36% (a)OK ②改OK
  run16 対象 設32% 金22% 討9% 打37% (a)OK ②改OK
  run17 対象 設31% 金19% 討8% 打41% (a)OK ②改OK
  run18 対象 設30% 金21% 討8% 打41% (a)OK ②改OK
  run19 対象 設31% 金21% 討8% 打41% (a)OK ②改OK
  run20 対象 設27% 金18% 討13% 打42% (a)OK ②改OK
  run21 対象 設29% 金16% 討15% 打40% (a)OK ②改OK
  run22 対象 設28% 金14% 討17% 打41% (a)OK ②改OK
  run23 対象 設26% 金14% 討17% 打43% (a)OK ②改OK
  run24 対象 設23% 金13% 討18% 打46% (a)OK ②改OK
  run25 対象 設21% 金16% 討16% 打47% (a)OK ②改OK
  run26 対象 設20% 金14% 討16% 打49% (a)OK ②改OK
  run27 対象 設20% 金14% 討16% 打50% (a)OK ②改OK
  run28 対象 設20% 金12% 討17% 打50% (a)OK ②改OK
  run29 対象 設20% 金12% 討19% 打49% (a)OK ②改OK
  run30 対象 設20% 金11% 討19% 打50% (a)OK ②改OK
  run31 対象 設19% 金12% 討17% 打52% (a)OK ②改NG
  run32 対象 設22% 金14% 討17% 打47% (a)OK ②改OK
  run33 対象 設33% 金16% 討35% 打16% (a)NG ②改OK
  run34 対象 設32% 金16% 討33% 打18% (a)NG ②改OK
  run35 対象 設34% 金17% 討35% 打14% (a)NG ②改OK
  run36 対象 設32% 金16% 討34% 打19% (a)NG ②改OK
  run37 対象 設33% 金18% 討33% 打16% (a)NG ②改OK
  run38 対象 設34% 金18% 討33% 打14% (a)NG ②改OK
  run39 対象 設33% 金17% 討34% 打17% (a)NG ②改OK
  run40 対象 設36% 金19% 討33% 打13% (a)NG ②改OK
  run41 対象 設37% 金19% 討32% 打11% (a)NG ②改OK
  run42 対象 設35% 金17% 討33% 打14% (a)NG ②改OK
  run43 対象 設37% 金19% 討33% 打12% (a)NG ②改OK
  run44 対象 設36% 金13% 討36% 打14% (a)NG ②改OK
  run45 対象 設37% 金15% 討37% 打12% (a)NG ②改OK
  run46 対象 設34% 金16% 討36% 打15% (a)NG ②改OK
  run47 対象 設37% 金14% 討37% 打12% (a)NG ②改OK
合計(㉘(a) balanced+click): 51/96 ②改 47/48
