=== override={"golden":{"clickInstantCoef":20}} (100h) ===
balanced(S6) ㉘(a) 14/48 ②改 0/0 | 前半中央値 設14 金55 討7 打23 | 後半中央値 設20 金32 討36 打4
  run 0 対象 設11% 金60% 討10% 打18% (a)NG ②改OK
  run 1 対象 設18% 金55% 討10% 打16% (a)OK ②改OK
  run 2 対象 設10% 金39% 討16% 打35% (a)NG ②改OK
  run 3 対象 設7% 金59% 討11% 打24% (a)NG ②改OK
  run 4 対象 設6% 金70% 討7% 打16% (a)NG ②改OK
  run 5 対象 設6% 金73% 討9% 打13% (a)NG ②改OK
  run 6 対象 設10% 金67% 討9% 打14% (a)NG ②改OK
  run 7 対象 設12% 金63% 討9% 打16% (a)NG ②改OK
  run 8 対象 設13% 金66% 討7% 打15% (a)NG ②改OK
  run 9 対象 設14% 金65% 討6% 打15% (a)NG ②改OK
  run10 対象 設14% 金63% 討7% 打16% (a)NG ②改OK
  run11 対象 設15% 金61% 討7% 打17% (a)NG ②改OK
  run12 対象 設15% 金61% 討7% 打18% (a)NG ②改OK
  run13 対象 設16% 金54% 討7% 打23% (a)NG ②改OK
  run14 対象 設17% 金51% 討7% 打25% (a)NG ②改OK
  run15 対象 設17% 金49% 討7% 打27% (a)NG ②改OK
  run16 対象 設17% 金47% 討7% 打29% (a)NG ②改OK
  run17 対象 設17% 金44% 討7% 打32% (a)NG ②改OK
  run18 対象 設17% 金45% 討6% 打31% (a)NG ②改OK
  run19 対象 設17% 金44% 討6% 打32% (a)NG ②改OK
  run20 対象 設15% 金37% 討16% 打31% (a)OK ②改OK
  run21 対象 設15% 金34% 討18% 打33% (a)OK ②改OK
  run22 対象 設14% 金29% 討22% 打35% (a)OK ②改OK
  run23 対象 設14% 金28% 討23% 打36% (a)OK ②改OK
  run24 対象 設13% 金24% 討25% 打38% (a)OK ②改OK
  run25 対象 設13% 金24% 討24% 打38% (a)OK ②改OK
  run26 対象 設13% 金22% 討25% 打40% (a)OK ②改OK
  run27 対象 設12% 金22% 討25% 打41% (a)OK ②改OK
  run28 対象 設13% 金27% 討22% 打37% (a)OK ②改OK
  run29 対象 設13% 金26% 討24% 打38% (a)OK ②改OK
  run30 対象 設13% 金26% 討24% 打38% (a)OK ②改OK
  run31 対象 設12% 金25% 討24% 打38% (a)OK ②改OK
  run32 対象 設14% 金36% 討18% 打32% (a)OK ②改OK
  run33 対象 設21% 金42% 討33% 打4% (a)NG ②改OK
  run34 対象 設21% 金41% 討35% 打3% (a)NG ②改OK
  run35 対象 設22% 金39% 討36% 打4% (a)NG ②改OK
  run36 対象 設20% 金39% 討38% 打3% (a)NG ②改OK
  run37 対象 設21% 金38% 討37% 打4% (a)NG ②改OK
  run38 対象 設21% 金38% 討38% 打3% (a)NG ②改OK
  run39 対象 設21% 金39% 討36% 打3% (a)NG ②改OK
  run40 対象 設22% 金35% 討40% 打3% (a)NG ②改OK
  run41 対象 設19% 金32% 討45% 打4% (a)NG ②改OK
  run42 対象 設20% 金31% 討45% 打4% (a)NG ②改OK
  run43 対象 設20% 金33% 討44% 打4% (a)NG ②改OK
  run44 対象 設20% 金31% 討45% 打4% (a)NG ②改OK
  run45 対象 設21% 金31% 討43% 打5% (a)NG ②改OK
  run46 対象 設19% 金32% 討45% 打4% (a)NG ②改OK
  run47 対象 設20% 金32% 討44% 打5% (a)NG ②改OK
click(S2) ㉘(a) 22/48 ②改 48/48 | 前半中央値 設25 金36 討7 打34 | 後半中央値 設36 金20 討33 打8
  run 0 対象 設7% 金59% 討11% 打24% (a)NG ②改OK
  run 1 対象 設12% 金55% 討10% 打23% (a)NG ②改OK
  run 2 対象 設4% 金34% 討17% 打45% (a)OK ②改OK
  run 3 対象 設8% 金45% 討13% 打34% (a)OK ②改OK
  run 4 対象 設10% 金59% 討9% 打23% (a)NG ②改OK
  run 5 対象 設13% 金59% 討10% 打18% (a)NG ②改OK
  run 6 対象 設22% 金53% 討10% 打16% (a)NG ②改OK
  run 7 対象 設26% 金45% 討8% 打22% (a)NG ②改OK
  run 8 対象 設25% 金47% 討7% 打22% (a)NG ②改OK
  run 9 対象 設25% 金44% 討7% 打24% (a)NG ②改OK
  run10 対象 設28% 金41% 討6% 打25% (a)NG ②改OK
  run11 対象 設27% 金37% 討6% 打30% (a)NG ②改OK
  run12 対象 設28% 金37% 討7% 打28% (a)NG ②改OK
  run13 対象 設27% 金33% 討6% 打34% (a)OK ②改OK
  run14 対象 設28% 金32% 討6% 打34% (a)OK ②改OK
  run15 対象 設29% 金29% 討6% 打36% (a)OK ②改OK
  run16 対象 設28% 金29% 討6% 打37% (a)OK ②改OK
  run17 対象 設27% 金26% 討5% 打41% (a)OK ②改OK
  run18 対象 設26% 金27% 討5% 打42% (a)OK ②改OK
  run19 対象 設27% 金28% 討5% 打41% (a)OK ②改OK
  run20 対象 設24% 金24% 討11% 打41% (a)OK ②改OK
  run21 対象 設25% 金21% 討13% 打40% (a)OK ②改OK
  run22 対象 設24% 金19% 討15% 打41% (a)OK ②改OK
  run23 対象 設23% 金19% 討15% 打43% (a)OK ②改OK
  run24 対象 設22% 金16% 討16% 打46% (a)OK ②改OK
  run25 対象 設21% 金18% 討15% 打46% (a)OK ②改OK
  run26 対象 設20% 金16% 討15% 打48% (a)OK ②改OK
  run27 対象 設20% 金16% 討16% 打49% (a)OK ②改OK
  run28 対象 設19% 金15% 討16% 打50% (a)OK ②改OK
  run29 対象 設19% 金15% 討17% 打49% (a)OK ②改OK
  run30 対象 設19% 金14% 討17% 打49% (a)OK ②改OK
  run31 対象 設19% 金14% 討16% 打51% (a)OK ②改OK
  run32 対象 設21% 金17% 討17% 打44% (a)OK ②改OK
  run33 対象 設36% 金20% 討35% 打9% (a)NG ②改OK
  run34 対象 設36% 金24% 討34% 打7% (a)NG ②改OK
  run35 対象 設35% 金21% 討35% 打9% (a)NG ②改OK
  run36 対象 設35% 金23% 討35% 打7% (a)NG ②改OK
  run37 対象 設36% 金24% 討33% 打7% (a)NG ②改OK
  run38 対象 設36% 金24% 討33% 打7% (a)NG ②改OK
  run39 対象 設36% 金24% 討33% 打7% (a)NG ②改OK
  run40 対象 設37% 金24% 討33% 打6% (a)NG ②改OK
  run41 対象 設37% 金24% 討32% 打7% (a)NG ②改OK
  run42 対象 設38% 金23% 討33% 打6% (a)NG ②改OK
  run43 対象 設38% 金23% 討33% 打6% (a)NG ②改OK
  run44 対象 設38% 金19% 討36% 打6% (a)NG ②改OK
  run45 対象 設36% 金22% 討34% 打8% (a)NG ②改OK
  run46 対象 設38% 金18% 討37% 打7% (a)NG ②改OK
  run47 対象 設36% 金20% 討36% 打8% (a)NG ②改OK
合計(㉘(a) balanced+click): 36/96 ②改 48/48
