=== ㉘稼ぎ口比率(100h・周回シェア=各tickシェアの周回平均) ===
balanced(S6 早回し転生型) 4つすべて≥10%: 36/48周回 合格
  run 0 対象 設備13% 金68% 討伐7% タップ12% → (a)NG
  run 1 対象 設備16% 金59% 討伐9% タップ16% → (a)NG
  run 2 対象 設備10% 金34% 討伐16% タップ40% → (a)OK
  run 3 対象 設備9% 金46% 討伐13% タップ33% → (a)NG
  run 4 対象 設備8% 金53% 討伐11% タップ28% → (a)NG
  run 5 対象 設備7% 金58% 討伐13% タップ23% → (a)NG
  run 6 対象 設備14% 金48% 討伐14% タップ25% → (a)OK
  run 7 対象 設備14% 金46% 討伐13% タップ26% → (a)OK
  run 8 対象 設備14% 金52% 討伐10% タップ23% → (a)OK
  run 9 対象 設備14% 金53% 討伐10% タップ23% → (a)NG
  run10 対象 設備16% 金49% 討伐11% タップ25% → (a)OK
  run11 対象 設備15% 金49% 討伐11% タップ25% → (a)OK
  run12 対象 設備15% 金48% 討伐11% タップ25% → (a)OK
  run13 対象 設備17% 金44% 討伐9% タップ30% → (a)NG
  run14 対象 設備17% 金43% 討伐9% タップ31% → (a)NG
  run15 対象 設備17% 金39% 討伐10% タップ34% → (a)OK
  run16 対象 設備17% 金37% 討伐10% タップ36% → (a)OK
  run17 対象 設備17% 金34% 討伐9% タップ39% → (a)NG
  run18 対象 設備17% 金37% 討伐8% タップ39% → (a)NG
  run19 対象 設備17% 金36% 討伐8% タップ39% → (a)NG
  run20 対象 設備15% 金30% 討伐16% タップ39% → (a)OK
  run21 対象 設備15% 金27% 討伐17% タップ41% → (a)OK
  run22 対象 設備15% 金23% 討伐20% タップ42% → (a)OK
  run23 対象 設備14% 金22% 討伐20% タップ44% → (a)OK
  run24 対象 設備13% 金19% 討伐22% タップ46% → (a)OK
  run25 対象 設備12% 金22% 討伐19% タップ46% → (a)OK
  run26 対象 設備12% 金20% 討伐20% タップ48% → (a)OK
  run27 対象 設備12% 金20% 討伐20% タップ49% → (a)OK
  run28 対象 設備12% 金24% 討伐19% タップ45% → (a)OK
  run29 対象 設備12% 金23% 討伐19% タップ45% → (a)OK
  run30 対象 設備12% 金23% 討伐19% タップ46% → (a)OK
  run31 対象 設備12% 金22% 討伐17% タップ48% → (a)OK
  run32 対象 設備12% 金22% 討伐19% タップ47% → (a)OK
  run33 対象 設備21% 金36% 討伐31% タップ12% → (a)OK
  run34 対象 設備22% 金35% 討伐32% タップ12% → (a)OK
  run35 対象 設備22% 金33% 討伐34% タップ11% → (a)OK
  run36 対象 設備23% 金33% 討伐30% タップ13% → (a)OK
  run37 対象 設備21% 金33% 討伐35% タップ11% → (a)OK
  run38 対象 設備21% 金33% 討伐35% タップ11% → (a)OK
  run39 対象 設備21% 金33% 討伐33% タップ12% → (a)OK
  run40 対象 設備22% 金31% 討伐36% タップ11% → (a)OK
  run41 対象 設備23% 金22% 討伐46% タップ9% → (a)NG
  run42 対象 設備19% 金26% 討伐41% タップ14% → (a)OK
  run43 対象 設備20% 金28% 討伐41% タップ10% → (a)OK
  run44 対象 設備20% 金26% 討伐42% タップ11% → (a)OK
  run45 対象 設備21% 金26% 討伐40% タップ13% → (a)OK
  run46 対象 設備19% 金25% 討伐41% タップ15% → (a)OK
  run47 対象 設備20% 金26% 討伐42% タップ12% → (a)OK
click(S2 クリック会心型) 主役=タップ≥25%: 43/48周回 合格
  run 0 対象 設備7% 金68% 討伐7% タップ17% → (a)NG
  run 1 対象 設備13% 金55% 討伐9% タップ23% → (a)NG
  run 2 対象 設備4% 金28% 討伐17% タップ50% → (a)OK
  run 3 対象 設備11% 金30% 討伐15% タップ44% → (a)OK
  run 4 対象 設備14% 金39% 討伐12% タップ35% → (a)OK
  run 5 対象 設備18% 金40% 討伐13% タップ28% → (a)OK
  run 6 対象 設備32% 金27% 討伐14% タップ27% → (a)OK
  run 7 対象 設備35% 金26% 討伐12% タップ28% → (a)OK
  run 8 対象 設備32% 金29% 討伐9% タップ30% → (a)OK
  run 9 対象 設備31% 金29% 討伐9% タップ31% → (a)OK
  run10 対象 設備35% 金27% 討伐8% タップ30% → (a)OK
  run11 対象 設備34% 金25% 討伐8% タップ33% → (a)OK
  run12 対象 設備35% 金25% 討伐8% タップ33% → (a)OK
  run13 対象 設備33% 金23% 討伐7% タップ37% → (a)OK
  run14 対象 設備33% 金23% 討伐7% タップ37% → (a)OK
  run15 対象 設備34% 金20% 討伐7% タップ39% → (a)OK
  run16 対象 設備33% 金20% 討伐7% タップ40% → (a)OK
  run17 対象 設備31% 金19% 討伐6% タップ43% → (a)OK
  run18 対象 設備29% 金20% 討伐5% タップ45% → (a)OK
  run19 対象 設備30% 金21% 討伐6% タップ44% → (a)OK
  run20 対象 設備27% 金18% 討伐8% タップ47% → (a)OK
  run21 対象 設備30% 金15% 討伐10% タップ45% → (a)OK
  run22 対象 設備28% 金14% 討伐9% タップ48% → (a)OK
  run23 対象 設備26% 金14% 討伐9% タップ51% → (a)OK
  run24 対象 設備24% 金12% 討伐10% タップ54% → (a)OK
  run25 対象 設備22% 金16% 討伐8% タップ55% → (a)OK
  run26 対象 設備21% 金14% 討伐8% タップ57% → (a)OK
  run27 対象 設備21% 金14% 討伐8% タップ57% → (a)OK
  run28 対象 設備21% 金12% 討伐9% タップ58% → (a)OK
  run29 対象 設備20% 金12% 討伐10% タップ58% → (a)OK
  run30 対象 設備21% 金12% 討伐9% タップ58% → (a)OK
  run31 対象 設備20% 金12% 討伐8% タップ60% → (a)OK
  run32 対象 設備23% 金15% 討伐10% タップ53% → (a)OK
  run33 対象 設備40% 金16% 討伐21% タップ23% → (a)NG
  run34 対象 設備34% 金14% 討伐19% タップ34% → (a)OK
  run35 対象 設備37% 金15% 討伐19% タップ28% → (a)OK
  run36 対象 設備37% 金15% 討伐19% タップ29% → (a)OK
  run37 対象 設備35% 金14% 討伐19% タップ32% → (a)OK
  run38 対象 設備38% 金17% 討伐19% タップ25% → (a)OK
  run39 対象 設備35% 金14% 討伐19% タップ31% → (a)OK
  run40 対象 設備39% 金15% 討伐19% タップ26% → (a)OK
  run41 対象 設備40% 金17% 討伐19% タップ25% → (a)NG
  run42 対象 設備40% 金15% 討伐20% タップ26% → (a)OK
  run43 対象 設備40% 金16% 討伐19% タップ25% → (a)OK
  run44 対象 設備41% 金13% 討伐20% タップ27% → (a)OK
  run45 対象 設備40% 金12% 討伐20% タップ27% → (a)OK
  run46 対象 設備39% 金15% 討伐20% タップ26% → (a)OK
  run47 対象 設備44% 金14% 討伐20% タップ22% → (a)NG
golden(S3 金クッキー特化型) 主役=金クッキー≥25%: 44/44周回 合格
  run 0 対象外 設備14% 金58% 討伐12% タップ17%
  run 1 対象外 設備12% 金58% 討伐12% タップ18%
  run 2 対象外 設備12% 金39% 討伐17% タップ32%
  run 3 対象外 設備9% 金54% 討伐13% タップ24%
  run 4 対象 設備7% 金63% 討伐12% タップ17% → (a)OK
  run 5 対象 設備10% 金56% 討伐15% タップ20% → (a)OK
  run 6 対象 設備11% 金56% 討伐14% タップ19% → (a)OK
  run 7 対象 設備10% 金51% 討伐19% タップ20% → (a)OK
  run 8 対象 設備11% 金57% 討伐17% タップ14% → (a)OK
  run 9 対象 設備12% 金56% 討伐20% タップ13% → (a)OK
  run10 対象 設備13% 金54% 討伐19% タップ14% → (a)OK
  run11 対象 設備14% 金54% 討伐19% タップ13% → (a)OK
  run12 対象 設備14% 金52% 討伐20% タップ14% → (a)OK
  run13 対象 設備17% 金51% 討伐20% タップ12% → (a)OK
  run14 対象 設備17% 金50% 討伐21% タップ11% → (a)OK
  run15 対象 設備20% 金48% 討伐21% タップ11% → (a)OK
  run16 対象 設備19% 金49% 討伐22% タップ11% → (a)OK
  run17 対象 設備20% 金47% 討伐22% タップ10% → (a)OK
  run18 対象 設備20% 金49% 討伐21% タップ10% → (a)OK
  run19 対象 設備20% 金51% 討伐20% タップ9% → (a)OK
  run20 対象 設備17% 金44% 討伐31% タップ8% → (a)OK
  run21 対象 設備17% 金39% 討伐36% タップ7% → (a)OK
  run22 対象 設備17% 金33% 討伐43% タップ7% → (a)OK
  run23 対象 設備15% 金30% 討伐48% タップ7% → (a)OK
  run24 対象 設備14% 金27% 討伐53% タップ6% → (a)OK
  run25 対象 設備13% 金30% 討伐54% タップ4% → (a)OK
  run26 対象 設備12% 金28% 討伐56% タップ4% → (a)OK
  run27 対象 設備30% 金60% 討伐1% タップ8% → (a)OK
  run28 対象 設備31% 金60% 討伐1% タップ8% → (a)OK
  run29 対象 設備31% 金60% 討伐1% タップ8% → (a)OK
  run30 対象 設備31% 金59% 討伐1% タップ9% → (a)OK
  run31 対象 設備31% 金60% 討伐1% タップ9% → (a)OK
  run32 対象 設備32% 金59% 討伐1% タップ9% → (a)OK
  run33 対象 設備36% 金60% 討伐1% タップ3% → (a)OK
  run34 対象 設備37% 金59% 討伐1% タップ3% → (a)OK
  run35 対象 設備38% 金58% 討伐1% タップ3% → (a)OK
  run36 対象 設備39% 金57% 討伐1% タップ3% → (a)OK
  run37 対象 設備39% 金57% 討伐1% タップ3% → (a)OK
  run38 対象 設備39% 金57% 討伐1% タップ3% → (a)OK
  run39 対象 設備40% 金57% 討伐1% タップ3% → (a)OK
  run40 対象 設備41% 金56% 討伐1% タップ3% → (a)OK
  run41 対象 設備42% 金54% 討伐1% タップ3% → (a)OK
  run42 対象 設備41% 金56% 討伐1% タップ3% → (a)OK
  run43 対象 設備40% 金56% 討伐1% タップ3% → (a)OK
  run44 対象 設備41% 金55% 討伐1% タップ3% → (a)OK
  run45 対象 設備17% 金37% 討伐43% タップ3% → (a)OK
  run46 対象 設備20% 金41% 討伐36% タップ3% → (a)OK
  run47 対象 設備18% 金42% 討伐36% タップ4% → (a)OK
hunt(S4 狩猟特化型) 主役=討伐由来≥25%: 43/43周回 合格
  run 0 対象外 設備21% 金68% 討伐5% タップ6%
  run 1 対象外 設備2% 金47% 討伐28% タップ23%
  run 2 対象外 設備5% 金43% 討伐34% タップ19%
  run 3 対象外 設備4% 金56% 討伐25% タップ15%
  run 4 対象外 設備4% 金63% 討伐23% タップ10%
  run 5 対象 設備4% 金52% 討伐34% タップ10% → (a)OK
  run 6 対象 設備6% 金51% 討伐35% タップ8% → (a)OK
  run 7 対象 設備7% 金45% 討伐41% タップ8% → (a)OK
  run 8 対象 設備8% 金48% 討伐38% タップ6% → (a)OK
  run 9 対象 設備10% 金47% 討伐38% タップ5% → (a)OK
  run10 対象 設備10% 金45% 討伐39% タップ6% → (a)OK
  run11 対象 設備11% 金44% 討伐39% タップ6% → (a)OK
  run12 対象 設備12% 金43% 討伐39% タップ6% → (a)OK
  run13 対象 設備14% 金41% 討伐39% タップ6% → (a)OK
  run14 対象 設備15% 金41% 討伐38% タップ6% → (a)OK
  run15 対象 設備16% 金40% 討伐38% タップ6% → (a)OK
  run16 対象 設備18% 金42% 討伐32% タップ8% → (a)OK
  run17 対象 設備18% 金37% 討伐38% タップ7% → (a)OK
  run18 対象 設備18% 金38% 討伐37% タップ7% → (a)OK
  run19 対象 設備18% 金39% 討伐36% タップ7% → (a)OK
  run20 対象 設備16% 金41% 討伐35% タップ8% → (a)OK
  run21 対象 設備12% 金28% 討伐55% タップ5% → (a)OK
  run22 対象 設備10% 金23% 討伐62% タップ4% → (a)OK
  run23 対象 設備10% 金21% 討伐65% タップ4% → (a)OK
  run24 対象 設備10% 金23% 討伐62% タップ5% → (a)OK
  run25 対象 設備9% 金19% 討伐69% タップ4% → (a)OK
  run26 対象 設備8% 金16% 討伐72% タップ4% → (a)OK
  run27 対象 設備8% 金13% 討伐75% タップ4% → (a)OK
  run28 対象 設備9% 金16% 討伐70% タップ4% → (a)OK
  run29 対象 設備8% 金12% 討伐76% タップ4% → (a)OK
  run30 対象 設備8% 金12% 討伐76% タップ4% → (a)OK
  run31 対象 設備8% 金12% 討伐76% タップ4% → (a)OK
  run32 対象 設備10% 金18% 討伐68% タップ5% → (a)OK
  run33 対象 設備8% 金12% 討伐78% タップ2% → (a)OK
  run34 対象 設備7% 金12% 討伐79% タップ1% → (a)OK
  run35 対象 設備7% 金11% 討伐79% タップ2% → (a)OK
  run36 対象 設備13% 金30% 討伐52% タップ5% → (a)OK
  run37 対象 設備8% 金16% 討伐73% タップ3% → (a)OK
  run38 対象 設備8% 金19% 討伐70% タップ2% → (a)OK
  run39 対象 設備8% 金19% 討伐71% タップ3% → (a)OK
  run40 対象 設備9% 金15% 討伐61% タップ16% → (a)OK
  run41 対象 設備6% 金8% 討伐78% タップ7% → (a)OK
  run42 対象 設備6% 金8% 討伐81% タップ4% → (a)OK
  run43 対象 設備6% 金8% 討伐81% タップ5% → (a)OK
  run44 対象 設備11% 金21% 討伐62% タップ7% → (a)OK
  run45 対象 設備7% 金9% 討伐80% タップ4% → (a)OK
  run46 対象 設備6% 金9% 討伐81% タップ4% → (a)OK
  run47 対象 設備11% 金37% 討伐33% タップ19% → (a)OK
bake(S1 バランス効率型) 主役=設備生産≥25%: 41/48周回 合格
  run 0 対象 設備13% 金70% 討伐7% タップ10% → (a)NG
  run 1 対象 設備17% 金60% 討伐9% タップ14% → (a)NG
  run 2 対象 設備11% 金39% 討伐15% タップ35% → (a)NG
  run 3 対象 設備9% 金56% 討伐10% タップ25% → (a)NG
  run 4 対象 設備7% 金67% 討伐9% タップ17% → (a)NG
  run 5 対象 設備7% 金60% 討伐13% タップ20% → (a)NG
  run 6 対象 設備22% 金44% 討伐13% タップ21% → (a)NG
  run 7 対象 設備31% 金40% 討伐12% タップ17% → (a)OK
  run 8 対象 設備32% 金46% 討伐10% タップ13% → (a)OK
  run 9 対象 設備36% 金41% 討伐10% タップ13% → (a)OK
  run10 対象 設備36% 金41% 討伐10% タップ13% → (a)OK
  run11 対象 設備39% 金37% 討伐10% タップ13% → (a)OK
  run12 対象 設備40% 金37% 討伐10% タップ13% → (a)OK
  run13 対象 設備45% 金34% 討伐10% タップ11% → (a)OK
  run14 対象 設備46% 金33% 討伐10% タップ11% → (a)OK
  run15 対象 設備48% 金32% 討伐10% タップ11% → (a)OK
  run16 対象 設備49% 金31% 討伐10% タップ10% → (a)OK
  run17 対象 設備50% 金30% 討伐10% タップ10% → (a)OK
  run18 対象 設備51% 金31% 討伐9% タップ9% → (a)OK
  run19 対象 設備50% 金32% 討伐9% タップ9% → (a)OK
  run20 対象 設備44% 金27% 討伐21% タップ8% → (a)OK
  run21 対象 設備43% 金25% 討伐25% タップ7% → (a)OK
  run22 対象 設備42% 金21% 討伐29% タップ7% → (a)OK
  run23 対象 設備41% 金19% 討伐32% タップ7% → (a)OK
  run24 対象 設備40% 金17% 討伐36% タップ7% → (a)OK
  run25 対象 設備39% 金20% 討伐35% タップ6% → (a)OK
  run26 対象 設備38% 金19% 討伐37% タップ6% → (a)OK
  run27 対象 設備42% 金32% 討伐21% タップ6% → (a)OK
  run28 対象 設備44% 金32% 討伐18% タップ6% → (a)OK
  run29 対象 設備42% 金32% 討伐20% タップ6% → (a)OK
  run30 対象 設備43% 金32% 討伐20% タップ6% → (a)OK
  run31 対象 設備39% 金33% 討伐23% タップ5% → (a)OK
  run32 対象 設備40% 金30% 討伐25% タップ6% → (a)OK
  run33 対象 設備40% 金26% 討伐30% タップ4% → (a)OK
  run34 対象 設備39% 金26% 討伐31% タップ4% → (a)OK
  run35 対象 設備39% 金23% 討伐34% タップ4% → (a)OK
  run36 対象 設備39% 金16% 討伐42% タップ3% → (a)OK
  run37 対象 設備39% 金23% 討伐34% タップ5% → (a)OK
  run38 対象 設備38% 金24% 討伐34% タップ4% → (a)OK
  run39 対象 設備38% 金22% 討伐36% タップ4% → (a)OK
  run40 対象 設備39% 金22% 討伐35% タップ4% → (a)OK
  run41 対象 設備37% 金13% 討伐45% タップ5% → (a)OK
  run42 対象 設備35% 金19% 討伐40% タップ6% → (a)OK
  run43 対象 設備36% 金19% 討伐40% タップ6% → (a)OK
  run44 対象 設備36% 金19% 討伐40% タップ4% → (a)OK
  run45 対象 設備36% 金19% 討伐39% タップ5% → (a)OK
  run46 対象 設備34% 金17% 討伐43% タップ6% → (a)OK
  run47 対象 設備35% 金17% 討伐44% タップ5% → (a)OK
㉘合計: 207/231周回
②(改2・方針間: 得意分野liftの中央値が幾何平均1.95の±1.5倍以内) click=1.51 golden=2.22 hunt=2.64 bake=1.64 → OK
