=== override={"golden":{"clickInstantCoef":15}} (100h) ===
balanced(S6) ㉘(a) 17/48 ②改 0/0 | 前半中央値 設15 金52 討8 打24 | 後半中央値 設19 金32 討35 打5
  run 0 対象 設11% 金59% 討10% 打20% (a)OK ②改OK
  run 1 対象 設16% 金57% 討11% 打17% (a)OK ②改OK
  run 2 対象 設10% 金35% 討17% 打38% (a)OK ②改OK
  run 3 対象 設8% 金51% 討13% 打28% (a)NG ②改OK
  run 4 対象 設7% 金65% 討9% 打19% (a)NG ②改OK
  run 5 対象 設6% 金70% 討10% 打15% (a)NG ②改OK
  run 6 対象 設10% 金64% 討10% 打16% (a)OK ②改OK
  run 7 対象 設12% 金61% 討10% 打18% (a)NG ②改OK
  run 8 対象 設13% 金64% 討7% 打16% (a)NG ②改OK
  run 9 対象 設13% 金64% 討7% 打16% (a)NG ②改OK
  run10 対象 設14% 金61% 討7% 打17% (a)NG ②改OK
  run11 対象 設15% 金60% 討8% 打17% (a)NG ②改OK
  run12 対象 設15% 金59% 討8% 打19% (a)NG ②改OK
  run13 対象 設17% 金53% 討7% 打23% (a)NG ②改OK
  run14 対象 設17% 金51% 討8% 打24% (a)NG ②改OK
  run15 対象 設17% 金48% 討8% 打27% (a)NG ②改OK
  run16 対象 設17% 金46% 討8% 打29% (a)NG ②改OK
  run17 対象 設17% 金43% 討8% 打32% (a)NG ②改OK
  run18 対象 設17% 金43% 討7% 打33% (a)NG ②改OK
  run19 対象 設17% 金43% 討7% 打33% (a)NG ②改OK
  run20 対象 設15% 金36% 討17% 打32% (a)OK ②改OK
  run21 対象 設15% 金33% 討19% 打33% (a)OK ②改OK
  run22 対象 設15% 金28% 討22% 打35% (a)OK ②改OK
  run23 対象 設14% 金25% 討24% 打36% (a)OK ②改OK
  run24 対象 設13% 金22% 討26% 打38% (a)OK ②改OK
  run25 対象 設13% 金24% 討24% 打39% (a)OK ②改OK
  run26 対象 設13% 金22% 討25% 打40% (a)OK ②改OK
  run27 対象 設12% 金22% 討25% 打41% (a)OK ②改OK
  run28 対象 設13% 金27% 討22% 打37% (a)OK ②改OK
  run29 対象 設13% 金26% 討24% 打38% (a)OK ②改OK
  run30 対象 設13% 金26% 討24% 打38% (a)OK ②改OK
  run31 対象 設13% 金25% 討22% 打40% (a)OK ②改OK
  run32 対象 設14% 金36% 討18% 打32% (a)OK ②改OK
  run33 対象 設21% 金43% 討32% 打4% (a)NG ②改OK
  run34 対象 設21% 金40% 討34% 打4% (a)NG ②改OK
  run35 対象 設22% 金39% 討35% 打4% (a)NG ②改OK
  run36 対象 設19% 金39% 討38% 打4% (a)NG ②改OK
  run37 対象 設21% 金37% 討37% 打5% (a)NG ②改OK
  run38 対象 設21% 金38% 討37% 打4% (a)NG ②改OK
  run39 対象 設21% 金39% 討35% 打5% (a)NG ②改OK
  run40 対象 設22% 金35% 討39% 打4% (a)NG ②改OK
  run41 対象 設22% 金24% 討49% 打5% (a)NG ②改OK
  run42 対象 設20% 金32% 討43% 打5% (a)NG ②改OK
  run43 対象 設19% 金32% 討44% 打4% (a)NG ②改OK
  run44 対象 設20% 金32% 討43% 打5% (a)NG ②改OK
  run45 対象 設19% 金32% 討45% 打5% (a)NG ②改OK
  run46 対象 設17% 金33% 討43% 打6% (a)NG ②改OK
  run47 対象 設20% 金30% 討46% 打5% (a)NG ②改OK
click(S2) ㉘(a) 23/48 ②改 48/48 | 前半中央値 設26 金33 討9 打34 | 後半中央値 設35 金19 討33 打10
  run 0 対象 設8% 金55% 討12% 打26% (a)NG ②改OK
  run 1 対象 設12% 金54% 討10% 打24% (a)NG ②改OK
  run 2 対象 設4% 金31% 討18% 打47% (a)OK ②改OK
  run 3 対象 設9% 金40% 討14% 打37% (a)OK ②改OK
  run 4 対象 設10% 金55% 討10% 打26% (a)NG ②改OK
  run 5 対象 設13% 金57% 討11% 打19% (a)NG ②改OK
  run 6 対象 設22% 金49% 討11% 打18% (a)NG ②改OK
  run 7 対象 設28% 金41% 討9% 打22% (a)NG ②改OK
  run 8 対象 設26% 金44% 討8% 打22% (a)NG ②改OK
  run 9 対象 設26% 金41% 討7% 打25% (a)NG ②改OK
  run10 対象 設29% 金39% 討7% 打25% (a)NG ②改OK
  run11 対象 設28% 金35% 討7% 打30% (a)OK ②改OK
  run12 対象 設29% 金35% 討7% 打29% (a)NG ②改OK
  run13 対象 設28% 金32% 討6% 打34% (a)OK ②改OK
  run14 対象 設29% 金30% 討6% 打35% (a)OK ②改OK
  run15 対象 設30% 金27% 討7% 打36% (a)OK ②改OK
  run16 対象 設29% 金27% 討6% 打38% (a)OK ②改OK
  run17 対象 設28% 金25% 討6% 打42% (a)OK ②改OK
  run18 対象 設27% 金26% 討5% 打41% (a)OK ②改OK
  run19 対象 設27% 金27% 討5% 打41% (a)OK ②改OK
  run20 対象 設25% 金23% 討11% 打42% (a)OK ②改OK
  run21 対象 設26% 金20% 討13% 打41% (a)OK ②改OK
  run22 対象 設25% 金18% 討15% 打42% (a)OK ②改OK
  run23 対象 設24% 金16% 討16% 打44% (a)OK ②改OK
  run24 対象 設22% 金15% 討17% 打46% (a)OK ②改OK
  run25 対象 設21% 金18% 討16% 打46% (a)OK ②改OK
  run26 対象 設20% 金16% 討15% 打48% (a)OK ②改OK
  run27 対象 設20% 金16% 討16% 打49% (a)OK ②改OK
  run28 対象 設19% 金15% 討16% 打50% (a)OK ②改OK
  run29 対象 設19% 金14% 討17% 打49% (a)OK ②改OK
  run30 対象 設19% 金14% 討17% 打50% (a)OK ②改OK
  run31 対象 設21% 金16% 討16% 打47% (a)OK ②改OK
  run32 対象 設21% 金17% 討18% 打44% (a)OK ②改OK
  run33 対象 設33% 金19% 討35% 打12% (a)NG ②改OK
  run34 対象 設35% 金22% 討33% 打10% (a)NG ②改OK
  run35 対象 設35% 金20% 討35% 打10% (a)NG ②改OK
  run36 対象 設35% 金21% 討34% 打10% (a)NG ②改OK
  run37 対象 設36% 金23% 討33% 打8% (a)NG ②改OK
  run38 対象 設36% 金22% 討33% 打9% (a)NG ②改OK
  run39 対象 設36% 金22% 討34% 打8% (a)NG ②改OK
  run40 対象 設37% 金23% 討33% 打7% (a)NG ②改OK
  run41 対象 設38% 金23% 討32% 打7% (a)NG ②改OK
  run42 対象 設38% 金22% 討33% 打7% (a)NG ②改OK
  run43 対象 設37% 金23% 討32% 打8% (a)NG ②改OK
  run44 対象 設37% 金18% 討36% 打8% (a)NG ②改OK
  run45 対象 設37% 金18% 討37% 打8% (a)NG ②改OK
  run46 対象 設36% 金19% 討36% 打9% (a)NG ②改OK
  run47 対象 設37% 金18% 討37% 打8% (a)NG ②改OK
合計(㉘(a) balanced+click): 40/96 ②改 48/48
