=== override={"golden":{"clickAnchorHalfMul":1.4}} (100h) ===
balanced(S6) ㉘(a) 32/48 ②改 0/0 | 前半中央値 設16 金43 討12 打27 | 後半中央値 設18 金26 討36 打11
  run 0 対象 設13% 金66% 討9% 打12% (a)NG ②改OK
  run 1 対象 設18% 金55% 討11% 打16% (a)OK ②改OK
  run 2 対象 設10% 金33% 討18% 打39% (a)OK ②改OK
  run 3 対象 設9% 金41% 討15% 打34% (a)NG ②改OK
  run 4 対象 設8% 金53% 討12% 打27% (a)NG ②改OK
  run 5 対象 設6% 金57% 討14% 打22% (a)NG ②改OK
  run 6 対象 設13% 金46% 討16% 打24% (a)OK ②改OK
  run 7 対象 設15% 金44% 討15% 打25% (a)OK ②改OK
  run 8 対象 設14% 金53% 討12% 打21% (a)OK ②改OK
  run 9 対象 設15% 金53% 討11% 打21% (a)OK ②改OK
  run10 対象 設16% 金49% 討12% 打23% (a)OK ②改OK
  run11 対象 設15% 金51% 討12% 打22% (a)OK ②改OK
  run12 対象 設16% 金49% 討12% 打23% (a)OK ②改OK
  run13 対象 設17% 金46% 討11% 打26% (a)OK ②改OK
  run14 対象 設18% 金42% 討12% 打27% (a)OK ②改OK
  run15 対象 設18% 金40% 討12% 打30% (a)OK ②改OK
  run16 対象 設18% 金38% 討12% 打32% (a)OK ②改OK
  run17 対象 設18% 金37% 討11% 打34% (a)OK ②改OK
  run18 対象 設18% 金38% 討10% 打34% (a)NG ②改OK
  run19 対象 設18% 金38% 討10% 打35% (a)NG ②改OK
  run20 対象 設16% 金32% 討19% 打33% (a)OK ②改OK
  run21 対象 設16% 金28% 討21% 打35% (a)OK ②改OK
  run22 対象 設15% 金24% 討26% 打36% (a)OK ②改OK
  run23 対象 設14% 金24% 討26% 打36% (a)OK ②改OK
  run24 対象 設14% 金21% 討27% 打39% (a)OK ②改OK
  run25 対象 設13% 金23% 討25% 打39% (a)OK ②改OK
  run26 対象 設13% 金21% 討26% 打41% (a)OK ②改OK
  run27 対象 設12% 金21% 討26% 打41% (a)OK ②改OK
  run28 対象 設13% 金26% 討23% 打38% (a)OK ②改OK
  run29 対象 設13% 金25% 討24% 打38% (a)OK ②改OK
  run30 対象 設13% 金24% 討24% 打38% (a)OK ②改OK
  run31 対象 設13% 金23% 討23% 打41% (a)OK ②改OK
  run32 対象 設13% 金23% 討24% 打40% (a)OK ②改OK
  run33 対象 設21% 金29% 討45% 打5% (a)NG ②改OK
  run34 対象 設21% 金36% 討34% 打9% (a)NG ②改OK
  run35 対象 設21% 金33% 討36% 打10% (a)NG ②改OK
  run36 対象 設19% 金34% 討38% 打8% (a)NG ②改OK
  run37 対象 設21% 金33% 討37% 打9% (a)NG ②改OK
  run38 対象 設21% 金35% 討37% 打7% (a)NG ②改OK
  run39 対象 設20% 金34% 討36% 打10% (a)NG ②改OK
  run40 対象 設21% 金31% 討38% 打9% (a)NG ②改OK
  run41 対象 設22% 金22% 討49% 打7% (a)NG ②改OK
  run42 対象 設19% 金27% 討44% 打10% (a)OK ②改OK
  run43 対象 設18% 金26% 討45% 打11% (a)OK ②改OK
  run44 対象 設19% 金27% 討44% 打10% (a)OK ②改OK
  run45 対象 設17% 金25% 討47% 打10% (a)NG ②改OK
  run46 対象 設16% 金28% 討43% 打13% (a)OK ②改OK
  run47 対象 設16% 金26% 討45% 打13% (a)OK ②改OK
click(S2) ㉘(a) 25/48 ②改 47/48 | 前半中央値 設30 金26 討10 打35 | 後半中央値 設33 金15 討33 打16
  run 0 対象 設8% 金65% 討9% 打18% (a)NG ②改OK
  run 1 対象 設13% 金56% 討9% 打22% (a)NG ②改OK
  run 2 対象 設4% 金28% 討19% 打49% (a)OK ②改OK
  run 3 対象 設8% 金31% 討17% 打44% (a)OK ②改OK
  run 4 対象 設15% 金38% 討13% 打35% (a)OK ②改OK
  run 5 対象 設17% 金38% 討16% 打29% (a)NG ②改OK
  run 6 対象 設30% 金29% 討15% 打26% (a)NG ②改OK
  run 7 対象 設36% 金25% 討13% 打25% (a)NG ②改OK
  run 8 対象 設31% 金32% 討11% 打26% (a)NG ②改OK
  run 9 対象 設30% 金30% 討11% 打29% (a)NG ②改OK
  run10 対象 設34% 金28% 討10% 打28% (a)NG ②改OK
  run11 対象 設32% 金27% 討10% 打32% (a)OK ②改OK
  run12 対象 設34% 金26% 討10% 打31% (a)OK ②改OK
  run13 対象 設32% 金24% 討9% 打35% (a)OK ②改OK
  run14 対象 設33% 金23% 討9% 打34% (a)OK ②改OK
  run15 対象 設34% 金21% 討9% 打36% (a)OK ②改OK
  run16 対象 設33% 金21% 討8% 打38% (a)OK ②改OK
  run17 対象 設33% 金20% 討8% 打40% (a)OK ②改OK
  run18 対象 設30% 金20% 討8% 打42% (a)OK ②改OK
  run19 対象 設30% 金21% 討8% 打41% (a)OK ②改OK
  run20 対象 設27% 金18% 討13% 打42% (a)OK ②改OK
  run21 対象 設29% 金16% 討15% 打40% (a)OK ②改OK
  run22 対象 設28% 金14% 討17% 打41% (a)OK ②改OK
  run23 対象 設27% 金12% 討17% 打43% (a)OK ②改OK
  run24 対象 設24% 金13% 討17% 打46% (a)OK ②改OK
  run25 対象 設21% 金16% 討16% 打47% (a)OK ②改OK
  run26 対象 設21% 金14% 討16% 打49% (a)OK ②改OK
  run27 対象 設20% 金14% 討16% 打50% (a)OK ②改OK
  run28 対象 設20% 金12% 討17% 打50% (a)OK ②改OK
  run29 対象 設20% 金12% 討19% 打50% (a)OK ②改OK
  run30 対象 設20% 金12% 討19% 打49% (a)OK ②改OK
  run31 対象 設19% 金10% 討20% 打51% (a)OK ②改NG
  run32 対象 設22% 金15% 討18% 打45% (a)OK ②改OK
  run33 対象 設32% 金16% 討33% 打18% (a)NG ②改OK
  run34 対象 設32% 金16% 討34% 打17% (a)NG ②改OK
  run35 対象 設34% 金17% 討35% 打14% (a)NG ②改OK
  run36 対象 設32% 金17% 討34% 打16% (a)NG ②改OK
  run37 対象 設33% 金18% 討33% 打15% (a)NG ②改OK
  run38 対象 設33% 金17% 討33% 打16% (a)NG ②改OK
  run39 対象 設33% 金18% 討34% 打15% (a)NG ②改OK
  run40 対象 設36% 金19% 討33% 打13% (a)NG ②改OK
  run41 対象 設36% 金19% 討33% 打12% (a)NG ②改OK
  run42 対象 設36% 金17% 討33% 打14% (a)NG ②改OK
  run43 対象 設36% 金18% 討33% 打12% (a)NG ②改OK
  run44 対象 設35% 金13% 討36% 打15% (a)NG ②改OK
  run45 対象 設36% 金14% 討37% 打13% (a)NG ②改OK
  run46 対象 設36% 金15% 討37% 打12% (a)NG ②改OK
  run47 対象 設33% 金15% 討36% 打17% (a)NG ②改OK
合計(㉘(a) balanced+click): 57/96 ②改 47/48
